interpolation:linear
wavelength,value
280.0,0.03618
280.5,0.03618
281.0,0.03618
281.5,0.03618
282.0,0.03618
282.5,0.03618
283.0,0.03618
283.5,0.03618
284.0,0.03618
284.5,0.03618
285.0,0.03618
285.5,0.03618
286.0,0.03618
286.5,0.03618
287.0,0.03618
287.5,0.03618
288.0,0.03618
288.5,0.03618
289.0,0.03618
289.5,0.03618
290.0,0.03618
290.5,0.03618
291.0,0.03618
291.5,0.03618
292.0,0.03618
292.5,0.03618
293.0,0.03618
293.5,0.03618
294.0,0.03618
294.5,0.03618
295.0,0.03618
295.5,0.03618
296.0,0.03618
296.5,0.03618
297.0,0.03618
297.5,0.03618
298.0,0.03618
298.5,0.03618
299.0,0.03618
299.5,0.03618
300.0,0.03618
300.5,0.036
301.0,0.03583
301.5,0.03565
302.0,0.03548
302.5,0.0353
303.0,0.03513
303.5,0.03495
304.0,0.03478
304.5,0.0346
305.0,0.03443
305.5,0.03425
306.0,0.03408
306.5,0.0339
307.0,0.03372
307.5,0.03355
308.0,0.03337
308.5,0.0332
309.0,0.03302
309.5,0.03285
310.0,0.03267
310.5,0.0325
311.0,0.03232
311.5,0.03215
312.0,0.03197
312.5,0.0318
313.0,0.03162
313.5,0.03145
314.0,0.03127
314.5,0.0311
315.0,0.03092
315.5,0.03075
316.0,0.03057
316.5,0.0304
317.0,0.03022
317.5,0.03005
318.0,0.02987
318.5,0.0297
319.0,0.02952
319.5,0.02935
320.0,0.02917
320.5,0.02906
321.0,0.02894
321.5,0.02882
322.0,0.02871
322.5,0.02859
323.0,0.02847
323.5,0.02836
324.0,0.02824
324.5,0.02812
325.0,0.02801
325.5,0.02789
326.0,0.02777
326.5,0.02765
327.0,0.02754
327.5,0.02742
328.0,0.0273
328.5,0.02719
329.0,0.02707
329.5,0.02695
330.0,0.02684
330.5,0.02672
331.0,0.0266
331.5,0.02649
332.0,0.02637
332.5,0.02625
333.0,0.02614
333.5,0.02602
334.0,0.0259
334.5,0.02579
335.0,0.02567
335.5,0.02555
336.0,0.02544
336.5,0.02532
337.0,0.0252
337.5,0.02509
338.0,0.02497
338.5,0.02485
339.0,0.02474
339.5,0.02462
340.0,0.0245
340.5,0.02444
341.0,0.02439
341.5,0.02433
342.0,0.02427
342.5,0.02421
343.0,0.02415
343.5,0.02409
344.0,0.02404
344.5,0.02398
345.0,0.02392
345.5,0.02386
346.0,0.0238
346.5,0.02374
347.0,0.02369
347.5,0.02363
348.0,0.02357
348.5,0.02351
349.0,0.02345
349.5,0.02339
350.0,0.02334
350.5,0.02328
351.0,0.02322
351.5,0.02316
352.0,0.0231
352.5,0.02304
353.0,0.02299
353.5,0.02293
354.0,0.02287
354.5,0.02281
355.0,0.02275
355.5,0.02269
356.0,0.02263
356.5,0.02258
357.0,0.02252
357.5,0.02246
358.0,0.0224
358.5,0.02234
359.0,0.02228
359.5,0.02223
360.0,0.02217
360.5,0.02217
361.0,0.02217
361.5,0.02217
362.0,0.02217
362.5,0.02217
363.0,0.02217
363.5,0.02217
364.0,0.02217
364.5,0.02217
365.0,0.02217
365.5,0.02217
366.0,0.02217
366.5,0.02217
367.0,0.02217
367.5,0.02217
368.0,0.02217
368.5,0.02217
369.0,0.02217
369.5,0.02217
370.0,0.02217
370.5,0.02217
371.0,0.02217
371.5,0.02217
372.0,0.02217
372.5,0.02217
373.0,0.02217
373.5,0.02217
374.0,0.02217
374.5,0.02217
375.0,0.02217
375.5,0.02217
376.0,0.02217
376.5,0.02217
377.0,0.02217
377.5,0.02217
378.0,0.02217
378.5,0.02217
379.0,0.02217
379.5,0.02217
380.0,0.02217
380.5,0.02228
381.0,0.0224
381.5,0.02252
382.0,0.02263
382.5,0.02275
383.0,0.02287
383.5,0.02298
384.0,0.0231
384.5,0.02322
385.0,0.02333
385.5,0.02345
386.0,0.02357
386.5,0.02368
387.0,0.0238
387.5,0.02392
388.0,0.02403
388.5,0.02415
389.0,0.02427
389.5,0.02438
390.0,0.0245
390.5,0.02456
391.0,0.02462
391.5,0.02467
392.0,0.02473
392.5,0.02479
393.0,0.02485
393.5,0.02491
394.0,0.02496
394.5,0.02502
395.0,0.02508
395.5,0.02514
396.0,0.0252
396.5,0.02526
397.0,0.02531
397.5,0.02537
398.0,0.02543
398.5,0.02549
399.0,0.02555
399.5,0.02561
400.0,0.02566
401.0,0.0259
402.0,0.02613
403.0,0.02636
404.0,0.0266
405.0,0.02683
406.0,0.02706
407.0,0.0273
408.0,0.02753
409.0,0.02776
410.0,0.028
411.0,0.02811
412.0,0.02823
413.0,0.02835
414.0,0.02846
415.0,0.02858
416.0,0.0287
417.0,0.02881
418.0,0.02893
419.0,0.02905
420.0,0.02916
421.0,0.02928
422.0,0.02939
423.0,0.02951
424.0,0.02963
425.0,0.02974
426.0,0.02986
427.0,0.02998
428.0,0.03009
429.0,0.03021
430.0,0.03033
431.0,0.03044
432.0,0.03056
433.0,0.03068
434.0,0.03079
435.0,0.03091
436.0,0.03103
437.0,0.03114
438.0,0.03126
439.0,0.03138
440.0,0.03149
441.0,0.03149
442.0,0.03149
443.0,0.03149
444.0,0.03149
445.0,0.03149
446.0,0.03149
447.0,0.03149
448.0,0.03149
449.0,0.03149
450.0,0.03149
451.0,0.03149
452.0,0.03149
453.0,0.03149
454.0,0.03149
455.0,0.03149
456.0,0.03149
457.0,0.03149
458.0,0.03149
459.0,0.03149
460.0,0.03149
461.0,0.03161
462.0,0.03172
463.0,0.03184
464.0,0.03196
465.0,0.03207
466.0,0.03219
467.0,0.03231
468.0,0.03242
469.0,0.03254
470.0,0.03266
471.0,0.03289
472.0,0.03312
473.0,0.03336
474.0,0.03359
475.0,0.03382
476.0,0.03406
477.0,0.03429
478.0,0.03452
479.0,0.03476
480.0,0.03499
481.0,0.03522
482.0,0.03546
483.0,0.03569
484.0,0.03592
485.0,0.03615
486.0,0.03639
487.0,0.03662
488.0,0.03685
489.0,0.03709
490.0,0.03732
491.0,0.03744
492.0,0.03755
493.0,0.03767
494.0,0.03779
495.0,0.0379
496.0,0.03802
497.0,0.03814
498.0,0.03825
499.0,0.03837
500.0,0.03849
501.0,0.03907
502.0,0.03965
503.0,0.04024
504.0,0.04082
505.0,0.0414
506.0,0.04198
507.0,0.04257
508.0,0.04315
509.0,0.04373
510.0,0.04432
511.0,0.04513
512.0,0.04595
513.0,0.04677
514.0,0.04758
515.0,0.0484
516.0,0.04921
517.0,0.05003
518.0,0.05085
519.0,0.05166
520.0,0.05248
521.0,0.05341
522.0,0.05435
523.0,0.05528
524.0,0.05621
525.0,0.05714
526.0,0.05808
527.0,0.05901
528.0,0.05994
529.0,0.06088
530.0,0.06181
531.0,0.06239
532.0,0.06297
533.0,0.06356
534.0,0.06414
535.0,0.06472
536.0,0.06531
537.0,0.06589
538.0,0.06647
539.0,0.06706
540.0,0.06764
541.0,0.0681
542.0,0.06857
543.0,0.06904
544.0,0.0695
545.0,0.06997
546.0,0.07044
547.0,0.0709
548.0,0.07137
549.0,0.07184
550.0,0.0723
551.0,0.07254
552.0,0.07277
553.0,0.073
554.0,0.07324
555.0,0.07347
556.0,0.0737
557.0,0.07393
558.0,0.07417
559.0,0.0744
560.0,0.07463
561.0,0.07475
562.0,0.07487
563.0,0.07498
564.0,0.0751
565.0,0.07522
566.0,0.07533
567.0,0.07545
568.0,0.07557
569.0,0.07568
570.0,0.0758
571.0,0.07568
572.0,0.07557
573.0,0.07545
574.0,0.07533
575.0,0.07522
576.0,0.0751
577.0,0.07498
578.0,0.07487
579.0,0.07475
580.0,0.07463
581.0,0.07452
582.0,0.0744
583.0,0.07428
584.0,0.07417
585.0,0.07405
586.0,0.07393
587.0,0.07382
588.0,0.0737
589.0,0.07358
590.0,0.07347
591.0,0.073
592.0,0.07253
593.0,0.07207
594.0,0.0716
595.0,0.07113
596.0,0.07067
597.0,0.0702
598.0,0.06973
599.0,0.06927
600.0,0.0688
601.0,0.06857
602.0,0.06833
603.0,0.0681
604.0,0.06787
605.0,0.06763
606.0,0.0674
607.0,0.06717
608.0,0.06693
609.0,0.0667
610.0,0.06647
611.0,0.06589
612.0,0.0653
613.0,0.06472
614.0,0.06414
615.0,0.06355
616.0,0.06297
617.0,0.06239
618.0,0.0618
619.0,0.06122
620.0,0.06064
621.0,0.06029
622.0,0.05994
623.0,0.05959
624.0,0.05924
625.0,0.05889
626.0,0.05854
627.0,0.05819
628.0,0.05784
629.0,0.05749
630.0,0.05714
631.0,0.05679
632.0,0.05644
633.0,0.05609
634.0,0.05574
635.0,0.05539
636.0,0.05504
637.0,0.05469
638.0,0.05434
639.0,0.05399
640.0,0.05364
641.0,0.05341
642.0,0.05317
643.0,0.05294
644.0,0.05271
645.0,0.05247
646.0,0.05224
647.0,0.05201
648.0,0.05177
649.0,0.05154
650.0,0.05131
651.0,0.05107
652.0,0.05084
653.0,0.05061
654.0,0.05038
655.0,0.05014
656.0,0.04991
657.0,0.04968
658.0,0.04944
659.0,0.04921
660.0,0.04898
661.0,0.04886
662.0,0.04874
663.0,0.04863
664.0,0.04851
665.0,0.04839
666.0,0.04828
667.0,0.04816
668.0,0.04804
669.0,0.04793
670.0,0.04781
671.0,0.04781
672.0,0.04781
673.0,0.04781
674.0,0.04781
675.0,0.04781
676.0,0.04781
677.0,0.04781
678.0,0.04781
679.0,0.04781
680.0,0.04781
681.0,0.04781
682.0,0.04781
683.0,0.04781
684.0,0.04781
685.0,0.04781
686.0,0.04781
687.0,0.04781
688.0,0.04781
689.0,0.04781
690.0,0.04781
691.0,0.04804
692.0,0.04828
693.0,0.04851
694.0,0.04874
695.0,0.04898
696.0,0.04921
697.0,0.04944
698.0,0.04967
699.0,0.04991
700.0,0.05014
701.0,0.05072
702.0,0.05131
703.0,0.05189
704.0,0.05247
705.0,0.05306
706.0,0.05364
707.0,0.05422
708.0,0.05481
709.0,0.05539
710.0,0.05597
711.0,0.06017
712.0,0.06437
713.0,0.06856
714.0,0.07276
715.0,0.07696
716.0,0.08116
717.0,0.08536
718.0,0.08955
719.0,0.09375
720.0,0.09795
721.0,0.1033
722.0,0.1087
723.0,0.114
724.0,0.1194
725.0,0.1248
726.0,0.1301
727.0,0.1355
728.0,0.1409
729.0,0.1462
730.0,0.1516
731.0,0.1577
732.0,0.1637
733.0,0.1698
734.0,0.1758
735.0,0.1819
736.0,0.188
737.0,0.194
738.0,0.2001
739.0,0.2062
740.0,0.2122
741.0,0.2189
742.0,0.2255
743.0,0.2322
744.0,0.2388
745.0,0.2455
746.0,0.2521
747.0,0.2588
748.0,0.2654
749.0,0.272
750.0,0.2787
751.0,0.282
752.0,0.2852
753.0,0.2885
754.0,0.2917
755.0,0.295
756.0,0.2983
757.0,0.3015
758.0,0.3048
759.0,0.3081
760.0,0.3114
761.0,0.3147
762.0,0.3179
763.0,0.3212
764.0,0.3244
765.0,0.3277
766.0,0.3309
767.0,0.3342
768.0,0.3375
769.0,0.3407
770.0,0.344
771.0,0.346
772.0,0.348
773.0,0.3499
774.0,0.3519
775.0,0.3539
776.0,0.3559
777.0,0.3579
778.0,0.3598
779.0,0.3618
780.0,0.3638
781.0,0.365
782.0,0.3661
783.0,0.3673
784.0,0.3685
785.0,0.3696
786.0,0.3708
787.0,0.372
788.0,0.3731
789.0,0.3743
790.0,0.3755
791.0,0.3761
792.0,0.3766
793.0,0.3772
794.0,0.3778
795.0,0.3784
796.0,0.379
797.0,0.3796
798.0,0.3801
799.0,0.3807
800.0,0.3813
801.0,0.3813
802.0,0.3813
803.0,0.3813
804.0,0.3813
805.0,0.3813
806.0,0.3813
807.0,0.3813
808.0,0.3813
809.0,0.3813
810.0,0.3813
811.0,0.381
812.0,0.3806
813.0,0.3803
814.0,0.3799
815.0,0.3796
816.0,0.3792
817.0,0.3789
818.0,0.3785
819.0,0.3782
820.0,0.3778
821.0,0.3772
822.0,0.3766
823.0,0.3761
824.0,0.3755
825.0,0.3749
826.0,0.3743
827.0,0.3737
828.0,0.3731
829.0,0.3726
830.0,0.372
831.0,0.3714
832.0,0.3708
833.0,0.3702
834.0,0.3696
835.0,0.3691
836.0,0.3685
837.0,0.3679
838.0,0.3673
839.0,0.3667
840.0,0.3661
841.0,0.3661
842.0,0.3661
843.0,0.3661
844.0,0.3661
845.0,0.3661
846.0,0.3661
847.0,0.3661
848.0,0.3661
849.0,0.3661
850.0,0.3661
851.0,0.3666
852.0,0.3671
853.0,0.3675
854.0,0.368
855.0,0.3685
856.0,0.3689
857.0,0.3694
858.0,0.3699
859.0,0.3703
860.0,0.3708
861.0,0.3714
862.0,0.372
863.0,0.3726
864.0,0.3731
865.0,0.3737
866.0,0.3743
867.0,0.3749
868.0,0.3755
869.0,0.376
870.0,0.3766
871.0,0.3771
872.0,0.3776
873.0,0.378
874.0,0.3785
875.0,0.379
876.0,0.3794
877.0,0.3799
878.0,0.3804
879.0,0.3808
880.0,0.3813
881.0,0.3813
882.0,0.3813
883.0,0.3813
884.0,0.3813
885.0,0.3813
886.0,0.3813
887.0,0.3813
888.0,0.3813
889.0,0.3813
890.0,0.3813
891.0,0.3812
892.0,0.3811
893.0,0.3809
894.0,0.3808
895.0,0.3807
896.0,0.3806
897.0,0.3805
898.0,0.3804
899.0,0.3802
900.0,0.3801
901.0,0.3794
902.0,0.3787
903.0,0.378
904.0,0.3773
905.0,0.3766
906.0,0.3759
907.0,0.3752
908.0,0.3745
909.0,0.3738
910.0,0.3731
911.0,0.3724
912.0,0.3717
913.0,0.371
914.0,0.3703
915.0,0.3696
916.0,0.3689
917.0,0.3682
918.0,0.3675
919.0,0.3668
920.0,0.3661
921.0,0.3651
922.0,0.364
923.0,0.363
924.0,0.3619
925.0,0.3609
926.0,0.3598
927.0,0.3588
928.0,0.3577
929.0,0.3567
930.0,0.3556
931.0,0.3542
932.0,0.3528
933.0,0.3514
934.0,0.3501
935.0,0.3486
936.0,0.3473
937.0,0.3459
938.0,0.3445
939.0,0.3431
940.0,0.3417
941.0,0.3398
942.0,0.3379
943.0,0.3361
944.0,0.3342
945.0,0.3323
946.0,0.3305
947.0,0.3286
948.0,0.3267
949.0,0.3249
950.0,0.323
951.0,0.3215
952.0,0.32
953.0,0.3184
954.0,0.3169
955.0,0.3154
956.0,0.3139
957.0,0.3124
958.0,0.3109
959.0,0.3094
960.0,0.3078
961.0,0.3071
962.0,0.3064
963.0,0.3057
964.0,0.305
965.0,0.3043
966.0,0.3036
967.0,0.3029
968.0,0.3022
969.0,0.3015
970.0,0.3008
971.0,0.3017
972.0,0.3025
973.0,0.3033
974.0,0.3041
975.0,0.3049
976.0,0.3057
977.0,0.3065
978.0,0.3074
979.0,0.3082
980.0,0.309
981.0,0.3095
982.0,0.3099
983.0,0.3104
984.0,0.3109
985.0,0.3113
986.0,0.3118
987.0,0.3123
988.0,0.3127
989.0,0.3132
990.0,0.3137
991.0,0.3137
992.0,0.3137
993.0,0.3137
994.0,0.3137
995.0,0.3137
996.0,0.3137
997.0,0.3137
998.0,0.3137
999.0,0.3137
1000.0,0.3137
1001.0,0.3134
1002.0,0.3132
1003.0,0.313
1004.0,0.3127
1005.0,0.3125
1006.0,0.3123
1007.0,0.312
1008.0,0.3118
1009.0,0.3116
1010.0,0.3113
1011.0,0.311
1012.0,0.3106
1013.0,0.3103
1014.0,0.3099
1015.0,0.3096
1016.0,0.3092
1017.0,0.3089
1018.0,0.3085
1019.0,0.3082
1020.0,0.3078
1021.0,0.3074
1022.0,0.3069
1023.0,0.3064
1024.0,0.306
1025.0,0.3055
1026.0,0.305
1027.0,0.3046
1028.0,0.3041
1029.0,0.3036
1030.0,0.3032
1031.0,0.3027
1032.0,0.3022
1033.0,0.3018
1034.0,0.3013
1035.0,0.3008
1036.0,0.3004
1037.0,0.2999
1038.0,0.2994
1039.0,0.299
1040.0,0.2985
1041.0,0.2979
1042.0,0.2973
1043.0,0.2968
1044.0,0.2962
1045.0,0.2956
1046.0,0.295
1047.0,0.2944
1048.0,0.2938
1049.0,0.2933
1050.0,0.2927
1051.0,0.292
1052.0,0.2913
1053.0,0.2906
1054.0,0.2899
1055.0,0.2892
1056.0,0.2885
1057.0,0.2878
1058.0,0.2871
1059.0,0.2864
1060.0,0.2857
1061.0,0.2847
1062.0,0.2838
1063.0,0.2829
1064.0,0.2819
1065.0,0.281
1066.0,0.2801
1067.0,0.2791
1068.0,0.2782
1069.0,0.2773
1070.0,0.2763
1071.0,0.2755
1072.0,0.2747
1073.0,0.2739
1074.0,0.2731
1075.0,0.2723
1076.0,0.2715
1077.0,0.2706
1078.0,0.2698
1079.0,0.269
1080.0,0.2682
1081.0,0.2673
1082.0,0.2663
1083.0,0.2654
1084.0,0.2645
1085.0,0.2635
1086.0,0.2626
1087.0,0.2617
1088.0,0.2607
1089.0,0.2598
1090.0,0.2589
1091.0,0.2576
1092.0,0.2563
1093.0,0.255
1094.0,0.2537
1095.0,0.2524
1096.0,0.2512
1097.0,0.2499
1098.0,0.2486
1099.0,0.2473
1100.0,0.246
1101.0,0.2445
1102.0,0.243
1103.0,0.2415
1104.0,0.24
1105.0,0.2385
1106.0,0.2369
1107.0,0.2354
1108.0,0.2339
1109.0,0.2324
1110.0,0.2309
1111.0,0.2291
1112.0,0.2274
1113.0,0.2256
1114.0,0.2239
1115.0,0.2221
1116.0,0.2204
1117.0,0.2186
1118.0,0.2169
1119.0,0.2151
1120.0,0.2134
1121.0,0.2113
1122.0,0.2092
1123.0,0.2071
1124.0,0.205
1125.0,0.2029
1126.0,0.2008
1127.0,0.1987
1128.0,0.1966
1129.0,0.1945
1130.0,0.1924
1131.0,0.1901
1132.0,0.1877
1133.0,0.1854
1134.0,0.1831
1135.0,0.1807
1136.0,0.1784
1137.0,0.1761
1138.0,0.1737
1139.0,0.1714
1140.0,0.1691
1141.0,0.1679
1142.0,0.1667
1143.0,0.1656
1144.0,0.1644
1145.0,0.1632
1146.0,0.1621
1147.0,0.1609
1148.0,0.1597
1149.0,0.1586
1150.0,0.1574
1151.0,0.1569
1152.0,0.1565
1153.0,0.156
1154.0,0.1555
1155.0,0.1551
1156.0,0.1546
1157.0,0.1541
1158.0,0.1537
1159.0,0.1532
1160.0,0.1527
1161.0,0.1524
1162.0,0.152
1163.0,0.1517
1164.0,0.1513
1165.0,0.151
1166.0,0.1506
1167.0,0.1503
1168.0,0.15
1169.0,0.1496
1170.0,0.1493
1171.0,0.1491
1172.0,0.149
1173.0,0.1489
1174.0,0.1488
1175.0,0.1487
1176.0,0.1486
1177.0,0.1484
1178.0,0.1483
1179.0,0.1482
1180.0,0.1481
1181.0,0.1481
1182.0,0.1481
1183.0,0.1481
1184.0,0.1481
1185.0,0.1481
1186.0,0.1481
1187.0,0.1481
1188.0,0.1481
1189.0,0.1481
1190.0,0.1481
1191.0,0.1481
1192.0,0.1481
1193.0,0.1481
1194.0,0.1481
1195.0,0.1481
1196.0,0.1481
1197.0,0.1481
1198.0,0.1481
1199.0,0.1481
1200.0,0.1481
1201.0,0.1481
1202.0,0.1481
1203.0,0.1481
1204.0,0.1481
1205.0,0.1481
1206.0,0.1481
1207.0,0.1481
1208.0,0.1481
1209.0,0.1481
1210.0,0.1481
1211.0,0.1481
1212.0,0.1481
1213.0,0.1481
1214.0,0.1481
1215.0,0.1481
1216.0,0.1481
1217.0,0.1481
1218.0,0.1481
1219.0,0.1481
1220.0,0.1481
1221.0,0.1481
1222.0,0.1481
1223.0,0.1481
1224.0,0.1481
1225.0,0.1481
1226.0,0.1481
1227.0,0.1481
1228.0,0.1481
1229.0,0.1481
1230.0,0.1481
1231.0,0.1481
1232.0,0.1481
1233.0,0.1481
1234.0,0.1481
1235.0,0.1481
1236.0,0.1481
1237.0,0.1481
1238.0,0.1481
1239.0,0.1481
1240.0,0.1481
1241.0,0.1481
1242.0,0.1481
1243.0,0.1481
1244.0,0.1481
1245.0,0.1481
1246.0,0.1481
1247.0,0.1481
1248.0,0.1481
1249.0,0.1481
1250.0,0.1481
1251.0,0.1481
1252.0,0.1481
1253.0,0.1481
1254.0,0.1481
1255.0,0.1481
1256.0,0.1481
1257.0,0.1481
1258.0,0.1481
1259.0,0.1481
1260.0,0.1481
1261.0,0.1481
1262.0,0.1481
1263.0,0.1481
1264.0,0.1481
1265.0,0.1481
1266.0,0.1481
1267.0,0.1481
1268.0,0.1481
1269.0,0.1481
1270.0,0.1481
1271.0,0.1481
1272.0,0.1481
1273.0,0.1481
1274.0,0.1481
1275.0,0.1481
1276.0,0.1481
1277.0,0.1481
1278.0,0.1481
1279.0,0.1481
1280.0,0.1481
1281.0,0.1481
1282.0,0.1481
1283.0,0.1481
1284.0,0.1481
1285.0,0.1481
1286.0,0.1481
1287.0,0.1481
1288.0,0.1481
1289.0,0.1481
1290.0,0.1481
1291.0,0.1481
1292.0,0.1481
1293.0,0.1481
1294.0,0.1481
1295.0,0.1481
1296.0,0.1481
1297.0,0.1481
1298.0,0.1481
1299.0,0.1481
1300.0,0.1481
1301.0,0.1481
1302.0,0.1481
1303.0,0.1481
1304.0,0.1481
1305.0,0.1481
1306.0,0.1481
1307.0,0.1481
1308.0,0.1481
1309.0,0.1481
1310.0,0.1481
1311.0,0.1481
1312.0,0.1481
1313.0,0.1481
1314.0,0.1481
1315.0,0.1481
1316.0,0.1481
1317.0,0.1481
1318.0,0.1481
1319.0,0.1481
1320.0,0.1481
1321.0,0.1481
1322.0,0.1481
1323.0,0.1481
1324.0,0.1481
1325.0,0.1481
1326.0,0.1481
1327.0,0.1481
1328.0,0.1481
1329.0,0.1481
1330.0,0.1481
1331.0,0.1481
1332.0,0.1481
1333.0,0.1481
1334.0,0.1481
1335.0,0.1481
1336.0,0.1481
1337.0,0.1481
1338.0,0.1481
1339.0,0.1481
1340.0,0.1481
1341.0,0.1481
1342.0,0.1481
1343.0,0.1481
1344.0,0.1481
1345.0,0.1481
1346.0,0.1481
1347.0,0.1481
1348.0,0.1481
1349.0,0.1481
1350.0,0.1481
1351.0,0.1481
1352.0,0.1481
1353.0,0.1482
1354.0,0.1481
1355.0,0.1482
1356.0,0.1482
1357.0,0.1482
1358.0,0.1482
1359.0,0.1482
1360.0,0.1482
1361.0,0.1482
1362.0,0.1482
1363.0,0.1482
1364.0,0.1482
1365.0,0.1482
1366.0,0.1482
1367.0,0.1482
1368.0,0.1482
1369.0,0.1482
1370.0,0.1482
1371.0,0.1482
1372.0,0.1482
1373.0,0.1482
1374.0,0.1482
1375.0,0.1482
1376.0,0.1481
1377.0,0.1481
1378.0,0.1481
1379.0,0.1481
1380.0,0.1482
1381.0,0.1482
1382.0,0.1482
1383.0,0.1482
1384.0,0.1482
1385.0,0.1482
1386.0,0.1482
1387.0,0.1482
1388.0,0.1482
1389.0,0.1482
1390.0,0.1482
1391.0,0.1482
1392.0,0.1482
1393.0,0.1481
1394.0,0.1482
1395.0,0.1482
1396.0,0.1482
1397.0,0.1482
1398.0,0.1481
1399.0,0.1481
1400.0,0.1482
1401.0,0.1482
1402.0,0.1481
1403.0,0.1481
1404.0,0.1481
1405.0,0.1482
1406.0,0.1481
1407.0,0.1481
1408.0,0.1481
1409.0,0.1482
1410.0,0.1481
1411.0,0.1481
1412.0,0.1481
1413.0,0.1481
1414.0,0.1481
1415.0,0.1481
1416.0,0.1481
1417.0,0.1481
1418.0,0.1481
1419.0,0.1481
1420.0,0.1481
1421.0,0.1481
1422.0,0.1481
1423.0,0.1481
1424.0,0.1481
1425.0,0.1481
1426.0,0.1481
1427.0,0.1481
1428.0,0.1481
1429.0,0.1481
1430.0,0.1481
1431.0,0.1481
1432.0,0.1481
1433.0,0.1481
1434.0,0.1481
1435.0,0.1481
1436.0,0.1481
1437.0,0.1481
1438.0,0.1481
1439.0,0.1481
1440.0,0.1481
1441.0,0.1481
1442.0,0.1481
1443.0,0.1481
1444.0,0.1481
1445.0,0.1481
1446.0,0.1481
1447.0,0.1481
1448.0,0.1481
1449.0,0.1481
1450.0,0.1481
1451.0,0.1481
1452.0,0.1481
1453.0,0.1481
1454.0,0.1481
1455.0,0.1481
1456.0,0.1481
1457.0,0.1481
1458.0,0.1481
1459.0,0.1481
1460.0,0.1481
1461.0,0.1481
1462.0,0.1481
1463.0,0.1481
1464.0,0.1481
1465.0,0.1481
1466.0,0.1481
1467.0,0.1481
1468.0,0.1481
1469.0,0.1481
1470.0,0.1481
1471.0,0.1481
1472.0,0.1481
1473.0,0.1481
1474.0,0.1481
1475.0,0.1481
1476.0,0.1481
1477.0,0.1481
1478.0,0.1481
1479.0,0.1481
1480.0,0.1481
1481.0,0.1481
1482.0,0.1481
1483.0,0.1481
1484.0,0.1481
1485.0,0.1481
1486.0,0.1481
1487.0,0.1481
1488.0,0.1481
1489.0,0.1481
1490.0,0.1481
1491.0,0.1481
1492.0,0.1481
1493.0,0.1481
1494.0,0.1481
1495.0,0.1481
1496.0,0.1481
1497.0,0.1481
1498.0,0.1481
1499.0,0.1481
1500.0,0.1481
1501.0,0.1481
1502.0,0.1481
1503.0,0.1481
1504.0,0.1481
1505.0,0.1481
1506.0,0.1481
1507.0,0.1481
1508.0,0.1481
1509.0,0.1481
1510.0,0.1481
1511.0,0.1481
1512.0,0.1481
1513.0,0.1481
1514.0,0.1481
1515.0,0.1481
1516.0,0.1481
1517.0,0.1481
1518.0,0.1481
1519.0,0.1481
1520.0,0.1481
1521.0,0.1481
1522.0,0.1481
1523.0,0.1481
1524.0,0.1481
1525.0,0.1481
1526.0,0.1481
1527.0,0.1481
1528.0,0.1481
1529.0,0.1481
1530.0,0.1481
1531.0,0.1481
1532.0,0.1481
1533.0,0.1481
1534.0,0.1481
1535.0,0.1481
1536.0,0.1481
1537.0,0.1481
1538.0,0.1481
1539.0,0.1481
1540.0,0.1481
1541.0,0.1481
1542.0,0.1481
1543.0,0.1481
1544.0,0.1481
1545.0,0.1481
1546.0,0.1481
1547.0,0.1481
1548.0,0.1481
1549.0,0.1481
1550.0,0.1481
1551.0,0.1481
1552.0,0.1481
1553.0,0.1481
1554.0,0.1481
1555.0,0.1481
1556.0,0.1481
1557.0,0.1481
1558.0,0.1481
1559.0,0.1481
1560.0,0.1481
1561.0,0.1481
1562.0,0.1481
1563.0,0.1481
1564.0,0.1481
1565.0,0.1481
1566.0,0.1481
1567.0,0.1481
1568.0,0.1481
1569.0,0.1481
1570.0,0.1481
1571.0,0.1481
1572.0,0.1481
1573.0,0.1481
1574.0,0.1481
1575.0,0.1481
1576.0,0.1481
1577.0,0.1481
1578.0,0.1481
1579.0,0.1481
1580.0,0.1481
1581.0,0.1481
1582.0,0.1481
1583.0,0.1481
1584.0,0.1481
1585.0,0.1481
1586.0,0.1481
1587.0,0.1481
1588.0,0.1481
1589.0,0.1481
1590.0,0.1481
1591.0,0.1481
1592.0,0.1481
1593.0,0.1481
1594.0,0.1481
1595.0,0.1481
1596.0,0.1481
1597.0,0.1481
1598.0,0.1481
1599.0,0.1481
1600.0,0.1481
1601.0,0.1481
1602.0,0.1481
1603.0,0.1481
1604.0,0.1481
1605.0,0.1481
1606.0,0.1481
1607.0,0.1481
1608.0,0.1481
1609.0,0.1481
1610.0,0.1481
1611.0,0.1481
1612.0,0.1481
1613.0,0.1481
1614.0,0.1481
1615.0,0.1481
1616.0,0.1481
1617.0,0.1481
1618.0,0.1481
1619.0,0.1481
1620.0,0.1481
1621.0,0.1481
1622.0,0.1481
1623.0,0.1481
1624.0,0.1481
1625.0,0.1481
1626.0,0.1481
1627.0,0.1481
1628.0,0.1481
1629.0,0.1481
1630.0,0.1481
1631.0,0.1481
1632.0,0.1481
1633.0,0.1481
1634.0,0.1481
1635.0,0.1481
1636.0,0.1481
1637.0,0.1481
1638.0,0.1481
1639.0,0.1481
1640.0,0.1481
1641.0,0.1481
1642.0,0.1481
1643.0,0.1481
1644.0,0.1481
1645.0,0.1481
1646.0,0.1481
1647.0,0.1481
1648.0,0.1481
1649.0,0.1481
1650.0,0.1481
1651.0,0.1481
1652.0,0.1481
1653.0,0.1481
1654.0,0.1481
1655.0,0.1481
1656.0,0.1481
1657.0,0.1481
1658.0,0.1481
1659.0,0.1481
1660.0,0.1481
1661.0,0.1481
1662.0,0.1481
1663.0,0.1481
1664.0,0.1481
1665.0,0.1481
1666.0,0.1481
1667.0,0.1481
1668.0,0.1481
1669.0,0.1481
1670.0,0.1481
1671.0,0.1481
1672.0,0.1481
1673.0,0.1481
1674.0,0.1481
1675.0,0.1481
1676.0,0.1481
1677.0,0.1481
1678.0,0.1481
1679.0,0.1481
1680.0,0.1481
1681.0,0.1481
1682.0,0.1481
1683.0,0.1481
1684.0,0.1481
1685.0,0.1481
1686.0,0.1481
1687.0,0.1481
1688.0,0.1481
1689.0,0.1481
1690.0,0.1481
1691.0,0.1481
1692.0,0.1481
1693.0,0.1481
1694.0,0.1481
1695.0,0.1481
1696.0,0.1481
1697.0,0.1481
1698.0,0.1481
1699.0,0.1481
1700.0,0.1481
1702.0,0.1481
1705.0,0.1481
1710.0,0.1481
1715.0,0.1481
1720.0,0.1481
1725.0,0.1481
1730.0,0.1481
1735.0,0.1481
1740.0,0.1481
1745.0,0.1481
1750.0,0.1481
1755.0,0.1481
1760.0,0.1481
1765.0,0.1481
1770.0,0.1481
1775.0,0.1481
1780.0,0.1481
1785.0,0.1481
1790.0,0.1481
1795.0,0.1481
1800.0,0.1481
1805.0,0.1481
1810.0,0.1481
1815.0,0.1481
1820.0,0.1481
1825.0,0.1481
1830.0,0.1482
1835.0,0.1481
1840.0,0.1482
1845.0,0.1482
1850.0,0.1482
1855.0,0.1482
1860.0,0.1481
1865.0,0.1482
1870.0,0.1482
1875.0,0.1482
1880.0,0.1481
1885.0,0.1481
1890.0,0.1481
1895.0,0.1481
1900.0,0.1482
1905.0,0.1482
1910.0,0.1482
1915.0,0.1481
1920.0,0.1481
1925.0,0.1481
1930.0,0.1481
1935.0,0.1481
1940.0,0.1481
1945.0,0.1481
1950.0,0.1481
1955.0,0.1481
1960.0,0.1481
1965.0,0.1481
1970.0,0.1481
1975.0,0.1481
1980.0,0.1481
1985.0,0.1481
1990.0,0.1481
1995.0,0.1481
2000.0,0.1481
2005.0,0.1481
2010.0,0.1481
2015.0,0.1481
2020.0,0.1481
2025.0,0.1481
2030.0,0.1481
2035.0,0.1481
2040.0,0.1481
2045.0,0.1481
2050.0,0.1481
2055.0,0.1481
2060.0,0.1481
2065.0,0.1481
2070.0,0.1481
2075.0,0.1481
2080.0,0.1481
2085.0,0.1481
2090.0,0.1481
2095.0,0.1481
2100.0,0.1481
2105.0,0.1481
2110.0,0.1481
2115.0,0.1481
2120.0,0.1481
2125.0,0.1481
2130.0,0.1481
2135.0,0.1481
2140.0,0.1481
2145.0,0.1481
2150.0,0.1481
2155.0,0.1481
2160.0,0.1481
2165.0,0.1481
2170.0,0.1481
2175.0,0.1481
2180.0,0.1481
2185.0,0.1481
2190.0,0.1481
2195.0,0.1481
2200.0,0.1481
2205.0,0.1481
2210.0,0.1481
2215.0,0.1481
2220.0,0.1481
2225.0,0.1481
2230.0,0.1481
2235.0,0.1481
2240.0,0.1481
2245.0,0.1481
2250.0,0.1481
2255.0,0.1481
2260.0,0.1481
2265.0,0.1481
2270.0,0.1481
2275.0,0.1481
2280.0,0.1481
2285.0,0.1481
2290.0,0.1481
2295.0,0.1481
2300.0,0.1481
2305.0,0.1481
2310.0,0.1481
2315.0,0.1481
2320.0,0.1481
2325.0,0.1481
2330.0,0.1481
2335.0,0.1481
2340.0,0.1481
2345.0,0.1481
2350.0,0.1481
2355.0,0.1481
2360.0,0.1481
2365.0,0.1481
2370.0,0.1481
2375.0,0.1481
2380.0,0.1481
2385.0,0.1481
2390.0,0.1481
2395.0,0.1481
2400.0,0.1481
2405.0,0.1481
2410.0,0.1481
2415.0,0.1481
2420.0,0.1481
2425.0,0.1481
2430.0,0.1481
2435.0,0.1481
2440.0,0.1481
2445.0,0.1481
2450.0,0.1481
2455.0,0.1481
2460.0,0.1481
2465.0,0.1481
2470.0,0.1481
2475.0,0.1481
2480.0,0.1481
2485.0,0.1481
2490.0,0.1481
2495.0,0.1481
2500.0,0.1481
2505.0,0.1481
2510.0,0.1481
2515.0,0.1481
2520.0,0.1481
2525.0,0.1481
2530.0,0.1482
2535.0,0.1482
2540.0,0.1482
2545.0,0.1482
2550.0,0.1482
2555.0,0.1482
2560.0,0.1482
2565.0,0.1482
2570.0,0.1482
2575.0,0.2063
2580.0,0.1482
2585.0,0.2063
2590.0,0.2063
2595.0,0.2063
2600.0,0.2063
2605.0,0.2063
2610.0,0.2063
2615.0,0.2063
2620.0,0.2063
2625.0,0.2063
2630.0,0.2063
2635.0,0.1482
2640.0,0.1482
2645.0,0.1482
2650.0,0.1482
2655.0,0.2063
2660.0,0.2063
2665.0,0.2063
2670.0,0.2063
2675.0,0.2063
2680.0,0.2063
2685.0,0.2063
2690.0,0.2063
2695.0,0.2063
2700.0,0.1482
2705.0,0.1482
2710.0,0.2063
2715.0,0.1482
2720.0,0.2063
2725.0,0.1482
2730.0,0.1482
2735.0,0.1482
2740.0,0.2063
2745.0,0.1482
2750.0,0.1482
2755.0,0.1482
2760.0,0.1482
2765.0,0.1482
2770.0,0.1482
2775.0,0.1482
2780.0,0.1482
2785.0,0.1482
2790.0,0.1482
2795.0,0.1482
2800.0,0.1482
2805.0,0.1482
2810.0,0.1482
2815.0,0.1482
2820.0,0.1482
2825.0,0.1482
2830.0,0.1481
2835.0,0.1482
2840.0,0.1481
2845.0,0.1481
2850.0,0.1482
2855.0,0.1481
2860.0,0.1481
2865.0,0.1481
2870.0,0.1481
2875.0,0.1481
2880.0,0.1481
2885.0,0.1481
2890.0,0.1481
2895.0,0.1481
2900.0,0.1481
2905.0,0.1481
2910.0,0.1481
2915.0,0.1481
2920.0,0.1481
2925.0,0.1481
2930.0,0.1481
2935.0,0.1481
2940.0,0.1481
2945.0,0.1481
2950.0,0.1481
2955.0,0.1481
2960.0,0.1481
2965.0,0.1481
2970.0,0.1481
2975.0,0.1481
2980.0,0.1481
2985.0,0.1481
2990.0,0.1481
2995.0,0.1481
3000.0,0.1481
3005.0,0.1481
3010.0,0.1481
3015.0,0.1481
3020.0,0.1481
3025.0,0.1481
3030.0,0.1481
3035.0,0.1481
3040.0,0.1481
3045.0,0.1481
3050.0,0.1481
3055.0,0.1481
3060.0,0.1481
3065.0,0.1481
3070.0,0.1481
3075.0,0.1481
3080.0,0.1481
3085.0,0.1481
3090.0,0.1481
3095.0,0.1481
3100.0,0.1481
3105.0,0.1481
3110.0,0.1481
3115.0,0.1481
3120.0,0.1481
3125.0,0.1481
3130.0,0.1481
3135.0,0.1481
3140.0,0.1481
3145.0,0.1481
3150.0,0.1481
3155.0,0.1481
3160.0,0.1481
3165.0,0.1481
3170.0,0.1481
3175.0,0.1481
3180.0,0.1481
3185.0,0.1481
3190.0,0.1481
3195.0,0.1481
3200.0,0.1481
3205.0,0.1481
3210.0,0.1481
3215.0,0.1481
3220.0,0.1481
3225.0,0.1481
3230.0,0.1481
3235.0,0.1481
3240.0,0.1481
3245.0,0.1481
3250.0,0.1481
3255.0,0.1481
3260.0,0.1481
3265.0,0.1481
3270.0,0.1481
3275.0,0.1481
3280.0,0.1481
3285.0,0.1481
3290.0,0.1481
3295.0,0.1481
3300.0,0.1481
3305.0,0.1481
3310.0,0.1481
3315.0,0.1481
3320.0,0.1481
3325.0,0.1481
3330.0,0.1481
3335.0,0.1481
3340.0,0.1481
3345.0,0.1481
3350.0,0.1481
3355.0,0.1481
3360.0,0.1481
3365.0,0.1481
3370.0,0.1481
3375.0,0.1481
3380.0,0.1481
3385.0,0.1481
3390.0,0.1481
3395.0,0.1481
3400.0,0.1481
3405.0,0.1481
3410.0,0.1481
3415.0,0.1481
3420.0,0.1481
3425.0,0.1481
3430.0,0.1481
3435.0,0.1481
3440.0,0.1481
3445.0,0.1481
3450.0,0.1481
3455.0,0.1481
3460.0,0.1481
3465.0,0.1481
3470.0,0.1481
3475.0,0.1481
3480.0,0.1481
3485.0,0.1481
3490.0,0.1481
3495.0,0.1481
3500.0,0.1481
3505.0,0.1481
3510.0,0.1481
3515.0,0.1481
3520.0,0.1481
3525.0,0.1481
3530.0,0.1481
3535.0,0.1481
3540.0,0.1481
3545.0,0.1481
3550.0,0.1481
3555.0,0.1481
3560.0,0.1481
3565.0,0.1481
3570.0,0.1481
3575.0,0.1481
3580.0,0.1481
3585.0,0.1481
3590.0,0.1481
3595.0,0.1481
3600.0,0.1481
3605.0,0.1481
3610.0,0.1481
3615.0,0.1481
3620.0,0.1481
3625.0,0.1481
3630.0,0.1481
3635.0,0.1481
3640.0,0.1481
3645.0,0.1481
3650.0,0.1481
3655.0,0.1481
3660.0,0.1481
3665.0,0.1481
3670.0,0.1481
3675.0,0.1481
3680.0,0.1481
3685.0,0.1481
3690.0,0.1481
3695.0,0.1481
3700.0,0.1481
3705.0,0.1481
3710.0,0.1481
3715.0,0.1481
3720.0,0.1481
3725.0,0.1481
3730.0,0.1481
3735.0,0.1481
3740.0,0.1481
3745.0,0.1481
3750.0,0.1481
3755.0,0.1481
3760.0,0.1481
3765.0,0.1481
3770.0,0.1481
3775.0,0.1481
3780.0,0.1481
3785.0,0.1481
3790.0,0.1481
3795.0,0.1481
3800.0,0.1481
3805.0,0.1481
3810.0,0.1481
3815.0,0.1481
3820.0,0.1481
3825.0,0.1481
3830.0,0.1481
3835.0,0.1481
3840.0,0.1481
3845.0,0.1481
3850.0,0.1481
3855.0,0.1481
3860.0,0.1481
3865.0,0.1481
3870.0,0.1481
3875.0,0.1481
3880.0,0.1481
3885.0,0.1481
3890.0,0.1481
3895.0,0.1481
3900.0,0.1481
3905.0,0.1481
3910.0,0.1481
3915.0,0.1481
3920.0,0.1481
3925.0,0.1481
3930.0,0.1481
3935.0,0.1481
3940.0,0.1481
3945.0,0.1481
3950.0,0.1481
3955.0,0.1481
3960.0,0.1481
3965.0,0.1481
3970.0,0.1481
3975.0,0.1481
3980.0,0.1481
3985.0,0.1481
3990.0,0.1481
3995.0,0.1481
4000.0,0.1481
