interpolation:linear
wavelength,value
280.0,0.03189
280.5,0.03179
281.0,0.03173
281.5,0.03164
282.0,0.03157
282.5,0.03151
283.0,0.03144
283.5,0.03139
284.0,0.03131
284.5,0.03126
285.0,0.03203
285.5,0.03215
286.0,0.03216
286.5,0.03228
287.0,0.03236
287.5,0.03253
288.0,0.03214
288.5,0.03216
289.0,0.03219
289.5,0.03225
290.0,0.03228
290.5,0.0323
291.0,0.03235
291.5,0.03248
292.0,0.03234
292.5,0.03226
293.0,0.03219
293.5,0.03215
294.0,0.03205
294.5,0.03268
295.0,0.03278
295.5,0.03237
296.0,0.03244
296.5,0.0325
297.0,0.03256
297.5,0.03264
298.0,0.03272
298.5,0.03277
299.0,0.03282
299.5,0.03292
300.0,0.03297
300.5,0.03286
301.0,0.03278
301.5,0.03269
302.0,0.03255
302.5,0.03236
303.0,0.03217
303.5,0.03199
304.0,0.03182
304.5,0.03166
305.0,0.03151
305.5,0.03135
306.0,0.03118
306.5,0.03101
307.0,0.03086
307.5,0.03071
308.0,0.03054
308.5,0.03037
309.0,0.03038
309.5,0.03017
310.0,0.02999
310.5,0.02981
311.0,0.02963
311.5,0.02945
312.0,0.02927
312.5,0.02909
313.0,0.02891
313.5,0.02874
314.0,0.02856
314.5,0.02839
315.0,0.02822
315.5,0.02804
316.0,0.02787
316.5,0.0277
317.0,0.02753
317.5,0.02736
318.0,0.02719
318.5,0.02702
319.0,0.02686
319.5,0.02668
320.0,0.02651
320.5,0.0264
321.0,0.02629
321.5,0.02617
322.0,0.02605
322.5,0.02593
323.0,0.02582
323.5,0.02579
324.0,0.02568
324.5,0.02555
325.0,0.02535
325.5,0.02525
326.0,0.02521
326.5,0.02511
327.0,0.02499
327.5,0.02486
328.0,0.02473
328.5,0.02463
329.0,0.02453
329.5,0.02442
330.0,0.0243
330.5,0.02418
331.0,0.02406
331.5,0.02395
332.0,0.02385
332.5,0.02374
333.0,0.02362
333.5,0.02349
334.0,0.02338
334.5,0.02327
335.0,0.02316
335.5,0.02312
336.0,0.02301
336.5,0.02282
337.0,0.0227
337.5,0.02259
338.0,0.02248
338.5,0.02243
339.0,0.0223
339.5,0.02219
340.0,0.02203
340.5,0.02196
341.0,0.02195
341.5,0.02187
342.0,0.02181
342.5,0.02174
343.0,0.02169
343.5,0.02164
344.0,0.02154
344.5,0.02154
345.0,0.02145
345.5,0.02138
346.0,0.02132
346.5,0.02126
347.0,0.02121
347.5,0.02115
348.0,0.02108
348.5,0.02101
349.0,0.02095
349.5,0.0209
350.0,0.02084
350.5,0.02078
351.0,0.02072
351.5,0.02067
352.0,0.02061
352.5,0.02054
353.0,0.02048
353.5,0.02042
354.0,0.02036
354.5,0.0203
355.0,0.02024
355.5,0.02019
356.0,0.02013
356.5,0.02007
357.0,0.02001
357.5,0.01995
358.0,0.01989
358.5,0.01983
359.0,0.01978
359.5,0.01972
360.0,0.01966
360.5,0.01965
361.0,0.01965
361.5,0.01964
362.0,0.01964
362.5,0.01963
363.0,0.01962
363.5,0.01962
364.0,0.01961
364.5,0.01961
365.0,0.0196
365.5,0.0196
366.0,0.01959
366.5,0.01958
367.0,0.01958
367.5,0.01957
368.0,0.01957
368.5,0.01956
369.0,0.01956
369.5,0.01955
370.0,0.01955
370.5,0.01954
371.0,0.01953
371.5,0.01953
372.0,0.01952
372.5,0.01952
373.0,0.01951
373.5,0.01951
374.0,0.0195
374.5,0.0195
375.0,0.01949
375.5,0.01949
376.0,0.01948
376.5,0.01948
377.0,0.01947
377.5,0.01947
378.0,0.01946
378.5,0.01946
379.0,0.01945
379.5,0.01945
380.0,0.01944
380.5,0.01954
381.0,0.01964
381.5,0.01973
382.0,0.01983
382.5,0.01993
383.0,0.02003
383.5,0.02013
384.0,0.02022
384.5,0.02032
385.0,0.02042
385.5,0.02052
386.0,0.02061
386.5,0.02071
387.0,0.02081
387.5,0.0209
388.0,0.021
388.5,0.0211
389.0,0.0212
389.5,0.02129
390.0,0.02139
390.5,0.02144
391.0,0.02148
391.5,0.02153
392.0,0.02158
392.5,0.02162
393.0,0.02167
393.5,0.02171
394.0,0.02176
394.5,0.02181
395.0,0.02185
395.5,0.0219
396.0,0.02195
396.5,0.02199
397.0,0.02204
397.5,0.02208
398.0,0.02213
398.5,0.02218
399.0,0.02222
399.5,0.02227
400.0,0.02232
401.0,0.02248
402.0,0.02268
403.0,0.02287
404.0,0.02306
405.0,0.02326
406.0,0.02345
407.0,0.02364
408.0,0.02384
409.0,0.02403
410.0,0.02423
411.0,0.02432
412.0,0.02441
413.0,0.0245
414.0,0.0246
415.0,0.02469
416.0,0.02478
417.0,0.02487
418.0,0.02497
419.0,0.02506
420.0,0.02515
421.0,0.02524
422.0,0.02534
423.0,0.02543
424.0,0.02552
425.0,0.02562
426.0,0.02571
427.0,0.0258
428.0,0.02589
429.0,0.02599
430.0,0.02608
431.0,0.02617
432.0,0.02627
433.0,0.02636
434.0,0.02645
435.0,0.02655
436.0,0.02664
437.0,0.02673
438.0,0.02683
439.0,0.02692
440.0,0.02701
441.0,0.027
442.0,0.027
443.0,0.02699
444.0,0.02698
445.0,0.02698
446.0,0.02697
447.0,0.02696
448.0,0.02696
449.0,0.02695
450.0,0.02695
451.0,0.02694
452.0,0.02693
453.0,0.02693
454.0,0.02692
455.0,0.02692
456.0,0.02691
457.0,0.0269
458.0,0.0269
459.0,0.02689
460.0,0.02689
461.0,0.02698
462.0,0.02707
463.0,0.02717
464.0,0.02726
465.0,0.02736
466.0,0.02745
467.0,0.02755
468.0,0.02764
469.0,0.02773
470.0,0.02783
471.0,0.02802
472.0,0.02822
473.0,0.02841
474.0,0.0286
475.0,0.0288
476.0,0.02899
477.0,0.02918
478.0,0.02938
479.0,0.02957
480.0,0.02976
481.0,0.02996
482.0,0.03015
483.0,0.03034
484.0,0.03054
485.0,0.03073
486.0,0.03093
487.0,0.03112
488.0,0.03131
489.0,0.03151
490.0,0.0317
491.0,0.03179
492.0,0.03189
493.0,0.03198
494.0,0.03208
495.0,0.03217
496.0,0.03226
497.0,0.03236
498.0,0.03245
499.0,0.03255
500.0,0.03264
501.0,0.03313
502.0,0.03362
503.0,0.03411
504.0,0.0346
505.0,0.03509
506.0,0.03558
507.0,0.03607
508.0,0.03656
509.0,0.03705
510.0,0.03754
511.0,0.03823
512.0,0.03892
513.0,0.0396
514.0,0.04029
515.0,0.04098
516.0,0.04166
517.0,0.04235
518.0,0.04304
519.0,0.04372
520.0,0.04441
521.0,0.04519
522.0,0.04598
523.0,0.04676
524.0,0.04755
525.0,0.04833
526.0,0.04912
527.0,0.0499
528.0,0.05068
529.0,0.05147
530.0,0.05225
531.0,0.05274
532.0,0.05323
533.0,0.05371
534.0,0.0542
535.0,0.05469
536.0,0.05518
537.0,0.05566
538.0,0.05615
539.0,0.05664
540.0,0.05713
541.0,0.05752
542.0,0.0579
543.0,0.05829
544.0,0.05868
545.0,0.05907
546.0,0.05946
547.0,0.05985
548.0,0.06024
549.0,0.06063
550.0,0.06101
551.0,0.06121
552.0,0.0614
553.0,0.06159
554.0,0.06178
555.0,0.06197
556.0,0.06216
557.0,0.06235
558.0,0.06255
559.0,0.06274
560.0,0.06293
561.0,0.06302
562.0,0.06312
563.0,0.06321
564.0,0.0633
565.0,0.06339
566.0,0.06349
567.0,0.06358
568.0,0.06367
569.0,0.06376
570.0,0.06386
571.0,0.06376
572.0,0.06365
573.0,0.06355
574.0,0.06345
575.0,0.06334
576.0,0.06324
577.0,0.06314
578.0,0.06304
579.0,0.06293
580.0,0.06283
581.0,0.06273
582.0,0.06263
583.0,0.06253
584.0,0.06243
585.0,0.06232
586.0,0.06222
587.0,0.06212
588.0,0.06201
589.0,0.06191
590.0,0.06181
591.0,0.06141
592.0,0.06101
593.0,0.06062
594.0,0.06022
595.0,0.05982
596.0,0.05943
597.0,0.05904
598.0,0.05864
599.0,0.05825
600.0,0.05785
601.0,0.05765
602.0,0.05745
603.0,0.05725
604.0,0.05705
605.0,0.05686
606.0,0.05666
607.0,0.05646
608.0,0.05626
609.0,0.05606
610.0,0.05586
611.0,0.05537
612.0,0.05488
613.0,0.05438
614.0,0.05389
615.0,0.0534
616.0,0.0529
617.0,0.05241
618.0,0.05192
619.0,0.05143
620.0,0.05093
621.0,0.05064
622.0,0.05034
623.0,0.05004
624.0,0.04975
625.0,0.04945
626.0,0.04916
627.0,0.04886
628.0,0.04856
629.0,0.04827
630.0,0.04797
631.0,0.04768
632.0,0.04738
633.0,0.04708
634.0,0.04679
635.0,0.04649
636.0,0.0462
637.0,0.0459
638.0,0.04561
639.0,0.04531
640.0,0.04502
641.0,0.04482
642.0,0.04462
643.0,0.04443
644.0,0.04423
645.0,0.04403
646.0,0.04383
647.0,0.04363
648.0,0.04344
649.0,0.04324
650.0,0.04304
651.0,0.04285
652.0,0.04265
653.0,0.04245
654.0,0.04225
655.0,0.04206
656.0,0.04186
657.0,0.04166
658.0,0.04147
659.0,0.04127
660.0,0.04107
661.0,0.04097
662.0,0.04087
663.0,0.04077
664.0,0.04068
665.0,0.04058
666.0,0.04048
667.0,0.04038
668.0,0.04028
669.0,0.04018
670.0,0.04008
671.0,0.04008
672.0,0.04008
673.0,0.04008
674.0,0.04008
675.0,0.04008
676.0,0.04008
677.0,0.04007
678.0,0.04007
679.0,0.04007
680.0,0.04007
681.0,0.04007
682.0,0.04007
683.0,0.04007
684.0,0.04007
685.0,0.04006
686.0,0.04006
687.0,0.04004
688.0,0.04005
689.0,0.04005
690.0,0.04005
691.0,0.04025
692.0,0.04044
693.0,0.04064
694.0,0.04083
695.0,0.04103
696.0,0.04122
697.0,0.04142
698.0,0.04161
699.0,0.04181
700.0,0.042
701.0,0.04249
702.0,0.04297
703.0,0.04346
704.0,0.04395
705.0,0.04444
706.0,0.04493
707.0,0.04541
708.0,0.0459
709.0,0.04639
710.0,0.04688
711.0,0.05039
712.0,0.05391
713.0,0.05742
714.0,0.06094
715.0,0.06445
716.0,0.06797
717.0,0.07147
718.0,0.07498
719.0,0.07849
720.0,0.08201
721.0,0.08651
722.0,0.09101
723.0,0.0955
724.0,0.09998
725.0,0.1045
726.0,0.109
727.0,0.1135
728.0,0.1179
729.0,0.1224
730.0,0.1269
731.0,0.132
732.0,0.1371
733.0,0.1422
734.0,0.1473
735.0,0.1523
736.0,0.1574
737.0,0.1625
738.0,0.1676
739.0,0.1727
740.0,0.1777
741.0,0.1833
742.0,0.1889
743.0,0.1945
744.0,0.2
745.0,0.2056
746.0,0.2112
747.0,0.2167
748.0,0.2223
749.0,0.2279
750.0,0.2334
751.0,0.2362
752.0,0.2389
753.0,0.2416
754.0,0.2444
755.0,0.2471
756.0,0.2498
757.0,0.2526
758.0,0.2553
759.0,0.258
760.0,0.2602
761.0,0.2628
762.0,0.266
763.0,0.2685
764.0,0.2713
765.0,0.2742
766.0,0.277
767.0,0.2798
768.0,0.2826
769.0,0.2853
770.0,0.2881
771.0,0.2897
772.0,0.2914
773.0,0.293
774.0,0.2947
775.0,0.2964
776.0,0.298
777.0,0.2997
778.0,0.3013
779.0,0.303
780.0,0.3046
781.0,0.3056
782.0,0.3066
783.0,0.3075
784.0,0.3085
785.0,0.3095
786.0,0.3105
787.0,0.3114
788.0,0.3124
789.0,0.3134
790.0,0.3143
791.0,0.3148
792.0,0.3153
793.0,0.3158
794.0,0.3163
795.0,0.3168
796.0,0.3172
797.0,0.3177
798.0,0.3182
799.0,0.3187
800.0,0.3192
801.0,0.3192
802.0,0.3191
803.0,0.3191
804.0,0.3191
805.0,0.3191
806.0,0.3191
807.0,0.3191
808.0,0.3191
809.0,0.3191
810.0,0.3191
811.0,0.3188
812.0,0.3185
813.0,0.3182
814.0,0.3178
815.0,0.3176
816.0,0.3172
817.0,0.3169
818.0,0.3166
819.0,0.3164
820.0,0.3161
821.0,0.3156
822.0,0.3151
823.0,0.3145
824.0,0.3141
825.0,0.3136
826.0,0.3131
827.0,0.3127
828.0,0.3121
829.0,0.3117
830.0,0.3112
831.0,0.3107
832.0,0.3102
833.0,0.3097
834.0,0.3092
835.0,0.3087
836.0,0.3082
837.0,0.3077
838.0,0.3072
839.0,0.3068
840.0,0.3063
841.0,0.3063
842.0,0.3063
843.0,0.3063
844.0,0.3063
845.0,0.3063
846.0,0.3062
847.0,0.3062
848.0,0.3062
849.0,0.3062
850.0,0.3062
851.0,0.3066
852.0,0.307
853.0,0.3074
854.0,0.3078
855.0,0.3082
856.0,0.3085
857.0,0.3089
858.0,0.3093
859.0,0.3097
860.0,0.3101
861.0,0.3106
862.0,0.3111
863.0,0.3115
864.0,0.312
865.0,0.3125
866.0,0.313
867.0,0.3135
868.0,0.314
869.0,0.3145
870.0,0.3149
871.0,0.3153
872.0,0.3157
873.0,0.3161
874.0,0.3165
875.0,0.3169
876.0,0.3173
877.0,0.3176
878.0,0.318
879.0,0.3184
880.0,0.3188
881.0,0.3188
882.0,0.3188
883.0,0.3188
884.0,0.3188
885.0,0.3188
886.0,0.3188
887.0,0.3188
888.0,0.3188
889.0,0.3188
890.0,0.3188
891.0,0.3187
892.0,0.3186
893.0,0.3185
894.0,0.3183
895.0,0.3182
896.0,0.3181
897.0,0.318
898.0,0.3179
899.0,0.3178
900.0,0.3177
901.0,0.3171
902.0,0.3165
903.0,0.3159
904.0,0.3154
905.0,0.3148
906.0,0.3142
907.0,0.3136
908.0,0.313
909.0,0.3124
910.0,0.3118
911.0,0.3112
912.0,0.3106
913.0,0.31
914.0,0.3094
915.0,0.3089
916.0,0.3083
917.0,0.3077
918.0,0.3071
919.0,0.3065
920.0,0.306
921.0,0.3051
922.0,0.3042
923.0,0.3033
924.0,0.3024
925.0,0.3015
926.0,0.3007
927.0,0.2998
928.0,0.2989
929.0,0.298
930.0,0.2971
931.0,0.2959
932.0,0.2947
933.0,0.2935
934.0,0.2923
935.0,0.2912
936.0,0.2899
937.0,0.2888
938.0,0.2876
939.0,0.2865
940.0,0.2854
941.0,0.2838
942.0,0.2822
943.0,0.2806
944.0,0.2791
945.0,0.2775
946.0,0.2759
947.0,0.2744
948.0,0.2728
949.0,0.2713
950.0,0.2697
951.0,0.2685
952.0,0.2672
953.0,0.2659
954.0,0.2647
955.0,0.2634
956.0,0.2621
957.0,0.2608
958.0,0.2596
959.0,0.2583
960.0,0.2571
961.0,0.2565
962.0,0.2559
963.0,0.2553
964.0,0.2548
965.0,0.2542
966.0,0.2536
967.0,0.253
968.0,0.2524
969.0,0.2519
970.0,0.2513
971.0,0.252
972.0,0.2526
973.0,0.2533
974.0,0.254
975.0,0.2547
976.0,0.2553
977.0,0.256
978.0,0.2567
979.0,0.2574
980.0,0.2581
981.0,0.2585
982.0,0.2589
983.0,0.2592
984.0,0.2596
985.0,0.26
986.0,0.2604
987.0,0.2608
988.0,0.2612
989.0,0.2616
990.0,0.262
991.0,0.262
992.0,0.262
993.0,0.262
994.0,0.262
995.0,0.262
996.0,0.262
997.0,0.262
998.0,0.262
999.0,0.262
1000.0,0.262
1001.0,0.2618
1002.0,0.2616
1003.0,0.2614
1004.0,0.2612
1005.0,0.261
1006.0,0.2608
1007.0,0.2606
1008.0,0.2604
1009.0,0.2602
1010.0,0.26
1011.0,0.2597
1012.0,0.2594
1013.0,0.2591
1014.0,0.2588
1015.0,0.2585
1016.0,0.2582
1017.0,0.2579
1018.0,0.2577
1019.0,0.2574
1020.0,0.2571
1021.0,0.2567
1022.0,0.2563
1023.0,0.2559
1024.0,0.2555
1025.0,0.2551
1026.0,0.2547
1027.0,0.2543
1028.0,0.2539
1029.0,0.2536
1030.0,0.2532
1031.0,0.2528
1032.0,0.2524
1033.0,0.252
1034.0,0.2516
1035.0,0.2512
1036.0,0.2508
1037.0,0.2504
1038.0,0.25
1039.0,0.2496
1040.0,0.2493
1041.0,0.2488
1042.0,0.2483
1043.0,0.2478
1044.0,0.2473
1045.0,0.2468
1046.0,0.2463
1047.0,0.2458
1048.0,0.2453
1049.0,0.2449
1050.0,0.2444
1051.0,0.2438
1052.0,0.2432
1053.0,0.2426
1054.0,0.242
1055.0,0.2414
1056.0,0.2409
1057.0,0.2403
1058.0,0.2397
1059.0,0.2391
1060.0,0.2385
1061.0,0.2377
1062.0,0.237
1063.0,0.2362
1064.0,0.2354
1065.0,0.2346
1066.0,0.2338
1067.0,0.2331
1068.0,0.2323
1069.0,0.2315
1070.0,0.2307
1071.0,0.23
1072.0,0.2294
1073.0,0.2287
1074.0,0.228
1075.0,0.2273
1076.0,0.2266
1077.0,0.2259
1078.0,0.2253
1079.0,0.2246
1080.0,0.2239
1081.0,0.2231
1082.0,0.2223
1083.0,0.2216
1084.0,0.2208
1085.0,0.22
1086.0,0.2192
1087.0,0.2184
1088.0,0.2177
1089.0,0.2169
1090.0,0.2161
1091.0,0.215
1092.0,0.214
1093.0,0.2129
1094.0,0.2118
1095.0,0.2107
1096.0,0.2097
1097.0,0.2086
1098.0,0.2075
1099.0,0.2064
1100.0,0.2054
1101.0,0.2041
1102.0,0.2028
1103.0,0.2016
1104.0,0.2003
1105.0,0.199
1106.0,0.1978
1107.0,0.1965
1108.0,0.1952
1109.0,0.194
1110.0,0.1927
1111.0,0.1912
1112.0,0.1898
1113.0,0.1883
1114.0,0.1868
1115.0,0.1854
1116.0,0.1839
1117.0,0.1824
1118.0,0.181
1119.0,0.1795
1120.0,0.1781
1121.0,0.1763
1122.0,0.1745
1123.0,0.1728
1124.0,0.171
1125.0,0.1693
1126.0,0.1675
1127.0,0.1658
1128.0,0.164
1129.0,0.1623
1130.0,0.1605
1131.0,0.1586
1132.0,0.1567
1133.0,0.1547
1134.0,0.1527
1135.0,0.1508
1136.0,0.1489
1137.0,0.1469
1138.0,0.145
1139.0,0.143
1140.0,0.1411
1141.0,0.1401
1142.0,0.1391
1143.0,0.1382
1144.0,0.1372
1145.0,0.1362
1146.0,0.1352
1147.0,0.1343
1148.0,0.1333
1149.0,0.1323
1150.0,0.1313
1151.0,0.131
1152.0,0.1306
1153.0,0.1302
1154.0,0.1298
1155.0,0.1294
1156.0,0.129
1157.0,0.1286
1158.0,0.1282
1159.0,0.1279
1160.0,0.1275
1161.0,0.1272
1162.0,0.1269
1163.0,0.1266
1164.0,0.1263
1165.0,0.126
1166.0,0.1257
1167.0,0.1254
1168.0,0.1251
1169.0,0.1248
1170.0,0.1246
1171.0,0.1245
1172.0,0.1244
1173.0,0.1243
1174.0,0.1242
1175.0,0.1241
1176.0,0.124
1177.0,0.1239
1178.0,0.1238
1179.0,0.1237
1180.0,0.1236
1181.0,0.1236
1182.0,0.1236
1183.0,0.1236
1184.0,0.1236
1185.0,0.1236
1186.0,0.1236
1187.0,0.1236
1188.0,0.1236
1189.0,0.1236
1190.0,0.1236
1191.0,0.1236
1192.0,0.1236
1193.0,0.1236
1194.0,0.1236
1195.0,0.1236
1196.0,0.1236
1197.0,0.1236
1198.0,0.1236
1199.0,0.1236
1200.0,0.1236
1201.0,0.1236
1202.0,0.1236
1203.0,0.1236
1204.0,0.1236
1205.0,0.1236
1206.0,0.1236
1207.0,0.1236
1208.0,0.1236
1209.0,0.1236
1210.0,0.1236
1211.0,0.1236
1212.0,0.1236
1213.0,0.1236
1214.0,0.1236
1215.0,0.1236
1216.0,0.1236
1217.0,0.1236
1218.0,0.1236
1219.0,0.1236
1220.0,0.1236
1221.0,0.1236
1222.0,0.1236
1223.0,0.1236
1224.0,0.1236
1225.0,0.1236
1226.0,0.1236
1227.0,0.1236
1228.0,0.1236
1229.0,0.1236
1230.0,0.1236
1231.0,0.1236
1232.0,0.1236
1233.0,0.1236
1234.0,0.1236
1235.0,0.1236
1236.0,0.1236
1237.0,0.1236
1238.0,0.1236
1239.0,0.1236
1240.0,0.1236
1241.0,0.1236
1242.0,0.1236
1243.0,0.1236
1244.0,0.1236
1245.0,0.1236
1246.0,0.1236
1247.0,0.1236
1248.0,0.1236
1249.0,0.1236
1250.0,0.1236
1251.0,0.1236
1252.0,0.1236
1253.0,0.1236
1254.0,0.1236
1255.0,0.1236
1256.0,0.1236
1257.0,0.1236
1258.0,0.1236
1259.0,0.1236
1260.0,0.1236
1261.0,0.1236
1262.0,0.1236
1263.0,0.1236
1264.0,0.1236
1265.0,0.1236
1266.0,0.1236
1267.0,0.1236
1268.0,0.1236
1269.0,0.1235
1270.0,0.1236
1271.0,0.1236
1272.0,0.1236
1273.0,0.1236
1274.0,0.1236
1275.0,0.1236
1276.0,0.1236
1277.0,0.1236
1278.0,0.1236
1279.0,0.1236
1280.0,0.1236
1281.0,0.1236
1282.0,0.1236
1283.0,0.1236
1284.0,0.1236
1285.0,0.1236
1286.0,0.1236
1287.0,0.1236
1288.0,0.1236
1289.0,0.1236
1290.0,0.1236
1291.0,0.1236
1292.0,0.1236
1293.0,0.1236
1294.0,0.1236
1295.0,0.1236
1296.0,0.1236
1297.0,0.1236
1298.0,0.1236
1299.0,0.1236
1300.0,0.1236
1301.0,0.1236
1302.0,0.1236
1303.0,0.1236
1304.0,0.1236
1305.0,0.1236
1306.0,0.1236
1307.0,0.1236
1308.0,0.1236
1309.0,0.1236
1310.0,0.1235
1311.0,0.1236
1312.0,0.1236
1313.0,0.1236
1314.0,0.1235
1315.0,0.1235
1316.0,0.1236
1317.0,0.1235
1318.0,0.1236
1319.0,0.1235
1320.0,0.1235
1321.0,0.1235
1322.0,0.1235
1323.0,0.1235
1324.0,0.1235
1325.0,0.1235
1326.0,0.1235
1327.0,0.1235
1328.0,0.1235
1329.0,0.1235
1330.0,0.1235
1331.0,0.1235
1332.0,0.1235
1333.0,0.1235
1334.0,0.1235
1335.0,0.1235
1336.0,0.1235
1337.0,0.1235
1338.0,0.1235
1339.0,0.1235
1340.0,0.1235
1341.0,0.1235
1342.0,0.1235
1343.0,0.1235
1344.0,0.1235
1345.0,0.1235
1346.0,0.1235
1347.0,0.1235
1348.0,0.1235
1349.0,0.1235
1350.0,0.1235
1351.0,0.1235
1352.0,0.1235
1353.0,0.1235
1354.0,0.1235
1355.0,0.1235
1356.0,0.1235
1357.0,0.1235
1358.0,0.1235
1359.0,0.1235
1360.0,0.1235
1361.0,0.1235
1362.0,0.1235
1363.0,0.1235
1364.0,0.1235
1365.0,0.1235
1366.0,0.1235
1367.0,0.1235
1368.0,0.1235
1369.0,0.1235
1370.0,0.1235
1371.0,0.1235
1372.0,0.1235
1373.0,0.1235
1374.0,0.1235
1375.0,0.1235
1376.0,0.1235
1377.0,0.1235
1378.0,0.1235
1379.0,0.1235
1380.0,0.1235
1381.0,0.1235
1382.0,0.1235
1383.0,0.1235
1384.0,0.1235
1385.0,0.1235
1386.0,0.1235
1387.0,0.1235
1388.0,0.1235
1389.0,0.1235
1390.0,0.1235
1391.0,0.1235
1392.0,0.1235
1393.0,0.1235
1394.0,0.1235
1395.0,0.1235
1396.0,0.1235
1397.0,0.1235
1398.0,0.1235
1399.0,0.1235
1400.0,0.1235
1401.0,0.1235
1402.0,0.1235
1403.0,0.1235
1404.0,0.1235
1405.0,0.1235
1406.0,0.1235
1407.0,0.1235
1408.0,0.1235
1409.0,0.1235
1410.0,0.1235
1411.0,0.1235
1412.0,0.1235
1413.0,0.1235
1414.0,0.1235
1415.0,0.1235
1416.0,0.1235
1417.0,0.1235
1418.0,0.1235
1419.0,0.1235
1420.0,0.1235
1421.0,0.1235
1422.0,0.1235
1423.0,0.1235
1424.0,0.1235
1425.0,0.1235
1426.0,0.1235
1427.0,0.1235
1428.0,0.1235
1429.0,0.1235
1430.0,0.1235
1431.0,0.1235
1432.0,0.1235
1433.0,0.1235
1434.0,0.1235
1435.0,0.1235
1436.0,0.1235
1437.0,0.1235
1438.0,0.1235
1439.0,0.1235
1440.0,0.1235
1441.0,0.1235
1442.0,0.1235
1443.0,0.1235
1444.0,0.1235
1445.0,0.1235
1446.0,0.1235
1447.0,0.1235
1448.0,0.1235
1449.0,0.1235
1450.0,0.1235
1451.0,0.1235
1452.0,0.1235
1453.0,0.1235
1454.0,0.1235
1455.0,0.1235
1456.0,0.1235
1457.0,0.1235
1458.0,0.1235
1459.0,0.1235
1460.0,0.1235
1461.0,0.1235
1462.0,0.1235
1463.0,0.1235
1464.0,0.1235
1465.0,0.1235
1466.0,0.1235
1467.0,0.1235
1468.0,0.1235
1469.0,0.1235
1470.0,0.1235
1471.0,0.1235
1472.0,0.1235
1473.0,0.1235
1474.0,0.1235
1475.0,0.1235
1476.0,0.1235
1477.0,0.1235
1478.0,0.1235
1479.0,0.1235
1480.0,0.1235
1481.0,0.1235
1482.0,0.1235
1483.0,0.1235
1484.0,0.1235
1485.0,0.1235
1486.0,0.1235
1487.0,0.1235
1488.0,0.1235
1489.0,0.1235
1490.0,0.1235
1491.0,0.1235
1492.0,0.1235
1493.0,0.1235
1494.0,0.1235
1495.0,0.1235
1496.0,0.1235
1497.0,0.1235
1498.0,0.1235
1499.0,0.1235
1500.0,0.1235
1501.0,0.1235
1502.0,0.1235
1503.0,0.1235
1504.0,0.1235
1505.0,0.1235
1506.0,0.1235
1507.0,0.1235
1508.0,0.1235
1509.0,0.1235
1510.0,0.1235
1511.0,0.1235
1512.0,0.1235
1513.0,0.1235
1514.0,0.1235
1515.0,0.1235
1516.0,0.1235
1517.0,0.1235
1518.0,0.1235
1519.0,0.1235
1520.0,0.1235
1521.0,0.1235
1522.0,0.1235
1523.0,0.1235
1524.0,0.1235
1525.0,0.1235
1526.0,0.1235
1527.0,0.1235
1528.0,0.1235
1529.0,0.1235
1530.0,0.1235
1531.0,0.1235
1532.0,0.1235
1533.0,0.1235
1534.0,0.1235
1535.0,0.1235
1536.0,0.1235
1537.0,0.1235
1538.0,0.1235
1539.0,0.1235
1540.0,0.1235
1541.0,0.1235
1542.0,0.1235
1543.0,0.1235
1544.0,0.1235
1545.0,0.1235
1546.0,0.1235
1547.0,0.1235
1548.0,0.1235
1549.0,0.1235
1550.0,0.1235
1551.0,0.1235
1552.0,0.1235
1553.0,0.1235
1554.0,0.1235
1555.0,0.1235
1556.0,0.1235
1557.0,0.1235
1558.0,0.1235
1559.0,0.1235
1560.0,0.1235
1561.0,0.1235
1562.0,0.1235
1563.0,0.1235
1564.0,0.1235
1565.0,0.1235
1566.0,0.1235
1567.0,0.1235
1568.0,0.1235
1569.0,0.1235
1570.0,0.1235
1571.0,0.1235
1572.0,0.1235
1573.0,0.1235
1574.0,0.1235
1575.0,0.1235
1576.0,0.1235
1577.0,0.1235
1578.0,0.1235
1579.0,0.1235
1580.0,0.1235
1581.0,0.1235
1582.0,0.1235
1583.0,0.1235
1584.0,0.1235
1585.0,0.1235
1586.0,0.1235
1587.0,0.1235
1588.0,0.1235
1589.0,0.1235
1590.0,0.1235
1591.0,0.1235
1592.0,0.1235
1593.0,0.1235
1594.0,0.1235
1595.0,0.1235
1596.0,0.1235
1597.0,0.1235
1598.0,0.1235
1599.0,0.1235
1600.0,0.1235
1601.0,0.1235
1602.0,0.1235
1603.0,0.1235
1604.0,0.1235
1605.0,0.1235
1606.0,0.1235
1607.0,0.1235
1608.0,0.1235
1609.0,0.1235
1610.0,0.1235
1611.0,0.1235
1612.0,0.1235
1613.0,0.1235
1614.0,0.1235
1615.0,0.1235
1616.0,0.1235
1617.0,0.1235
1618.0,0.1235
1619.0,0.1235
1620.0,0.1235
1621.0,0.1235
1622.0,0.1235
1623.0,0.1235
1624.0,0.1235
1625.0,0.1235
1626.0,0.1235
1627.0,0.1235
1628.0,0.1235
1629.0,0.1235
1630.0,0.1235
1631.0,0.1235
1632.0,0.1235
1633.0,0.1235
1634.0,0.1235
1635.0,0.1235
1636.0,0.1235
1637.0,0.1235
1638.0,0.1235
1639.0,0.1235
1640.0,0.1235
1641.0,0.1235
1642.0,0.1235
1643.0,0.1235
1644.0,0.1235
1645.0,0.1235
1646.0,0.1235
1647.0,0.1235
1648.0,0.1235
1649.0,0.1235
1650.0,0.1235
1651.0,0.1235
1652.0,0.1235
1653.0,0.1235
1654.0,0.1235
1655.0,0.1235
1656.0,0.1235
1657.0,0.1235
1658.0,0.1235
1659.0,0.1235
1660.0,0.1235
1661.0,0.1235
1662.0,0.1235
1663.0,0.1235
1664.0,0.1235
1665.0,0.1235
1666.0,0.1235
1667.0,0.1235
1668.0,0.1235
1669.0,0.1235
1670.0,0.1235
1671.0,0.1235
1672.0,0.1235
1673.0,0.1235
1674.0,0.1235
1675.0,0.1235
1676.0,0.1235
1677.0,0.1235
1678.0,0.1235
1679.0,0.1235
1680.0,0.1235
1681.0,0.1235
1682.0,0.1235
1683.0,0.1235
1684.0,0.1235
1685.0,0.1235
1686.0,0.1235
1687.0,0.1235
1688.0,0.1235
1689.0,0.1235
1690.0,0.1235
1691.0,0.1235
1692.0,0.1235
1693.0,0.1235
1694.0,0.1235
1695.0,0.1235
1696.0,0.1235
1697.0,0.1235
1698.0,0.1235
1699.0,0.1235
1700.0,0.1235
1702.0,0.1235
1705.0,0.1235
1710.0,0.1235
1715.0,0.1235
1720.0,0.1235
1725.0,0.1235
1730.0,0.1235
1735.0,0.1235
1740.0,0.1235
1745.0,0.1235
1750.0,0.1235
1755.0,0.1235
1760.0,0.1235
1765.0,0.1235
1770.0,0.1235
1775.0,0.1235
1780.0,0.1235
1785.0,0.1235
1790.0,0.1235
1795.0,0.1235
1800.0,0.1235
1805.0,0.1235
1810.0,0.1235
1815.0,0.1235
1820.0,0.1235
1825.0,0.1235
1830.0,0.1235
1835.0,0.1235
1840.0,0.1235
1845.0,0.1235
1850.0,0.1235
1855.0,0.1235
1860.0,0.1235
1865.0,0.1235
1870.0,0.1235
1875.0,0.1235
1880.0,0.1235
1885.0,0.1235
1890.0,0.1235
1895.0,0.1235
1900.0,0.1235
1905.0,0.1235
1910.0,0.1235
1915.0,0.1235
1920.0,0.1235
1925.0,0.1235
1930.0,0.1235
1935.0,0.1235
1940.0,0.1235
1945.0,0.1235
1950.0,0.1235
1955.0,0.1235
1960.0,0.1235
1965.0,0.1235
1970.0,0.1235
1975.0,0.1235
1980.0,0.1235
1985.0,0.1235
1990.0,0.1235
1995.0,0.1235
2000.0,0.1235
2005.0,0.1235
2010.0,0.1235
2015.0,0.1235
2020.0,0.1235
2025.0,0.1235
2030.0,0.1235
2035.0,0.1235
2040.0,0.1235
2045.0,0.1235
2050.0,0.1235
2055.0,0.1235
2060.0,0.1235
2065.0,0.1235
2070.0,0.1235
2075.0,0.1235
2080.0,0.1235
2085.0,0.1235
2090.0,0.1235
2095.0,0.1235
2100.0,0.1235
2105.0,0.1235
2110.0,0.1235
2115.0,0.1235
2120.0,0.1235
2125.0,0.1235
2130.0,0.1235
2135.0,0.1235
2140.0,0.1235
2145.0,0.1235
2150.0,0.1235
2155.0,0.1235
2160.0,0.1235
2165.0,0.1235
2170.0,0.1235
2175.0,0.1235
2180.0,0.1235
2185.0,0.1235
2190.0,0.1235
2195.0,0.1235
2200.0,0.1235
2205.0,0.1235
2210.0,0.1235
2215.0,0.1235
2220.0,0.1235
2225.0,0.1235
2230.0,0.1235
2235.0,0.1235
2240.0,0.1235
2245.0,0.1235
2250.0,0.1235
2255.0,0.1235
2260.0,0.1235
2265.0,0.1235
2270.0,0.1235
2275.0,0.1235
2280.0,0.1235
2285.0,0.1235
2290.0,0.1235
2295.0,0.1235
2300.0,0.1235
2305.0,0.1235
2310.0,0.1235
2315.0,0.1235
2320.0,0.1235
2325.0,0.1235
2330.0,0.1235
2335.0,0.1235
2340.0,0.1235
2345.0,0.1235
2350.0,0.1235
2355.0,0.1235
2360.0,0.1235
2365.0,0.1235
2370.0,0.1235
2375.0,0.1235
2380.0,0.1235
2385.0,0.1235
2390.0,0.1235
2395.0,0.1235
2400.0,0.1235
2405.0,0.1235
2410.0,0.1235
2415.0,0.1235
2420.0,0.1235
2425.0,0.1235
2430.0,0.1235
2435.0,0.1235
2440.0,0.1235
2445.0,0.1235
2450.0,0.1235
2455.0,0.1235
2460.0,0.1235
2465.0,0.1235
2470.0,0.1235
2475.0,0.1235
2480.0,0.1235
2485.0,0.1235
2490.0,0.1235
2495.0,0.1235
2500.0,0.1235
2505.0,0.1235
2510.0,0.1235
2515.0,0.1235
2520.0,0.1235
2525.0,0.1235
2530.0,0.1235
2535.0,0.1235
2540.0,0.1235
2545.0,0.1235
2550.0,0.1235
2555.0,0.1235
2560.0,0.1235
2565.0,0.1235
2570.0,0.1235
2575.0,0.1482
2580.0,0.1235
2585.0,0.1482
2590.0,0.1482
2595.0,0.1482
2600.0,0.1482
2605.0,0.1482
2610.0,0.1482
2615.0,0.1482
2620.0,0.1482
2625.0,0.1482
2630.0,0.1482
2635.0,0.1235
2640.0,0.1235
2645.0,0.1235
2650.0,0.1235
2655.0,0.1482
2660.0,0.1482
2665.0,0.1482
2670.0,0.1482
2675.0,0.1482
2680.0,0.1482
2685.0,0.1482
2690.0,0.1482
2695.0,0.1482
2700.0,0.1235
2705.0,0.1235
2710.0,0.1482
2715.0,0.1235
2720.0,0.1482
2725.0,0.1235
2730.0,0.1235
2735.0,0.1235
2740.0,0.1482
2745.0,0.1235
2750.0,0.1235
2755.0,0.1235
2760.0,0.1235
2765.0,0.1235
2770.0,0.1235
2775.0,0.1235
2780.0,0.1235
2785.0,0.1235
2790.0,0.1235
2795.0,0.1235
2800.0,0.1235
2805.0,0.1235
2810.0,0.1235
2815.0,0.1235
2820.0,0.1235
2825.0,0.1235
2830.0,0.1235
2835.0,0.1235
2840.0,0.1235
2845.0,0.1235
2850.0,0.1235
2855.0,0.1235
2860.0,0.1235
2865.0,0.1235
2870.0,0.1235
2875.0,0.1235
2880.0,0.1235
2885.0,0.1235
2890.0,0.1235
2895.0,0.1235
2900.0,0.1235
2905.0,0.1235
2910.0,0.1235
2915.0,0.1235
2920.0,0.1235
2925.0,0.1235
2930.0,0.1235
2935.0,0.1235
2940.0,0.1235
2945.0,0.1235
2950.0,0.1235
2955.0,0.1235
2960.0,0.1235
2965.0,0.1235
2970.0,0.1235
2975.0,0.1235
2980.0,0.1235
2985.0,0.1235
2990.0,0.1235
2995.0,0.1235
3000.0,0.1235
3005.0,0.1235
3010.0,0.1235
3015.0,0.1235
3020.0,0.1235
3025.0,0.1235
3030.0,0.1235
3035.0,0.1235
3040.0,0.1235
3045.0,0.1235
3050.0,0.1235
3055.0,0.1235
3060.0,0.1235
3065.0,0.1235
3070.0,0.1235
3075.0,0.1235
3080.0,0.1235
3085.0,0.1235
3090.0,0.1235
3095.0,0.1235
3100.0,0.1235
3105.0,0.1235
3110.0,0.1235
3115.0,0.1235
3120.0,0.1235
3125.0,0.1235
3130.0,0.1235
3135.0,0.1235
3140.0,0.1235
3145.0,0.1235
3150.0,0.1235
3155.0,0.1235
3160.0,0.1235
3165.0,0.1235
3170.0,0.1235
3175.0,0.1235
3180.0,0.1235
3185.0,0.1235
3190.0,0.1235
3195.0,0.1235
3200.0,0.1235
3205.0,0.1235
3210.0,0.1235
3215.0,0.1235
3220.0,0.1235
3225.0,0.1235
3230.0,0.1235
3235.0,0.1235
3240.0,0.1235
3245.0,0.1235
3250.0,0.1235
3255.0,0.1235
3260.0,0.1235
3265.0,0.1235
3270.0,0.1235
3275.0,0.1235
3280.0,0.1235
3285.0,0.1235
3290.0,0.1235
3295.0,0.1235
3300.0,0.1235
3305.0,0.1235
3310.0,0.1235
3315.0,0.1235
3320.0,0.1235
3325.0,0.1235
3330.0,0.1235
3335.0,0.1235
3340.0,0.1235
3345.0,0.1235
3350.0,0.1235
3355.0,0.1235
3360.0,0.1235
3365.0,0.1235
3370.0,0.1235
3375.0,0.1235
3380.0,0.1235
3385.0,0.1235
3390.0,0.1235
3395.0,0.1235
3400.0,0.1235
3405.0,0.1235
3410.0,0.1235
3415.0,0.1235
3420.0,0.1235
3425.0,0.1235
3430.0,0.1235
3435.0,0.1235
3440.0,0.1235
3445.0,0.1235
3450.0,0.1235
3455.0,0.1235
3460.0,0.1235
3465.0,0.1235
3470.0,0.1235
3475.0,0.1235
3480.0,0.1235
3485.0,0.1235
3490.0,0.1235
3495.0,0.1235
3500.0,0.1235
3505.0,0.1235
3510.0,0.1235
3515.0,0.1235
3520.0,0.1235
3525.0,0.1235
3530.0,0.1235
3535.0,0.1235
3540.0,0.1235
3545.0,0.1235
3550.0,0.1235
3555.0,0.1235
3560.0,0.1235
3565.0,0.1235
3570.0,0.1235
3575.0,0.1235
3580.0,0.1235
3585.0,0.1235
3590.0,0.1235
3595.0,0.1235
3600.0,0.1235
3605.0,0.1235
3610.0,0.1235
3615.0,0.1235
3620.0,0.1235
3625.0,0.1235
3630.0,0.1235
3635.0,0.1235
3640.0,0.1235
3645.0,0.1235
3650.0,0.1235
3655.0,0.1235
3660.0,0.1235
3665.0,0.1235
3670.0,0.1235
3675.0,0.1235
3680.0,0.1235
3685.0,0.1235
3690.0,0.1235
3695.0,0.1235
3700.0,0.1235
3705.0,0.1235
3710.0,0.1235
3715.0,0.1235
3720.0,0.1235
3725.0,0.1235
3730.0,0.1235
3735.0,0.1235
3740.0,0.1235
3745.0,0.1235
3750.0,0.1235
3755.0,0.1235
3760.0,0.1235
3765.0,0.1235
3770.0,0.1235
3775.0,0.1235
3780.0,0.1235
3785.0,0.1235
3790.0,0.1235
3795.0,0.1235
3800.0,0.1235
3805.0,0.1235
3810.0,0.1235
3815.0,0.1235
3820.0,0.1235
3825.0,0.1235
3830.0,0.1235
3835.0,0.1235
3840.0,0.1235
3845.0,0.1235
3850.0,0.1235
3855.0,0.1235
3860.0,0.1235
3865.0,0.1235
3870.0,0.1235
3875.0,0.1235
3880.0,0.1235
3885.0,0.1235
3890.0,0.1235
3895.0,0.1235
3900.0,0.1235
3905.0,0.1235
3910.0,0.1235
3915.0,0.1235
3920.0,0.1235
3925.0,0.1235
3930.0,0.1235
3935.0,0.1235
3940.0,0.1235
3945.0,0.1235
3950.0,0.1235
3955.0,0.1235
3960.0,0.1235
3965.0,0.1235
3970.0,0.1235
3975.0,0.1235
3980.0,0.1235
3985.0,0.1235
3990.0,0.1235
3995.0,0.1235
4000.0,0.1235
