interpolation:linear
wavelength,value
280.0,0.03618
280.5,0.03618
281.0,0.03618
281.5,0.03618
282.0,0.03618
282.5,0.03618
283.0,0.03618
283.5,0.03618
284.0,0.03618
284.5,0.03617
285.0,0.03617
285.5,0.03617
286.0,0.03617
286.5,0.03616
287.0,0.03615
287.5,0.03613
288.0,0.03607
288.5,0.03604
289.0,0.036
289.5,0.03594
290.0,0.03588
290.5,0.03581
291.0,0.03572
291.5,0.03558
292.0,0.03548
292.5,0.03543
293.0,0.03537
293.5,0.0353
294.0,0.03526
294.5,0.03483
295.0,0.03482
295.5,0.03468
296.0,0.03463
296.5,0.03458
297.0,0.03455
297.5,0.03453
298.0,0.03451
298.5,0.03451
299.0,0.03451
299.5,0.03454
300.0,0.03456
300.5,0.03442
301.0,0.03432
301.5,0.03423
302.0,0.0341
302.5,0.03388
303.0,0.03365
303.5,0.03345
304.0,0.03327
304.5,0.0331
305.0,0.03294
305.5,0.03277
306.0,0.03259
306.5,0.03242
307.0,0.03227
307.5,0.03211
308.0,0.03194
308.5,0.03177
309.0,0.03171
309.5,0.0315
310.0,0.03131
310.5,0.03112
311.0,0.03094
311.5,0.03075
312.0,0.03057
312.5,0.03038
313.0,0.03021
313.5,0.03003
314.0,0.02985
314.5,0.02968
315.0,0.0295
315.5,0.02932
316.0,0.02915
316.5,0.02898
317.0,0.0288
317.5,0.02862
318.0,0.02845
318.5,0.02829
319.0,0.02812
319.5,0.02793
320.0,0.02775
320.5,0.02765
321.0,0.02754
321.5,0.02743
322.0,0.02729
322.5,0.02717
323.0,0.02706
323.5,0.02698
324.0,0.02686
324.5,0.02674
325.0,0.02658
325.5,0.02647
326.0,0.02639
326.5,0.02627
327.0,0.02615
327.5,0.02603
328.0,0.0259
328.5,0.02579
329.0,0.02569
329.5,0.02557
330.0,0.02545
330.5,0.02532
331.0,0.0252
331.5,0.02509
332.0,0.02498
332.5,0.02486
333.0,0.02474
333.5,0.02462
334.0,0.0245
334.5,0.02439
335.0,0.02428
335.5,0.0242
336.0,0.02408
336.5,0.02392
337.0,0.0238
337.5,0.02368
338.0,0.02357
338.5,0.02348
339.0,0.02336
339.5,0.02325
340.0,0.0231
340.5,0.02304
341.0,0.023
341.5,0.02293
342.0,0.02286
342.5,0.0228
343.0,0.02274
343.5,0.02269
344.0,0.02261
344.5,0.02257
345.0,0.0225
345.5,0.02243
346.0,0.02236
346.5,0.0223
347.0,0.02224
347.5,0.02219
348.0,0.02212
348.5,0.02205
349.0,0.02199
349.5,0.02193
350.0,0.02187
350.5,0.02181
351.0,0.02175
351.5,0.0217
352.0,0.02163
352.5,0.02157
353.0,0.02151
353.5,0.02144
354.0,0.02138
354.5,0.02132
355.0,0.02126
355.5,0.0212
356.0,0.02114
356.5,0.02108
357.0,0.02102
357.5,0.02096
358.0,0.0209
358.5,0.02084
359.0,0.02078
359.5,0.02072
360.0,0.02066
360.5,0.02065
361.0,0.02065
361.5,0.02064
362.0,0.02064
362.5,0.02063
363.0,0.02063
363.5,0.02062
364.0,0.02062
364.5,0.02061
365.0,0.02061
365.5,0.0206
366.0,0.0206
366.5,0.02059
367.0,0.02059
367.5,0.02058
368.0,0.02058
368.5,0.02057
369.0,0.02057
369.5,0.02056
370.0,0.02056
370.5,0.02055
371.0,0.02055
371.5,0.02054
372.0,0.02054
372.5,0.02053
373.0,0.02053
373.5,0.02052
374.0,0.02052
374.5,0.02051
375.0,0.02051
375.5,0.0205
376.0,0.0205
376.5,0.02049
377.0,0.02049
377.5,0.02048
378.0,0.02048
378.5,0.02048
379.0,0.02047
379.5,0.02047
380.0,0.02046
380.5,0.02057
381.0,0.02067
381.5,0.02077
382.0,0.02087
382.5,0.02098
383.0,0.02108
383.5,0.02118
384.0,0.02129
384.5,0.02139
385.0,0.02149
385.5,0.0216
386.0,0.0217
386.5,0.0218
387.0,0.02191
387.5,0.02201
388.0,0.02211
388.5,0.02221
389.0,0.02232
389.5,0.02242
390.0,0.02252
390.5,0.02257
391.0,0.02262
391.5,0.02267
392.0,0.02272
392.5,0.02277
393.0,0.02282
393.5,0.02287
394.0,0.02292
394.5,0.02297
395.0,0.02302
395.5,0.02306
396.0,0.02311
396.5,0.02316
397.0,0.02321
397.5,0.02326
398.0,0.02331
398.5,0.02336
399.0,0.02341
399.5,0.02346
400.0,0.02351
401.0,0.02369
402.0,0.02389
403.0,0.0241
404.0,0.0243
405.0,0.02451
406.0,0.02471
407.0,0.02492
408.0,0.02512
409.0,0.02533
410.0,0.02553
411.0,0.02563
412.0,0.02573
413.0,0.02583
414.0,0.02593
415.0,0.02602
416.0,0.02612
417.0,0.02622
418.0,0.02632
419.0,0.02642
420.0,0.02652
421.0,0.02661
422.0,0.02671
423.0,0.02681
424.0,0.02691
425.0,0.02701
426.0,0.02711
427.0,0.0272
428.0,0.0273
429.0,0.0274
430.0,0.0275
431.0,0.0276
432.0,0.0277
433.0,0.0278
434.0,0.02789
435.0,0.02799
436.0,0.02809
437.0,0.02819
438.0,0.02829
439.0,0.02839
440.0,0.02849
441.0,0.02848
442.0,0.02847
443.0,0.02847
444.0,0.02846
445.0,0.02845
446.0,0.02845
447.0,0.02844
448.0,0.02843
449.0,0.02843
450.0,0.02842
451.0,0.02842
452.0,0.02841
453.0,0.0284
454.0,0.0284
455.0,0.02839
456.0,0.02839
457.0,0.02838
458.0,0.02837
459.0,0.02837
460.0,0.02836
461.0,0.02846
462.0,0.02856
463.0,0.02866
464.0,0.02876
465.0,0.02886
466.0,0.02896
467.0,0.02906
468.0,0.02916
469.0,0.02926
470.0,0.02936
471.0,0.02956
472.0,0.02977
473.0,0.02997
474.0,0.03018
475.0,0.03038
476.0,0.03059
477.0,0.03079
478.0,0.03099
479.0,0.0312
480.0,0.0314
481.0,0.03161
482.0,0.03181
483.0,0.03201
484.0,0.03222
485.0,0.03242
486.0,0.03263
487.0,0.03283
488.0,0.03304
489.0,0.03324
490.0,0.03345
491.0,0.03355
492.0,0.03365
493.0,0.03374
494.0,0.03384
495.0,0.03394
496.0,0.03404
497.0,0.03414
498.0,0.03424
499.0,0.03434
500.0,0.03444
501.0,0.03496
502.0,0.03548
503.0,0.03599
504.0,0.03651
505.0,0.03703
506.0,0.03754
507.0,0.03806
508.0,0.03858
509.0,0.03909
510.0,0.03961
511.0,0.04034
512.0,0.04106
513.0,0.04179
514.0,0.04251
515.0,0.04324
516.0,0.04396
517.0,0.04469
518.0,0.04541
519.0,0.04613
520.0,0.04686
521.0,0.04769
522.0,0.04851
523.0,0.04934
524.0,0.05017
525.0,0.051
526.0,0.05182
527.0,0.05265
528.0,0.05348
529.0,0.05431
530.0,0.05513
531.0,0.05565
532.0,0.05616
533.0,0.05668
534.0,0.05719
535.0,0.05771
536.0,0.05822
537.0,0.05874
538.0,0.05925
539.0,0.05977
540.0,0.06028
541.0,0.06069
542.0,0.0611
543.0,0.06151
544.0,0.06192
545.0,0.06233
546.0,0.06274
547.0,0.06315
548.0,0.06356
549.0,0.06397
550.0,0.06438
551.0,0.06458
552.0,0.06479
553.0,0.06499
554.0,0.06519
555.0,0.06539
556.0,0.0656
557.0,0.0658
558.0,0.066
559.0,0.0662
560.0,0.06641
561.0,0.0665
562.0,0.0666
563.0,0.0667
564.0,0.0668
565.0,0.0669
566.0,0.067
567.0,0.06709
568.0,0.06719
569.0,0.06729
570.0,0.06739
571.0,0.06728
572.0,0.06717
573.0,0.06707
574.0,0.06696
575.0,0.06685
576.0,0.06674
577.0,0.06663
578.0,0.06653
579.0,0.06642
580.0,0.06631
581.0,0.0662
582.0,0.0661
583.0,0.06599
584.0,0.06588
585.0,0.06577
586.0,0.06567
587.0,0.06556
588.0,0.06545
589.0,0.06534
590.0,0.06524
591.0,0.06482
592.0,0.0644
593.0,0.06398
594.0,0.06356
595.0,0.06314
596.0,0.06273
597.0,0.06231
598.0,0.06189
599.0,0.06147
600.0,0.06106
601.0,0.06085
602.0,0.06064
603.0,0.06043
604.0,0.06022
605.0,0.06001
606.0,0.0598
607.0,0.05959
608.0,0.05938
609.0,0.05917
610.0,0.05896
611.0,0.05844
612.0,0.05792
613.0,0.0574
614.0,0.05688
615.0,0.05636
616.0,0.05584
617.0,0.05532
618.0,0.0548
619.0,0.05428
620.0,0.05376
621.0,0.05345
622.0,0.05314
623.0,0.05283
624.0,0.05251
625.0,0.0522
626.0,0.05189
627.0,0.05158
628.0,0.05126
629.0,0.05095
630.0,0.05064
631.0,0.05033
632.0,0.05002
633.0,0.0497
634.0,0.04939
635.0,0.04908
636.0,0.04877
637.0,0.04846
638.0,0.04815
639.0,0.04783
640.0,0.04752
641.0,0.04731
642.0,0.04711
643.0,0.0469
644.0,0.04669
645.0,0.04648
646.0,0.04627
647.0,0.04607
648.0,0.04586
649.0,0.04565
650.0,0.04544
651.0,0.04523
652.0,0.04502
653.0,0.04482
654.0,0.04461
655.0,0.0444
656.0,0.04419
657.0,0.04399
658.0,0.04378
659.0,0.04357
660.0,0.04336
661.0,0.04326
662.0,0.04315
663.0,0.04305
664.0,0.04294
665.0,0.04284
666.0,0.04274
667.0,0.04263
668.0,0.04253
669.0,0.04242
670.0,0.04232
671.0,0.04232
672.0,0.04232
673.0,0.04231
674.0,0.04231
675.0,0.04231
676.0,0.04231
677.0,0.04231
678.0,0.04231
679.0,0.04231
680.0,0.04231
681.0,0.04231
682.0,0.0423
683.0,0.0423
684.0,0.0423
685.0,0.0423
686.0,0.0423
687.0,0.04229
688.0,0.04229
689.0,0.04229
690.0,0.04229
691.0,0.0425
692.0,0.0427
693.0,0.04291
694.0,0.04312
695.0,0.04332
696.0,0.04353
697.0,0.04373
698.0,0.04394
699.0,0.04414
700.0,0.04435
701.0,0.04486
702.0,0.04538
703.0,0.04589
704.0,0.04641
705.0,0.04692
706.0,0.04744
707.0,0.04795
708.0,0.04847
709.0,0.04898
710.0,0.0495
711.0,0.05321
712.0,0.05692
713.0,0.06063
714.0,0.06434
715.0,0.06805
716.0,0.07177
717.0,0.07547
718.0,0.07918
719.0,0.08289
720.0,0.08661
721.0,0.09135
722.0,0.0961
723.0,0.1008
724.0,0.1056
725.0,0.1103
726.0,0.1151
727.0,0.1198
728.0,0.1245
729.0,0.1293
730.0,0.134
731.0,0.1394
732.0,0.1448
733.0,0.1501
734.0,0.1555
735.0,0.1608
736.0,0.1662
737.0,0.1716
738.0,0.1769
739.0,0.1823
740.0,0.1877
741.0,0.1935
742.0,0.1994
743.0,0.2053
744.0,0.2112
745.0,0.2171
746.0,0.2229
747.0,0.2288
748.0,0.2347
749.0,0.2406
750.0,0.2464
751.0,0.2493
752.0,0.2522
753.0,0.2551
754.0,0.258
755.0,0.2609
756.0,0.2638
757.0,0.2666
758.0,0.2695
759.0,0.2724
760.0,0.2751
761.0,0.2779
762.0,0.281
763.0,0.2837
764.0,0.2867
765.0,0.2896
766.0,0.2925
767.0,0.2954
768.0,0.2983
769.0,0.3012
770.0,0.3041
771.0,0.3059
772.0,0.3076
773.0,0.3094
774.0,0.3111
775.0,0.3129
776.0,0.3146
777.0,0.3164
778.0,0.3181
779.0,0.3199
780.0,0.3216
781.0,0.3226
782.0,0.3237
783.0,0.3247
784.0,0.3257
785.0,0.3267
786.0,0.3278
787.0,0.3288
788.0,0.3298
789.0,0.3308
790.0,0.3319
791.0,0.3324
792.0,0.3329
793.0,0.3334
794.0,0.3339
795.0,0.3344
796.0,0.3349
797.0,0.3354
798.0,0.3359
799.0,0.3365
800.0,0.337
801.0,0.337
802.0,0.337
803.0,0.3369
804.0,0.3369
805.0,0.3369
806.0,0.3369
807.0,0.3369
808.0,0.3369
809.0,0.3369
810.0,0.3369
811.0,0.3366
812.0,0.3363
813.0,0.336
814.0,0.3356
815.0,0.3353
816.0,0.335
817.0,0.3347
818.0,0.3344
819.0,0.3341
820.0,0.3337
821.0,0.3332
822.0,0.3327
823.0,0.3321
824.0,0.3317
825.0,0.3312
826.0,0.3306
827.0,0.3301
828.0,0.3296
829.0,0.3291
830.0,0.3285
831.0,0.328
832.0,0.3275
833.0,0.327
834.0,0.3265
835.0,0.326
836.0,0.3254
837.0,0.3249
838.0,0.3244
839.0,0.3239
840.0,0.3234
841.0,0.3234
842.0,0.3234
843.0,0.3234
844.0,0.3234
845.0,0.3234
846.0,0.3233
847.0,0.3233
848.0,0.3233
849.0,0.3233
850.0,0.3233
851.0,0.3237
852.0,0.3241
853.0,0.3246
854.0,0.325
855.0,0.3254
856.0,0.3258
857.0,0.3262
858.0,0.3266
859.0,0.327
860.0,0.3274
861.0,0.3279
862.0,0.3284
863.0,0.3289
864.0,0.3295
865.0,0.33
866.0,0.3305
867.0,0.331
868.0,0.3315
869.0,0.332
870.0,0.3325
871.0,0.3329
872.0,0.3333
873.0,0.3338
874.0,0.3342
875.0,0.3346
876.0,0.335
877.0,0.3354
878.0,0.3358
879.0,0.3362
880.0,0.3366
881.0,0.3366
882.0,0.3366
883.0,0.3366
884.0,0.3366
885.0,0.3366
886.0,0.3366
887.0,0.3366
888.0,0.3366
889.0,0.3366
890.0,0.3366
891.0,0.3365
892.0,0.3364
893.0,0.3363
894.0,0.3361
895.0,0.336
896.0,0.3359
897.0,0.3358
898.0,0.3357
899.0,0.3356
900.0,0.3355
901.0,0.3348
902.0,0.3342
903.0,0.3336
904.0,0.333
905.0,0.3324
906.0,0.3318
907.0,0.3311
908.0,0.3305
909.0,0.3299
910.0,0.3293
911.0,0.3287
912.0,0.328
913.0,0.3274
914.0,0.3268
915.0,0.3262
916.0,0.3255
917.0,0.3249
918.0,0.3243
919.0,0.3237
920.0,0.3231
921.0,0.3222
922.0,0.3212
923.0,0.3203
924.0,0.3194
925.0,0.3184
926.0,0.3175
927.0,0.3166
928.0,0.3156
929.0,0.3147
930.0,0.3137
931.0,0.3125
932.0,0.3113
933.0,0.31
934.0,0.3087
935.0,0.3075
936.0,0.3063
937.0,0.305
938.0,0.3038
939.0,0.3026
940.0,0.3014
941.0,0.2997
942.0,0.2981
943.0,0.2964
944.0,0.2948
945.0,0.2931
946.0,0.2915
947.0,0.2898
948.0,0.2882
949.0,0.2866
950.0,0.2849
951.0,0.2836
952.0,0.2822
953.0,0.2809
954.0,0.2795
955.0,0.2782
956.0,0.2769
957.0,0.2755
958.0,0.2742
959.0,0.2728
960.0,0.2715
961.0,0.2709
962.0,0.2703
963.0,0.2697
964.0,0.269
965.0,0.2684
966.0,0.2678
967.0,0.2672
968.0,0.2666
969.0,0.266
970.0,0.2653
971.0,0.2661
972.0,0.2668
973.0,0.2675
974.0,0.2682
975.0,0.2689
976.0,0.2697
977.0,0.2704
978.0,0.2711
979.0,0.2718
980.0,0.2725
981.0,0.273
982.0,0.2734
983.0,0.2738
984.0,0.2742
985.0,0.2746
986.0,0.275
987.0,0.2754
988.0,0.2758
989.0,0.2762
990.0,0.2766
991.0,0.2766
992.0,0.2766
993.0,0.2766
994.0,0.2766
995.0,0.2766
996.0,0.2766
997.0,0.2766
998.0,0.2766
999.0,0.2766
1000.0,0.2766
1001.0,0.2764
1002.0,0.2762
1003.0,0.276
1004.0,0.2758
1005.0,0.2756
1006.0,0.2754
1007.0,0.2752
1008.0,0.275
1009.0,0.2748
1010.0,0.2746
1011.0,0.2742
1012.0,0.2739
1013.0,0.2736
1014.0,0.2733
1015.0,0.273
1016.0,0.2727
1017.0,0.2724
1018.0,0.2721
1019.0,0.2718
1020.0,0.2715
1021.0,0.271
1022.0,0.2706
1023.0,0.2702
1024.0,0.2698
1025.0,0.2694
1026.0,0.269
1027.0,0.2686
1028.0,0.2682
1029.0,0.2677
1030.0,0.2673
1031.0,0.2669
1032.0,0.2665
1033.0,0.2661
1034.0,0.2657
1035.0,0.2653
1036.0,0.2649
1037.0,0.2644
1038.0,0.264
1039.0,0.2636
1040.0,0.2632
1041.0,0.2627
1042.0,0.2622
1043.0,0.2617
1044.0,0.2611
1045.0,0.2606
1046.0,0.2601
1047.0,0.2596
1048.0,0.2591
1049.0,0.2586
1050.0,0.2581
1051.0,0.2574
1052.0,0.2568
1053.0,0.2562
1054.0,0.2556
1055.0,0.255
1056.0,0.2543
1057.0,0.2537
1058.0,0.2531
1059.0,0.2525
1060.0,0.2519
1061.0,0.251
1062.0,0.2502
1063.0,0.2494
1064.0,0.2486
1065.0,0.2478
1066.0,0.2469
1067.0,0.2461
1068.0,0.2453
1069.0,0.2445
1070.0,0.2436
1071.0,0.2429
1072.0,0.2422
1073.0,0.2415
1074.0,0.2408
1075.0,0.24
1076.0,0.2393
1077.0,0.2386
1078.0,0.2379
1079.0,0.2372
1080.0,0.2364
1081.0,0.2356
1082.0,0.2348
1083.0,0.234
1084.0,0.2331
1085.0,0.2323
1086.0,0.2315
1087.0,0.2307
1088.0,0.2298
1089.0,0.229
1090.0,0.2282
1091.0,0.2271
1092.0,0.2259
1093.0,0.2248
1094.0,0.2237
1095.0,0.2225
1096.0,0.2214
1097.0,0.2203
1098.0,0.2191
1099.0,0.218
1100.0,0.2169
1101.0,0.2155
1102.0,0.2142
1103.0,0.2129
1104.0,0.2115
1105.0,0.2102
1106.0,0.2089
1107.0,0.2075
1108.0,0.2062
1109.0,0.2048
1110.0,0.2035
1111.0,0.202
1112.0,0.2004
1113.0,0.1989
1114.0,0.1973
1115.0,0.1958
1116.0,0.1942
1117.0,0.1927
1118.0,0.1912
1119.0,0.1896
1120.0,0.1881
1121.0,0.1862
1122.0,0.1844
1123.0,0.1825
1124.0,0.1807
1125.0,0.1788
1126.0,0.177
1127.0,0.1751
1128.0,0.1733
1129.0,0.1714
1130.0,0.1696
1131.0,0.1675
1132.0,0.1655
1133.0,0.1634
1134.0,0.1613
1135.0,0.1593
1136.0,0.1572
1137.0,0.1552
1138.0,0.1531
1139.0,0.1511
1140.0,0.149
1141.0,0.148
1142.0,0.147
1143.0,0.1459
1144.0,0.1449
1145.0,0.1439
1146.0,0.1428
1147.0,0.1418
1148.0,0.1408
1149.0,0.1398
1150.0,0.1387
1151.0,0.1383
1152.0,0.1379
1153.0,0.1375
1154.0,0.1371
1155.0,0.1367
1156.0,0.1363
1157.0,0.1359
1158.0,0.1354
1159.0,0.135
1160.0,0.1346
1161.0,0.1343
1162.0,0.134
1163.0,0.1337
1164.0,0.1334
1165.0,0.1331
1166.0,0.1328
1167.0,0.1325
1168.0,0.1322
1169.0,0.1318
1170.0,0.1315
1171.0,0.1314
1172.0,0.1313
1173.0,0.1312
1174.0,0.1311
1175.0,0.131
1176.0,0.1309
1177.0,0.1308
1178.0,0.1307
1179.0,0.1306
1180.0,0.1305
1181.0,0.1305
1182.0,0.1305
1183.0,0.1305
1184.0,0.1305
1185.0,0.1305
1186.0,0.1305
1187.0,0.1305
1188.0,0.1305
1189.0,0.1305
1190.0,0.1305
1191.0,0.1305
1192.0,0.1305
1193.0,0.1305
1194.0,0.1305
1195.0,0.1305
1196.0,0.1305
1197.0,0.1305
1198.0,0.1305
1199.0,0.1305
1200.0,0.1305
1201.0,0.1305
1202.0,0.1305
1203.0,0.1305
1204.0,0.1305
1205.0,0.1305
1206.0,0.1305
1207.0,0.1305
1208.0,0.1305
1209.0,0.1305
1210.0,0.1305
1211.0,0.1305
1212.0,0.1305
1213.0,0.1305
1214.0,0.1305
1215.0,0.1305
1216.0,0.1305
1217.0,0.1305
1218.0,0.1305
1219.0,0.1305
1220.0,0.1305
1221.0,0.1305
1222.0,0.1305
1223.0,0.1305
1224.0,0.1305
1225.0,0.1305
1226.0,0.1305
1227.0,0.1305
1228.0,0.1305
1229.0,0.1305
1230.0,0.1305
1231.0,0.1305
1232.0,0.1305
1233.0,0.1305
1234.0,0.1305
1235.0,0.1305
1236.0,0.1305
1237.0,0.1305
1238.0,0.1305
1239.0,0.1305
1240.0,0.1305
1241.0,0.1305
1242.0,0.1305
1243.0,0.1305
1244.0,0.1305
1245.0,0.1305
1246.0,0.1305
1247.0,0.1305
1248.0,0.1305
1249.0,0.1305
1250.0,0.1305
1251.0,0.1305
1252.0,0.1305
1253.0,0.1305
1254.0,0.1305
1255.0,0.1305
1256.0,0.1305
1257.0,0.1305
1258.0,0.1305
1259.0,0.1305
1260.0,0.1305
1261.0,0.1305
1262.0,0.1305
1263.0,0.1305
1264.0,0.1305
1265.0,0.1305
1266.0,0.1305
1267.0,0.1305
1268.0,0.1305
1269.0,0.1305
1270.0,0.1305
1271.0,0.1305
1272.0,0.1305
1273.0,0.1305
1274.0,0.1305
1275.0,0.1305
1276.0,0.1305
1277.0,0.1305
1278.0,0.1305
1279.0,0.1305
1280.0,0.1305
1281.0,0.1305
1282.0,0.1305
1283.0,0.1305
1284.0,0.1305
1285.0,0.1305
1286.0,0.1305
1287.0,0.1305
1288.0,0.1305
1289.0,0.1305
1290.0,0.1305
1291.0,0.1305
1292.0,0.1305
1293.0,0.1305
1294.0,0.1305
1295.0,0.1305
1296.0,0.1305
1297.0,0.1305
1298.0,0.1305
1299.0,0.1305
1300.0,0.1305
1301.0,0.1305
1302.0,0.1305
1303.0,0.1305
1304.0,0.1305
1305.0,0.1305
1306.0,0.1305
1307.0,0.1305
1308.0,0.1305
1309.0,0.1305
1310.0,0.1305
1311.0,0.1305
1312.0,0.1305
1313.0,0.1305
1314.0,0.1305
1315.0,0.1305
1316.0,0.1305
1317.0,0.1305
1318.0,0.1305
1319.0,0.1305
1320.0,0.1305
1321.0,0.1305
1322.0,0.1305
1323.0,0.1305
1324.0,0.1305
1325.0,0.1305
1326.0,0.1305
1327.0,0.1305
1328.0,0.1305
1329.0,0.1305
1330.0,0.1305
1331.0,0.1305
1332.0,0.1305
1333.0,0.1305
1334.0,0.1305
1335.0,0.1305
1336.0,0.1305
1337.0,0.1305
1338.0,0.1305
1339.0,0.1305
1340.0,0.1305
1341.0,0.1305
1342.0,0.1305
1343.0,0.1305
1344.0,0.1305
1345.0,0.1305
1346.0,0.1305
1347.0,0.1305
1348.0,0.1305
1349.0,0.1305
1350.0,0.1305
1351.0,0.1305
1352.0,0.1305
1353.0,0.1305
1354.0,0.1305
1355.0,0.1305
1356.0,0.1305
1357.0,0.1305
1358.0,0.1305
1359.0,0.1305
1360.0,0.1305
1361.0,0.1304
1362.0,0.1304
1363.0,0.1305
1364.0,0.1305
1365.0,0.1304
1366.0,0.1305
1367.0,0.1305
1368.0,0.1304
1369.0,0.1305
1370.0,0.1305
1371.0,0.1304
1372.0,0.1305
1373.0,0.1305
1374.0,0.1305
1375.0,0.1305
1376.0,0.1305
1377.0,0.1305
1378.0,0.1305
1379.0,0.1305
1380.0,0.1305
1381.0,0.1305
1382.0,0.1305
1383.0,0.1305
1384.0,0.1305
1385.0,0.1305
1386.0,0.1305
1387.0,0.1305
1388.0,0.1305
1389.0,0.1305
1390.0,0.1305
1391.0,0.1305
1392.0,0.1305
1393.0,0.1305
1394.0,0.1305
1395.0,0.1305
1396.0,0.1304
1397.0,0.1305
1398.0,0.1305
1399.0,0.1305
1400.0,0.1304
1401.0,0.1304
1402.0,0.1305
1403.0,0.1305
1404.0,0.1305
1405.0,0.1304
1406.0,0.1305
1407.0,0.1305
1408.0,0.1305
1409.0,0.1305
1410.0,0.1305
1411.0,0.1305
1412.0,0.1305
1413.0,0.1305
1414.0,0.1305
1415.0,0.1305
1416.0,0.1305
1417.0,0.1305
1418.0,0.1305
1419.0,0.1305
1420.0,0.1305
1421.0,0.1305
1422.0,0.1305
1423.0,0.1305
1424.0,0.1305
1425.0,0.1305
1426.0,0.1305
1427.0,0.1305
1428.0,0.1305
1429.0,0.1305
1430.0,0.1305
1431.0,0.1305
1432.0,0.1305
1433.0,0.1305
1434.0,0.1305
1435.0,0.1305
1436.0,0.1305
1437.0,0.1305
1438.0,0.1305
1439.0,0.1305
1440.0,0.1305
1441.0,0.1305
1442.0,0.1305
1443.0,0.1305
1444.0,0.1305
1445.0,0.1305
1446.0,0.1305
1447.0,0.1305
1448.0,0.1305
1449.0,0.1305
1450.0,0.1305
1451.0,0.1305
1452.0,0.1305
1453.0,0.1305
1454.0,0.1305
1455.0,0.1305
1456.0,0.1305
1457.0,0.1305
1458.0,0.1305
1459.0,0.1305
1460.0,0.1305
1461.0,0.1305
1462.0,0.1305
1463.0,0.1305
1464.0,0.1305
1465.0,0.1305
1466.0,0.1305
1467.0,0.1305
1468.0,0.1305
1469.0,0.1305
1470.0,0.1305
1471.0,0.1305
1472.0,0.1305
1473.0,0.1305
1474.0,0.1305
1475.0,0.1305
1476.0,0.1305
1477.0,0.1305
1478.0,0.1305
1479.0,0.1305
1480.0,0.1305
1481.0,0.1305
1482.0,0.1305
1483.0,0.1305
1484.0,0.1305
1485.0,0.1305
1486.0,0.1305
1487.0,0.1305
1488.0,0.1305
1489.0,0.1305
1490.0,0.1305
1491.0,0.1305
1492.0,0.1305
1493.0,0.1305
1494.0,0.1305
1495.0,0.1305
1496.0,0.1305
1497.0,0.1305
1498.0,0.1305
1499.0,0.1305
1500.0,0.1305
1501.0,0.1305
1502.0,0.1305
1503.0,0.1305
1504.0,0.1305
1505.0,0.1305
1506.0,0.1305
1507.0,0.1305
1508.0,0.1305
1509.0,0.1305
1510.0,0.1305
1511.0,0.1305
1512.0,0.1305
1513.0,0.1305
1514.0,0.1305
1515.0,0.1305
1516.0,0.1305
1517.0,0.1305
1518.0,0.1305
1519.0,0.1305
1520.0,0.1305
1521.0,0.1305
1522.0,0.1305
1523.0,0.1305
1524.0,0.1305
1525.0,0.1305
1526.0,0.1305
1527.0,0.1305
1528.0,0.1305
1529.0,0.1305
1530.0,0.1305
1531.0,0.1305
1532.0,0.1305
1533.0,0.1305
1534.0,0.1305
1535.0,0.1305
1536.0,0.1305
1537.0,0.1305
1538.0,0.1305
1539.0,0.1305
1540.0,0.1305
1541.0,0.1305
1542.0,0.1305
1543.0,0.1305
1544.0,0.1305
1545.0,0.1305
1546.0,0.1305
1547.0,0.1305
1548.0,0.1305
1549.0,0.1305
1550.0,0.1305
1551.0,0.1305
1552.0,0.1305
1553.0,0.1305
1554.0,0.1305
1555.0,0.1305
1556.0,0.1305
1557.0,0.1305
1558.0,0.1305
1559.0,0.1305
1560.0,0.1305
1561.0,0.1305
1562.0,0.1305
1563.0,0.1305
1564.0,0.1305
1565.0,0.1305
1566.0,0.1305
1567.0,0.1305
1568.0,0.1305
1569.0,0.1305
1570.0,0.1305
1571.0,0.1305
1572.0,0.1305
1573.0,0.1305
1574.0,0.1305
1575.0,0.1305
1576.0,0.1305
1577.0,0.1305
1578.0,0.1305
1579.0,0.1305
1580.0,0.1305
1581.0,0.1305
1582.0,0.1305
1583.0,0.1305
1584.0,0.1305
1585.0,0.1305
1586.0,0.1305
1587.0,0.1305
1588.0,0.1305
1589.0,0.1305
1590.0,0.1305
1591.0,0.1305
1592.0,0.1305
1593.0,0.1305
1594.0,0.1305
1595.0,0.1305
1596.0,0.1305
1597.0,0.1305
1598.0,0.1305
1599.0,0.1305
1600.0,0.1305
1601.0,0.1305
1602.0,0.1305
1603.0,0.1305
1604.0,0.1305
1605.0,0.1305
1606.0,0.1305
1607.0,0.1305
1608.0,0.1305
1609.0,0.1305
1610.0,0.1305
1611.0,0.1305
1612.0,0.1305
1613.0,0.1305
1614.0,0.1305
1615.0,0.1305
1616.0,0.1305
1617.0,0.1305
1618.0,0.1305
1619.0,0.1305
1620.0,0.1305
1621.0,0.1305
1622.0,0.1305
1623.0,0.1305
1624.0,0.1305
1625.0,0.1305
1626.0,0.1305
1627.0,0.1305
1628.0,0.1305
1629.0,0.1305
1630.0,0.1305
1631.0,0.1305
1632.0,0.1305
1633.0,0.1305
1634.0,0.1305
1635.0,0.1305
1636.0,0.1305
1637.0,0.1305
1638.0,0.1305
1639.0,0.1305
1640.0,0.1305
1641.0,0.1305
1642.0,0.1305
1643.0,0.1305
1644.0,0.1305
1645.0,0.1305
1646.0,0.1305
1647.0,0.1305
1648.0,0.1305
1649.0,0.1305
1650.0,0.1305
1651.0,0.1305
1652.0,0.1305
1653.0,0.1305
1654.0,0.1305
1655.0,0.1305
1656.0,0.1305
1657.0,0.1304
1658.0,0.1304
1659.0,0.1304
1660.0,0.1304
1661.0,0.1304
1662.0,0.1304
1663.0,0.1304
1664.0,0.1304
1665.0,0.1304
1666.0,0.1304
1667.0,0.1304
1668.0,0.1304
1669.0,0.1304
1670.0,0.1304
1671.0,0.1304
1672.0,0.1304
1673.0,0.1304
1674.0,0.1304
1675.0,0.1304
1676.0,0.1304
1677.0,0.1304
1678.0,0.1304
1679.0,0.1304
1680.0,0.1304
1681.0,0.1304
1682.0,0.1304
1683.0,0.1304
1684.0,0.1304
1685.0,0.1304
1686.0,0.1304
1687.0,0.1304
1688.0,0.1304
1689.0,0.1304
1690.0,0.1304
1691.0,0.1304
1692.0,0.1304
1693.0,0.1304
1694.0,0.1304
1695.0,0.1304
1696.0,0.1304
1697.0,0.1304
1698.0,0.1304
1699.0,0.1304
1700.0,0.1304
1702.0,0.1304
1705.0,0.1304
1710.0,0.1304
1715.0,0.1304
1720.0,0.1304
1725.0,0.1304
1730.0,0.1304
1735.0,0.1304
1740.0,0.1304
1745.0,0.1304
1750.0,0.1304
1755.0,0.1304
1760.0,0.1304
1765.0,0.1304
1770.0,0.1304
1775.0,0.1304
1780.0,0.1304
1785.0,0.1304
1790.0,0.1304
1795.0,0.1304
1800.0,0.1304
1805.0,0.1304
1810.0,0.1304
1815.0,0.1304
1820.0,0.1304
1825.0,0.1304
1830.0,0.1304
1835.0,0.1304
1840.0,0.1304
1845.0,0.1304
1850.0,0.1304
1855.0,0.1304
1860.0,0.1304
1865.0,0.1304
1870.0,0.1304
1875.0,0.1304
1880.0,0.1304
1885.0,0.1304
1890.0,0.1304
1895.0,0.1304
1900.0,0.1304
1905.0,0.1304
1910.0,0.1304
1915.0,0.1304
1920.0,0.1304
1925.0,0.1304
1930.0,0.1304
1935.0,0.1304
1940.0,0.1304
1945.0,0.1304
1950.0,0.1304
1955.0,0.1304
1960.0,0.1304
1965.0,0.1304
1970.0,0.1304
1975.0,0.1304
1980.0,0.1304
1985.0,0.1304
1990.0,0.1304
1995.0,0.1304
2000.0,0.1304
2005.0,0.1304
2010.0,0.1304
2015.0,0.1304
2020.0,0.1304
2025.0,0.1304
2030.0,0.1304
2035.0,0.1304
2040.0,0.1304
2045.0,0.1304
2050.0,0.1304
2055.0,0.1304
2060.0,0.1304
2065.0,0.1304
2070.0,0.1304
2075.0,0.1304
2080.0,0.1304
2085.0,0.1304
2090.0,0.1304
2095.0,0.1304
2100.0,0.1304
2105.0,0.1304
2110.0,0.1304
2115.0,0.1304
2120.0,0.1304
2125.0,0.1304
2130.0,0.1304
2135.0,0.1304
2140.0,0.1304
2145.0,0.1304
2150.0,0.1304
2155.0,0.1304
2160.0,0.1304
2165.0,0.1304
2170.0,0.1304
2175.0,0.1304
2180.0,0.1304
2185.0,0.1304
2190.0,0.1304
2195.0,0.1304
2200.0,0.1304
2205.0,0.1304
2210.0,0.1304
2215.0,0.1304
2220.0,0.1304
2225.0,0.1304
2230.0,0.1304
2235.0,0.1304
2240.0,0.1304
2245.0,0.1304
2250.0,0.1304
2255.0,0.1304
2260.0,0.1304
2265.0,0.1304
2270.0,0.1304
2275.0,0.1304
2280.0,0.1304
2285.0,0.1304
2290.0,0.1304
2295.0,0.1304
2300.0,0.1304
2305.0,0.1304
2310.0,0.1304
2315.0,0.1304
2320.0,0.1304
2325.0,0.1304
2330.0,0.1304
2335.0,0.1304
2340.0,0.1304
2345.0,0.1304
2350.0,0.1304
2355.0,0.1304
2360.0,0.1304
2365.0,0.1304
2370.0,0.1304
2375.0,0.1304
2380.0,0.1304
2385.0,0.1304
2390.0,0.1304
2395.0,0.1304
2400.0,0.1304
2405.0,0.1304
2410.0,0.1304
2415.0,0.1304
2420.0,0.1304
2425.0,0.1304
2430.0,0.1304
2435.0,0.1304
2440.0,0.1304
2445.0,0.1304
2450.0,0.1304
2455.0,0.1304
2460.0,0.1304
2465.0,0.1304
2470.0,0.1304
2475.0,0.1304
2480.0,0.1304
2485.0,0.1304
2490.0,0.1304
2495.0,0.1304
2500.0,0.1304
2505.0,0.1304
2510.0,0.1304
2515.0,0.1304
2520.0,0.1304
2525.0,0.1304
2530.0,0.1304
2535.0,0.1304
2540.0,0.1304
2545.0,0.1304
2550.0,0.1304
2555.0,0.1304
2560.0,0.1304
2565.0,0.1304
2570.0,0.1304
2575.0,0.1484
2580.0,0.1304
2585.0,0.1484
2590.0,0.1484
2595.0,0.1484
2600.0,0.1484
2605.0,0.1484
2610.0,0.1484
2615.0,0.1484
2620.0,0.1484
2625.0,0.1484
2630.0,0.1484
2635.0,0.1304
2640.0,0.1304
2645.0,0.1304
2650.0,0.1304
2655.0,0.1484
2660.0,0.1484
2665.0,0.1484
2670.0,0.1484
2675.0,0.1484
2680.0,0.1484
2685.0,0.1484
2690.0,0.1484
2695.0,0.1484
2700.0,0.1304
2705.0,0.1304
2710.0,0.1484
2715.0,0.1304
2720.0,0.1484
2725.0,0.1304
2730.0,0.1304
2735.0,0.1304
2740.0,0.1484
2745.0,0.1304
2750.0,0.1304
2755.0,0.1304
2760.0,0.1304
2765.0,0.1304
2770.0,0.1304
2775.0,0.1304
2780.0,0.1304
2785.0,0.1304
2790.0,0.1304
2795.0,0.1304
2800.0,0.1304
2805.0,0.1304
2810.0,0.1304
2815.0,0.1304
2820.0,0.1304
2825.0,0.1304
2830.0,0.1304
2835.0,0.1304
2840.0,0.1304
2845.0,0.1304
2850.0,0.1304
2855.0,0.1304
2860.0,0.1304
2865.0,0.1304
2870.0,0.1304
2875.0,0.1304
2880.0,0.1304
2885.0,0.1304
2890.0,0.1304
2895.0,0.1304
2900.0,0.1304
2905.0,0.1304
2910.0,0.1304
2915.0,0.1304
2920.0,0.1304
2925.0,0.1304
2930.0,0.1304
2935.0,0.1304
2940.0,0.1304
2945.0,0.1304
2950.0,0.1304
2955.0,0.1304
2960.0,0.1304
2965.0,0.1304
2970.0,0.1304
2975.0,0.1304
2980.0,0.1304
2985.0,0.1304
2990.0,0.1304
2995.0,0.1304
3000.0,0.1304
3005.0,0.1304
3010.0,0.1304
3015.0,0.1304
3020.0,0.1304
3025.0,0.1304
3030.0,0.1304
3035.0,0.1304
3040.0,0.1304
3045.0,0.1304
3050.0,0.1304
3055.0,0.1304
3060.0,0.1304
3065.0,0.1304
3070.0,0.1304
3075.0,0.1304
3080.0,0.1304
3085.0,0.1304
3090.0,0.1304
3095.0,0.1304
3100.0,0.1304
3105.0,0.1304
3110.0,0.1304
3115.0,0.1304
3120.0,0.1304
3125.0,0.1304
3130.0,0.1304
3135.0,0.1304
3140.0,0.1304
3145.0,0.1304
3150.0,0.1304
3155.0,0.1304
3160.0,0.1304
3165.0,0.1304
3170.0,0.1304
3175.0,0.1304
3180.0,0.1304
3185.0,0.1304
3190.0,0.1304
3195.0,0.1304
3200.0,0.1304
3205.0,0.1304
3210.0,0.1304
3215.0,0.1304
3220.0,0.1304
3225.0,0.1304
3230.0,0.1304
3235.0,0.1304
3240.0,0.1304
3245.0,0.1304
3250.0,0.1304
3255.0,0.1304
3260.0,0.1304
3265.0,0.1304
3270.0,0.1304
3275.0,0.1304
3280.0,0.1304
3285.0,0.1304
3290.0,0.1304
3295.0,0.1304
3300.0,0.1304
3305.0,0.1304
3310.0,0.1304
3315.0,0.1304
3320.0,0.1304
3325.0,0.1304
3330.0,0.1304
3335.0,0.1304
3340.0,0.1304
3345.0,0.1304
3350.0,0.1304
3355.0,0.1304
3360.0,0.1304
3365.0,0.1304
3370.0,0.1304
3375.0,0.1304
3380.0,0.1304
3385.0,0.1304
3390.0,0.1304
3395.0,0.1304
3400.0,0.1304
3405.0,0.1304
3410.0,0.1304
3415.0,0.1304
3420.0,0.1304
3425.0,0.1304
3430.0,0.1304
3435.0,0.1304
3440.0,0.1304
3445.0,0.1304
3450.0,0.1304
3455.0,0.1304
3460.0,0.1304
3465.0,0.1304
3470.0,0.1304
3475.0,0.1304
3480.0,0.1304
3485.0,0.1304
3490.0,0.1304
3495.0,0.1304
3500.0,0.1304
3505.0,0.1304
3510.0,0.1304
3515.0,0.1304
3520.0,0.1304
3525.0,0.1304
3530.0,0.1304
3535.0,0.1304
3540.0,0.1304
3545.0,0.1304
3550.0,0.1304
3555.0,0.1304
3560.0,0.1304
3565.0,0.1304
3570.0,0.1304
3575.0,0.1304
3580.0,0.1304
3585.0,0.1304
3590.0,0.1304
3595.0,0.1304
3600.0,0.1304
3605.0,0.1304
3610.0,0.1304
3615.0,0.1304
3620.0,0.1304
3625.0,0.1304
3630.0,0.1304
3635.0,0.1304
3640.0,0.1304
3645.0,0.1304
3650.0,0.1304
3655.0,0.1304
3660.0,0.1304
3665.0,0.1304
3670.0,0.1304
3675.0,0.1304
3680.0,0.1304
3685.0,0.1304
3690.0,0.1304
3695.0,0.1304
3700.0,0.1304
3705.0,0.1304
3710.0,0.1304
3715.0,0.1304
3720.0,0.1304
3725.0,0.1304
3730.0,0.1304
3735.0,0.1304
3740.0,0.1304
3745.0,0.1304
3750.0,0.1304
3755.0,0.1304
3760.0,0.1304
3765.0,0.1304
3770.0,0.1304
3775.0,0.1304
3780.0,0.1304
3785.0,0.1304
3790.0,0.1304
3795.0,0.1304
3800.0,0.1304
3805.0,0.1304
3810.0,0.1304
3815.0,0.1304
3820.0,0.1304
3825.0,0.1304
3830.0,0.1304
3835.0,0.1304
3840.0,0.1304
3845.0,0.1304
3850.0,0.1304
3855.0,0.1304
3860.0,0.1304
3865.0,0.1304
3870.0,0.1304
3875.0,0.1304
3880.0,0.1304
3885.0,0.1304
3890.0,0.1304
3895.0,0.1304
3900.0,0.1304
3905.0,0.1304
3910.0,0.1304
3915.0,0.1304
3920.0,0.1304
3925.0,0.1304
3930.0,0.1304
3935.0,0.1304
3940.0,0.1304
3945.0,0.1304
3950.0,0.1304
3955.0,0.1304
3960.0,0.1304
3965.0,0.1304
3970.0,0.1304
3975.0,0.1304
3980.0,0.1304
3985.0,0.1304
3990.0,0.1304
3995.0,0.1304
4000.0,0.1304
