interpolation:linear
wavelength,value
280.0,0.03618
280.5,0.03618
281.0,0.03618
281.5,0.03618
282.0,0.03618
282.5,0.03618
283.0,0.03618
283.5,0.03618
284.0,0.03618
284.5,0.03618
285.0,0.03618
285.5,0.03618
286.0,0.03618
286.5,0.03618
287.0,0.03618
287.5,0.03618
288.0,0.03618
288.5,0.03618
289.0,0.03618
289.5,0.03618
290.0,0.03618
290.5,0.03618
291.0,0.03618
291.5,0.03618
292.0,0.03618
292.5,0.03618
293.0,0.03618
293.5,0.03618
294.0,0.03618
294.5,0.03618
295.0,0.03618
295.5,0.03618
296.0,0.03618
296.5,0.03618
297.0,0.03618
297.5,0.03618
298.0,0.03618
298.5,0.03618
299.0,0.03618
299.5,0.03618
300.0,0.03618
300.5,0.036
301.0,0.03583
301.5,0.03565
302.0,0.03548
302.5,0.0353
303.0,0.03513
303.5,0.03495
304.0,0.03478
304.5,0.0346
305.0,0.03443
305.5,0.03425
306.0,0.03408
306.5,0.0339
307.0,0.03373
307.5,0.03355
308.0,0.03338
308.5,0.0332
309.0,0.03303
309.5,0.03285
310.0,0.03268
310.5,0.0325
311.0,0.03233
311.5,0.03215
312.0,0.03198
312.5,0.0318
313.0,0.03163
313.5,0.03145
314.0,0.03128
314.5,0.0311
315.0,0.03093
315.5,0.03075
316.0,0.03058
316.5,0.0304
317.0,0.03023
317.5,0.03005
318.0,0.02988
318.5,0.0297
319.0,0.02953
319.5,0.02935
320.0,0.02918
320.5,0.02906
321.0,0.02894
321.5,0.02882
322.0,0.02871
322.5,0.02859
323.0,0.02847
323.5,0.02836
324.0,0.02824
324.5,0.02812
325.0,0.02801
325.5,0.02789
326.0,0.02777
326.5,0.02766
327.0,0.02754
327.5,0.02742
328.0,0.02731
328.5,0.02719
329.0,0.02707
329.5,0.02696
330.0,0.02684
330.5,0.02672
331.0,0.02661
331.5,0.02649
332.0,0.02637
332.5,0.02626
333.0,0.02614
333.5,0.02602
334.0,0.02591
334.5,0.02579
335.0,0.02567
335.5,0.02556
336.0,0.02544
336.5,0.02532
337.0,0.02521
337.5,0.02509
338.0,0.02497
338.5,0.02486
339.0,0.02474
339.5,0.02462
340.0,0.02451
340.5,0.02445
341.0,0.02439
341.5,0.02433
342.0,0.02427
342.5,0.02422
343.0,0.02416
343.5,0.0241
344.0,0.02404
344.5,0.02398
345.0,0.02392
345.5,0.02387
346.0,0.02381
346.5,0.02375
347.0,0.02369
347.5,0.02363
348.0,0.02357
348.5,0.02352
349.0,0.02346
349.5,0.0234
350.0,0.02334
350.5,0.02328
351.0,0.02322
351.5,0.02316
352.0,0.02311
352.5,0.02305
353.0,0.02299
353.5,0.02293
354.0,0.02287
354.5,0.02281
355.0,0.02276
355.5,0.0227
356.0,0.02264
356.5,0.02258
357.0,0.02252
357.5,0.02246
358.0,0.02241
358.5,0.02235
359.0,0.02229
359.5,0.02223
360.0,0.02217
360.5,0.02217
361.0,0.02217
361.5,0.02217
362.0,0.02217
362.5,0.02217
363.0,0.02217
363.5,0.02217
364.0,0.02217
364.5,0.02217
365.0,0.02217
365.5,0.02217
366.0,0.02217
366.5,0.02217
367.0,0.02217
367.5,0.02217
368.0,0.02217
368.5,0.02217
369.0,0.02217
369.5,0.02217
370.0,0.02217
370.5,0.02217
371.0,0.02217
371.5,0.02217
372.0,0.02217
372.5,0.02217
373.0,0.02217
373.5,0.02217
374.0,0.02217
374.5,0.02217
375.0,0.02217
375.5,0.02217
376.0,0.02217
376.5,0.02217
377.0,0.02217
377.5,0.02217
378.0,0.02217
378.5,0.02217
379.0,0.02217
379.5,0.02217
380.0,0.02217
380.5,0.02229
381.0,0.02241
381.5,0.02252
382.0,0.02264
382.5,0.02276
383.0,0.02287
383.5,0.02299
384.0,0.02311
384.5,0.02322
385.0,0.02334
385.5,0.02346
386.0,0.02357
386.5,0.02369
387.0,0.02381
387.5,0.02392
388.0,0.02404
388.5,0.02416
389.0,0.02427
389.5,0.02439
390.0,0.02451
390.5,0.02457
391.0,0.02462
391.5,0.02468
392.0,0.02474
392.5,0.0248
393.0,0.02486
393.5,0.02492
394.0,0.02498
394.5,0.02503
395.0,0.02509
395.5,0.02515
396.0,0.02521
396.5,0.02527
397.0,0.02533
397.5,0.02538
398.0,0.02544
398.5,0.0255
399.0,0.02556
399.5,0.02562
400.0,0.02568
401.0,0.02591
402.0,0.02614
403.0,0.02638
404.0,0.02661
405.0,0.02684
406.0,0.02708
407.0,0.02731
408.0,0.02755
409.0,0.02778
410.0,0.02801
411.0,0.02813
412.0,0.02825
413.0,0.02837
414.0,0.02848
415.0,0.0286
416.0,0.02872
417.0,0.02883
418.0,0.02895
419.0,0.02907
420.0,0.02919
421.0,0.0293
422.0,0.02942
423.0,0.02954
424.0,0.02966
425.0,0.02978
426.0,0.02989
427.0,0.03001
428.0,0.03013
429.0,0.03025
430.0,0.03037
431.0,0.03048
432.0,0.0306
433.0,0.03072
434.0,0.03084
435.0,0.03096
436.0,0.03108
437.0,0.03119
438.0,0.03131
439.0,0.03143
440.0,0.03155
441.0,0.03155
442.0,0.03156
443.0,0.03156
444.0,0.03156
445.0,0.03156
446.0,0.03156
447.0,0.03157
448.0,0.03157
449.0,0.03157
450.0,0.03158
451.0,0.03158
452.0,0.03159
453.0,0.03159
454.0,0.03159
455.0,0.0316
456.0,0.0316
457.0,0.0316
458.0,0.03161
459.0,0.03161
460.0,0.03162
461.0,0.03174
462.0,0.03186
463.0,0.03198
464.0,0.0321
465.0,0.03223
466.0,0.03235
467.0,0.03247
468.0,0.03259
469.0,0.03272
470.0,0.03284
471.0,0.03308
472.0,0.03331
473.0,0.03355
474.0,0.03379
475.0,0.03403
476.0,0.03426
477.0,0.0345
478.0,0.03474
479.0,0.03499
480.0,0.03524
481.0,0.03549
482.0,0.03574
483.0,0.03599
484.0,0.03624
485.0,0.03648
486.0,0.03672
487.0,0.03697
488.0,0.03722
489.0,0.03746
490.0,0.03771
491.0,0.03784
492.0,0.03797
493.0,0.0381
494.0,0.03823
495.0,0.03836
496.0,0.03848
497.0,0.03862
498.0,0.03875
499.0,0.03888
500.0,0.03901
501.0,0.03961
502.0,0.0402
503.0,0.04079
504.0,0.04136
505.0,0.042
506.0,0.04261
507.0,0.04321
508.0,0.04383
509.0,0.04444
510.0,0.04505
511.0,0.04591
512.0,0.04677
513.0,0.04762
514.0,0.04847
515.0,0.04932
516.0,0.05017
517.0,0.05103
518.0,0.05188
519.0,0.05273
520.0,0.05358
521.0,0.05455
522.0,0.05553
523.0,0.0565
524.0,0.05746
525.0,0.05843
526.0,0.05941
527.0,0.06038
528.0,0.06136
529.0,0.06233
530.0,0.06331
531.0,0.06393
532.0,0.06455
533.0,0.06518
534.0,0.06581
535.0,0.06645
536.0,0.06709
537.0,0.06773
538.0,0.06835
539.0,0.06898
540.0,0.06958
541.0,0.07002
542.0,0.07054
543.0,0.0711
544.0,0.07157
545.0,0.07209
546.0,0.07257
547.0,0.07313
548.0,0.07368
549.0,0.0742
550.0,0.07472
551.0,0.07501
552.0,0.0753
553.0,0.07557
554.0,0.07585
555.0,0.07613
556.0,0.0764
557.0,0.07667
558.0,0.07694
559.0,0.0772
560.0,0.07746
561.0,0.0776
562.0,0.07774
563.0,0.07787
564.0,0.07799
565.0,0.07812
566.0,0.07825
567.0,0.07835
568.0,0.07835
569.0,0.07837
570.0,0.0785
571.0,0.07843
572.0,0.07822
573.0,0.07809
574.0,0.07793
575.0,0.07776
576.0,0.07764
577.0,0.07754
578.0,0.07751
579.0,0.07753
580.0,0.07763
581.0,0.07769
582.0,0.07771
583.0,0.07771
584.0,0.07767
585.0,0.07761
586.0,0.07753
587.0,0.07736
588.0,0.0771
589.0,0.07628
590.0,0.07612
591.0,0.07611
592.0,0.0754
593.0,0.07528
594.0,0.07475
595.0,0.07415
596.0,0.07427
597.0,0.07356
598.0,0.07329
599.0,0.07297
600.0,0.07256
601.0,0.07243
602.0,0.07224
603.0,0.07209
604.0,0.07191
605.0,0.07172
606.0,0.07151
607.0,0.0713
608.0,0.07109
609.0,0.07088
610.0,0.07067
611.0,0.07009
612.0,0.0695
613.0,0.06892
614.0,0.06833
615.0,0.06773
616.0,0.06714
617.0,0.06653
618.0,0.06593
619.0,0.06533
620.0,0.06471
621.0,0.06435
622.0,0.06398
623.0,0.0636
624.0,0.06321
625.0,0.06282
626.0,0.06241
627.0,0.06193
628.0,0.05999
629.0,0.0606
630.0,0.06018
631.0,0.06026
632.0,0.06003
633.0,0.05983
634.0,0.05962
635.0,0.05934
636.0,0.05903
637.0,0.05874
638.0,0.05846
639.0,0.05814
640.0,0.05783
641.0,0.05763
642.0,0.05744
643.0,0.05722
644.0,0.05701
645.0,0.05671
646.0,0.05638
647.0,0.05573
648.0,0.05554
649.0,0.05518
650.0,0.05542
651.0,0.05527
652.0,0.05463
653.0,0.05483
654.0,0.05465
655.0,0.05412
656.0,0.05402
657.0,0.05387
658.0,0.0537
659.0,0.05358
660.0,0.05334
661.0,0.05331
662.0,0.05327
663.0,0.05317
664.0,0.05305
665.0,0.05294
666.0,0.05284
667.0,0.05274
668.0,0.05265
669.0,0.05254
670.0,0.05244
671.0,0.05246
672.0,0.05248
673.0,0.05251
674.0,0.05253
675.0,0.05255
676.0,0.05257
677.0,0.05259
678.0,0.05261
679.0,0.05263
680.0,0.05264
681.0,0.05265
682.0,0.05266
683.0,0.05267
684.0,0.05266
685.0,0.05271
686.0,0.05267
687.0,0.04791
688.0,0.04833
689.0,0.04836
690.0,0.04879
691.0,0.04987
692.0,0.05108
693.0,0.05155
694.0,0.05222
695.0,0.05316
696.0,0.05346
697.0,0.05455
698.0,0.05463
699.0,0.05436
700.0,0.05464
701.0,0.055
702.0,0.05577
703.0,0.0567
704.0,0.05764
705.0,0.05824
706.0,0.05901
707.0,0.0597
708.0,0.06046
709.0,0.06129
710.0,0.0617
711.0,0.06647
712.0,0.07132
713.0,0.07573
714.0,0.08056
715.0,0.08494
716.0,0.08932
717.0,0.09021
718.0,0.09519
719.0,0.1
720.0,0.1034
721.0,0.1114
722.0,0.1184
723.0,0.1238
724.0,0.1287
725.0,0.1337
726.0,0.1383
727.0,0.1471
728.0,0.1496
729.0,0.1577
730.0,0.1623
731.0,0.1685
732.0,0.1777
733.0,0.1862
734.0,0.1938
735.0,0.2003
736.0,0.2061
737.0,0.2133
738.0,0.2223
739.0,0.2291
740.0,0.2366
741.0,0.2443
742.0,0.2522
743.0,0.2597
744.0,0.2673
745.0,0.2751
746.0,0.2826
747.0,0.2902
748.0,0.2978
749.0,0.3053
750.0,0.3128
751.0,0.3165
752.0,0.3203
753.0,0.324
754.0,0.3277
755.0,0.3313
756.0,0.3351
757.0,0.3388
758.0,0.3424
759.0,0.3436
760.0,0.3116
761.0,0.3149
762.0,0.3182
763.0,0.3214
764.0,0.3247
765.0,0.328
766.0,0.3319
767.0,0.3423
768.0,0.3653
769.0,0.3746
770.0,0.3843
771.0,0.3891
772.0,0.3921
773.0,0.3947
774.0,0.3972
775.0,0.3996
776.0,0.402
777.0,0.4044
778.0,0.4067
779.0,0.409
780.0,0.4114
781.0,0.4128
782.0,0.4142
783.0,0.4156
784.0,0.417
785.0,0.4183
786.0,0.4194
787.0,0.4192
788.0,0.4203
789.0,0.4213
790.0,0.4206
791.0,0.4231
792.0,0.4243
793.0,0.4248
794.0,0.4278
795.0,0.428
796.0,0.4253
797.0,0.427
798.0,0.4302
799.0,0.4302
800.0,0.4295
801.0,0.429
802.0,0.4293
803.0,0.4282
804.0,0.4293
805.0,0.4304
806.0,0.4322
807.0,0.4319
808.0,0.4318
809.0,0.4304
810.0,0.4304
811.0,0.4268
812.0,0.4251
813.0,0.424
814.0,0.4173
815.0,0.4171
816.0,0.4204
817.0,0.4195
818.0,0.4194
819.0,0.4191
820.0,0.4226
821.0,0.4242
822.0,0.4214
823.0,0.4018
824.0,0.4181
825.0,0.4242
826.0,0.4182
827.0,0.4209
828.0,0.4117
829.0,0.4192
830.0,0.4183
831.0,0.4171
832.0,0.4159
833.0,0.416
834.0,0.4147
835.0,0.4182
836.0,0.4152
837.0,0.4168
838.0,0.4147
839.0,0.4165
840.0,0.4165
841.0,0.4158
842.0,0.4166
843.0,0.418
844.0,0.4176
845.0,0.4181
846.0,0.4186
847.0,0.4189
848.0,0.4185
849.0,0.4186
850.0,0.4186
851.0,0.4187
852.0,0.4198
853.0,0.4207
854.0,0.421
855.0,0.4219
856.0,0.4224
857.0,0.4232
858.0,0.4237
859.0,0.4246
860.0,0.4253
861.0,0.4259
862.0,0.4267
863.0,0.4274
864.0,0.4281
865.0,0.4289
866.0,0.4296
867.0,0.4303
868.0,0.431
869.0,0.4318
870.0,0.4325
871.0,0.4331
872.0,0.4337
873.0,0.4343
874.0,0.4349
875.0,0.4354
876.0,0.436
877.0,0.4366
878.0,0.4371
879.0,0.4377
880.0,0.4383
881.0,0.4382
882.0,0.438
883.0,0.4383
884.0,0.4383
885.0,0.4382
886.0,0.4375
887.0,0.4383
888.0,0.438
889.0,0.4387
890.0,0.4379
891.0,0.4384
892.0,0.4367
893.0,0.4361
894.0,0.4332
895.0,0.4294
896.0,0.4288
897.0,0.4272
898.0,0.4272
899.0,0.4188
900.0,0.4259
901.0,0.4186
902.0,0.4166
903.0,0.4201
904.0,0.4287
905.0,0.4265
906.0,0.4252
907.0,0.4168
908.0,0.4202
909.0,0.4175
910.0,0.4076
911.0,0.4152
912.0,0.4203
913.0,0.4065
914.0,0.4153
915.0,0.4021
916.0,0.4099
917.0,0.4085
918.0,0.4052
919.0,0.4092
920.0,0.4153
921.0,0.4126
922.0,0.4075
923.0,0.411
924.0,0.4028
925.0,0.4007
926.0,0.3996
927.0,0.4005
928.0,0.3777
929.0,0.3694
930.0,0.359
931.0,0.3565
932.0,0.3537
933.0,0.3518
934.0,0.3503
935.0,0.349
936.0,0.3476
937.0,0.3462
938.0,0.3448
939.0,0.3455
940.0,0.3468
941.0,0.3413
942.0,0.3399
943.0,0.3369
944.0,0.3358
945.0,0.334
946.0,0.3308
947.0,0.3299
948.0,0.3283
949.0,0.3278
950.0,0.3235
951.0,0.3248
952.0,0.3235
953.0,0.3215
954.0,0.3203
955.0,0.3259
956.0,0.3236
957.0,0.3166
958.0,0.3248
959.0,0.3171
960.0,0.3186
961.0,0.3229
962.0,0.3216
963.0,0.33
964.0,0.3272
965.0,0.3241
966.0,0.3305
967.0,0.3318
968.0,0.346
969.0,0.3391
970.0,0.3421
971.0,0.3438
972.0,0.3453
973.0,0.3386
974.0,0.3394
975.0,0.3443
976.0,0.3432
977.0,0.3508
978.0,0.3467
979.0,0.35
980.0,0.3515
981.0,0.3541
982.0,0.3536
983.0,0.3532
984.0,0.3583
985.0,0.3545
986.0,0.3612
987.0,0.3599
988.0,0.3611
989.0,0.3634
990.0,0.3615
991.0,0.364
992.0,0.3641
993.0,0.3629
994.0,0.3643
995.0,0.3645
996.0,0.3643
997.0,0.3644
998.0,0.3644
999.0,0.3644
1000.0,0.3643
1001.0,0.3643
1002.0,0.3628
1003.0,0.3638
1004.0,0.3631
1005.0,0.3632
1006.0,0.363
1007.0,0.3627
1008.0,0.3623
1009.0,0.3619
1010.0,0.3616
1011.0,0.3615
1012.0,0.3611
1013.0,0.3609
1014.0,0.3605
1015.0,0.3601
1016.0,0.3597
1017.0,0.3592
1018.0,0.359
1019.0,0.3582
1020.0,0.3582
1021.0,0.3577
1022.0,0.3571
1023.0,0.3566
1024.0,0.3556
1025.0,0.3556
1026.0,0.3549
1027.0,0.3545
1028.0,0.3539
1029.0,0.3533
1030.0,0.3529
1031.0,0.3524
1032.0,0.3519
1033.0,0.3514
1034.0,0.3508
1035.0,0.3503
1036.0,0.3497
1037.0,0.3492
1038.0,0.3487
1039.0,0.3481
1040.0,0.3476
1041.0,0.3469
1042.0,0.3462
1043.0,0.3456
1044.0,0.3449
1045.0,0.3442
1046.0,0.3435
1047.0,0.3428
1048.0,0.3421
1049.0,0.3414
1050.0,0.3407
1051.0,0.3398
1052.0,0.339
1053.0,0.3381
1054.0,0.3372
1055.0,0.3363
1056.0,0.3354
1057.0,0.3346
1058.0,0.3337
1059.0,0.3328
1060.0,0.332
1061.0,0.3308
1062.0,0.3297
1063.0,0.3285
1064.0,0.3275
1065.0,0.3262
1066.0,0.3253
1067.0,0.3242
1068.0,0.323
1069.0,0.3221
1070.0,0.3211
1071.0,0.3204
1072.0,0.3193
1073.0,0.3184
1074.0,0.3179
1075.0,0.3159
1076.0,0.316
1077.0,0.3146
1078.0,0.3132
1079.0,0.3134
1080.0,0.3117
1081.0,0.3101
1082.0,0.31
1083.0,0.3091
1084.0,0.3069
1085.0,0.3066
1086.0,0.3044
1087.0,0.3038
1088.0,0.3037
1089.0,0.3015
1090.0,0.3002
1091.0,0.2997
1092.0,0.2984
1093.0,0.2943
1094.0,0.2951
1095.0,0.2908
1096.0,0.2883
1097.0,0.2911
1098.0,0.2855
1099.0,0.2834
1100.0,0.2796
1101.0,0.2796
1102.0,0.2762
1103.0,0.2716
1104.0,0.2723
1105.0,0.2713
1106.0,0.2575
1107.0,0.268
1108.0,0.2572
1109.0,0.2568
1110.0,0.2576
1111.0,0.24
1112.0,0.2536
1113.0,0.2328
1114.0,0.2304
1115.0,0.2266
1116.0,0.2207
1117.0,0.2188
1118.0,0.2174
1119.0,0.2153
1120.0,0.2136
1121.0,0.2115
1122.0,0.2094
1123.0,0.2073
1124.0,0.2052
1125.0,0.2031
1126.0,0.201
1127.0,0.1989
1128.0,0.1968
1129.0,0.1947
1130.0,0.1926
1131.0,0.1903
1132.0,0.188
1133.0,0.1856
1134.0,0.1832
1135.0,0.1809
1136.0,0.1786
1137.0,0.1763
1138.0,0.1739
1139.0,0.1728
1140.0,0.1697
1141.0,0.1681
1142.0,0.1671
1143.0,0.1662
1144.0,0.1646
1145.0,0.1634
1146.0,0.1622
1147.0,0.161
1148.0,0.1603
1149.0,0.1588
1150.0,0.1577
1151.0,0.1572
1152.0,0.157
1153.0,0.1572
1154.0,0.1558
1155.0,0.1574
1156.0,0.1571
1157.0,0.1613
1158.0,0.1601
1159.0,0.1608
1160.0,0.1626
1161.0,0.17
1162.0,0.1715
1163.0,0.1736
1164.0,0.1729
1165.0,0.1686
1166.0,0.1724
1167.0,0.172
1168.0,0.1716
1169.0,0.1719
1170.0,0.1726
1171.0,0.1717
1172.0,0.1732
1173.0,0.1717
1174.0,0.1682
1175.0,0.1724
1176.0,0.1735
1177.0,0.1726
1178.0,0.1708
1179.0,0.1729
1180.0,0.1724
1181.0,0.1714
1182.0,0.1673
1183.0,0.1717
1184.0,0.1721
1185.0,0.1712
1186.0,0.1722
1187.0,0.1713
1188.0,0.1672
1189.0,0.1717
1190.0,0.1725
1191.0,0.1713
1192.0,0.1726
1193.0,0.1728
1194.0,0.1725
1195.0,0.1717
1196.0,0.171
1197.0,0.1726
1198.0,0.1727
1199.0,0.1702
1200.0,0.1722
1201.0,0.1714
1202.0,0.1725
1203.0,0.1716
1204.0,0.1725
1205.0,0.173
1206.0,0.1732
1207.0,0.1722
1208.0,0.1726
1209.0,0.1727
1210.0,0.1732
1211.0,0.1729
1212.0,0.1715
1213.0,0.173
1214.0,0.172
1215.0,0.1717
1216.0,0.1732
1217.0,0.173
1218.0,0.1732
1219.0,0.1731
1220.0,0.1732
1221.0,0.1734
1222.0,0.1733
1223.0,0.1732
1224.0,0.173
1225.0,0.1732
1226.0,0.1735
1227.0,0.1728
1228.0,0.1736
1229.0,0.1734
1230.0,0.1734
1231.0,0.1737
1232.0,0.1737
1233.0,0.1731
1234.0,0.1738
1235.0,0.1737
1236.0,0.1738
1237.0,0.1736
1238.0,0.1738
1239.0,0.1738
1240.0,0.1738
1241.0,0.1737
1242.0,0.1738
1243.0,0.1738
1244.0,0.1738
1245.0,0.1738
1246.0,0.1738
1247.0,0.1738
1248.0,0.1738
1249.0,0.1738
1250.0,0.1738
1251.0,0.1737
1252.0,0.1738
1253.0,0.1736
1254.0,0.1734
1255.0,0.1738
1256.0,0.1733
1257.0,0.1732
1258.0,0.1736
1259.0,0.1728
1260.0,0.1729
1261.0,0.1712
1262.0,0.1699
1263.0,0.1699
1264.0,0.1651
1265.0,0.1699
1266.0,0.1675
1267.0,0.1693
1268.0,0.1662
1269.0,0.1483
1270.0,0.1686
1271.0,0.1717
1272.0,0.1718
1273.0,0.1716
1274.0,0.172
1275.0,0.1722
1276.0,0.1726
1277.0,0.1729
1278.0,0.1733
1279.0,0.1734
1280.0,0.1734
1281.0,0.1736
1282.0,0.1738
1283.0,0.1738
1284.0,0.1738
1285.0,0.1738
1286.0,0.1739
1287.0,0.1738
1288.0,0.1738
1289.0,0.1733
1290.0,0.1738
1291.0,0.1739
1292.0,0.1731
1293.0,0.1738
1294.0,0.1738
1295.0,0.1733
1296.0,0.173
1297.0,0.1727
1298.0,0.1734
1299.0,0.1738
1300.0,0.1724
1301.0,0.1722
1302.0,0.1734
1303.0,0.1731
1304.0,0.1699
1305.0,0.1732
1306.0,0.1728
1307.0,0.1715
1308.0,0.1727
1309.0,0.1725
1310.0,0.1716
1311.0,0.1729
1312.0,0.1724
1313.0,0.1713
1314.0,0.168
1315.0,0.1679
1316.0,0.1725
1317.0,0.1728
1318.0,0.173
1319.0,0.17
1320.0,0.1683
1321.0,0.171
1322.0,0.1681
1323.0,0.1606
1324.0,0.1701
1325.0,0.1706
1326.0,0.1695
1327.0,0.168
1328.0,0.1608
1329.0,0.1511
1330.0,0.1544
1331.0,0.1499
1332.0,0.1487
1333.0,0.1498
1334.0,0.1566
1335.0,0.1541
1336.0,0.1512
1337.0,0.1524
1338.0,0.1507
1339.0,0.1508
1340.0,0.1514
1341.0,0.1488
1342.0,0.1491
1343.0,0.1482
1344.0,0.1483
1345.0,0.1482
1346.0,0.1482
1347.0,0.1482
1348.0,0.1482
1349.0,0.1482
1350.0,0.1482
1351.0,0.1482
1352.0,0.1482
1353.0,0.1482
1354.0,0.1482
1355.0,0.1482
1356.0,0.1482
1357.0,0.1482
1358.0,0.1482
1359.0,0.1482
1360.0,0.1482
1361.0,0.1482
1362.0,0.1482
1363.0,0.1482
1364.0,0.1482
1365.0,0.1482
1366.0,0.1482
1367.0,0.1482
1368.0,0.1482
1369.0,0.1482
1370.0,0.1482
1371.0,0.1482
1372.0,0.1482
1373.0,0.1482
1374.0,0.1482
1375.0,0.1482
1376.0,0.1482
1377.0,0.1482
1378.0,0.1482
1379.0,0.1482
1380.0,0.1482
1381.0,0.1482
1382.0,0.1482
1383.0,0.1482
1384.0,0.1482
1385.0,0.1482
1386.0,0.1482
1387.0,0.1482
1388.0,0.1482
1389.0,0.1482
1390.0,0.1482
1391.0,0.1482
1392.0,0.1482
1393.0,0.1482
1394.0,0.1482
1395.0,0.1482
1396.0,0.1482
1397.0,0.1482
1398.0,0.1482
1399.0,0.1482
1400.0,0.1482
1401.0,0.1482
1402.0,0.1482
1403.0,0.1482
1404.0,0.1482
1405.0,0.1482
1406.0,0.1482
1407.0,0.1482
1408.0,0.1482
1409.0,0.1482
1410.0,0.1482
1411.0,0.1482
1412.0,0.1482
1413.0,0.1482
1414.0,0.1482
1415.0,0.1482
1416.0,0.1482
1417.0,0.1482
1418.0,0.1482
1419.0,0.1482
1420.0,0.1482
1421.0,0.1482
1422.0,0.1482
1423.0,0.1482
1424.0,0.1482
1425.0,0.1482
1426.0,0.1482
1427.0,0.1482
1428.0,0.1482
1429.0,0.1482
1430.0,0.1482
1431.0,0.1482
1432.0,0.1482
1433.0,0.1482
1434.0,0.1482
1435.0,0.1482
1436.0,0.1482
1437.0,0.1482
1438.0,0.1482
1439.0,0.1482
1440.0,0.1482
1441.0,0.1482
1442.0,0.1482
1443.0,0.1482
1444.0,0.1482
1445.0,0.1482
1446.0,0.1482
1447.0,0.1482
1448.0,0.1482
1449.0,0.1482
1450.0,0.1482
1451.0,0.1482
1452.0,0.1482
1453.0,0.1482
1454.0,0.1483
1455.0,0.1482
1456.0,0.1482
1457.0,0.1483
1458.0,0.149
1459.0,0.1488
1460.0,0.1485
1461.0,0.1482
1462.0,0.1483
1463.0,0.1483
1464.0,0.1485
1465.0,0.1485
1466.0,0.1482
1467.0,0.1482
1468.0,0.1482
1469.0,0.1482
1470.0,0.1482
1471.0,0.1482
1472.0,0.1482
1473.0,0.1482
1474.0,0.1486
1475.0,0.1492
1476.0,0.1483
1477.0,0.1482
1478.0,0.1483
1479.0,0.1485
1480.0,0.1482
1481.0,0.1483
1482.0,0.1483
1483.0,0.1488
1484.0,0.1516
1485.0,0.1493
1486.0,0.1485
1487.0,0.1483
1488.0,0.1498
1489.0,0.1531
1490.0,0.1629
1491.0,0.1638
1492.0,0.153
1493.0,0.1621
1494.0,0.169
1495.0,0.1656
1496.0,0.1628
1497.0,0.1721
1498.0,0.1708
1499.0,0.1701
1500.0,0.1734
1501.0,0.1732
1502.0,0.1733
1503.0,0.1713
1504.0,0.1598
1505.0,0.1711
1506.0,0.1737
1507.0,0.1736
1508.0,0.1737
1509.0,0.1723
1510.0,0.1739
1511.0,0.1735
1512.0,0.174
1513.0,0.173
1514.0,0.1728
1515.0,0.1741
1516.0,0.1741
1517.0,0.1735
1518.0,0.1739
1519.0,0.1734
1520.0,0.1739
1521.0,0.1744
1522.0,0.1742
1523.0,0.1745
1524.0,0.1743
1525.0,0.174
1526.0,0.174
1527.0,0.1742
1528.0,0.1744
1529.0,0.1743
1530.0,0.1742
1531.0,0.1743
1532.0,0.1745
1533.0,0.1745
1534.0,0.1746
1535.0,0.1745
1536.0,0.1745
1537.0,0.1745
1538.0,0.1746
1539.0,0.1745
1540.0,0.1746
1541.0,0.1745
1542.0,0.1745
1543.0,0.1746
1544.0,0.1745
1545.0,0.1746
1546.0,0.1745
1547.0,0.1746
1548.0,0.1746
1549.0,0.1746
1550.0,0.1746
1551.0,0.1746
1552.0,0.1746
1553.0,0.1746
1554.0,0.1746
1555.0,0.1746
1556.0,0.1746
1557.0,0.1746
1558.0,0.1746
1559.0,0.1746
1560.0,0.1746
1561.0,0.1746
1562.0,0.1746
1563.0,0.1746
1564.0,0.1746
1565.0,0.1746
1566.0,0.1746
1567.0,0.1746
1568.0,0.1746
1569.0,0.1746
1570.0,0.1746
1571.0,0.1746
1572.0,0.1746
1573.0,0.1746
1574.0,0.1746
1575.0,0.1746
1576.0,0.1745
1577.0,0.1745
1578.0,0.1745
1579.0,0.1745
1580.0,0.1745
1581.0,0.1745
1582.0,0.1745
1583.0,0.1745
1584.0,0.1746
1585.0,0.1746
1586.0,0.1746
1587.0,0.1746
1588.0,0.1746
1589.0,0.1746
1590.0,0.1746
1591.0,0.1746
1592.0,0.1746
1593.0,0.1746
1594.0,0.1746
1595.0,0.1746
1596.0,0.1746
1597.0,0.1746
1598.0,0.1746
1599.0,0.1746
1600.0,0.1747
1601.0,0.1746
1602.0,0.1746
1603.0,0.1747
1604.0,0.1747
1605.0,0.1747
1606.0,0.1747
1607.0,0.1747
1608.0,0.1746
1609.0,0.1747
1610.0,0.1747
1611.0,0.1747
1612.0,0.1747
1613.0,0.1746
1614.0,0.1747
1615.0,0.1747
1616.0,0.1747
1617.0,0.1746
1618.0,0.1747
1619.0,0.1746
1620.0,0.1747
1621.0,0.1747
1622.0,0.1747
1623.0,0.1747
1624.0,0.1747
1625.0,0.1747
1626.0,0.1747
1627.0,0.1747
1628.0,0.1746
1629.0,0.1747
1630.0,0.1747
1631.0,0.1746
1632.0,0.1746
1633.0,0.1746
1634.0,0.1747
1635.0,0.1745
1636.0,0.1746
1637.0,0.1747
1638.0,0.1744
1639.0,0.1747
1640.0,0.1744
1641.0,0.1746
1642.0,0.1747
1643.0,0.1743
1644.0,0.1747
1645.0,0.1745
1646.0,0.1742
1647.0,0.1747
1648.0,0.1742
1649.0,0.1746
1650.0,0.1746
1651.0,0.1741
1652.0,0.1746
1653.0,0.1747
1654.0,0.1743
1655.0,0.1747
1656.0,0.1745
1657.0,0.1746
1658.0,0.1747
1659.0,0.1747
1660.0,0.1747
1661.0,0.1747
1662.0,0.1746
1663.0,0.1747
1664.0,0.1747
1665.0,0.1743
1666.0,0.169
1667.0,0.1743
1668.0,0.1746
1669.0,0.1747
1670.0,0.1747
1671.0,0.1747
1672.0,0.1747
1673.0,0.1747
1674.0,0.1746
1675.0,0.1746
1676.0,0.1747
1677.0,0.1746
1678.0,0.1745
1679.0,0.1747
1680.0,0.1747
1681.0,0.1746
1682.0,0.1747
1683.0,0.1747
1684.0,0.1742
1685.0,0.1747
1686.0,0.1747
1687.0,0.1746
1688.0,0.1747
1689.0,0.1747
1690.0,0.1747
1691.0,0.1743
1692.0,0.1746
1693.0,0.1747
1694.0,0.1746
1695.0,0.1747
1696.0,0.1747
1697.0,0.174
1698.0,0.1747
1699.0,0.1747
1700.0,0.1746
1702.0,0.1747
1705.0,0.1746
1710.0,0.1746
1715.0,0.1746
1720.0,0.1747
1725.0,0.1744
1730.0,0.1746
1735.0,0.1745
1740.0,0.1745
1745.0,0.1746
1750.0,0.1743
1755.0,0.1744
1760.0,0.1742
1765.0,0.1741
1770.0,0.1737
1775.0,0.1734
1780.0,0.1723
1785.0,0.1689
1790.0,0.1654
1795.0,0.1482
1800.0,0.1482
1805.0,0.1482
1810.0,0.1482
1815.0,0.1482
1820.0,0.1482
1825.0,0.1482
1830.0,0.1482
1835.0,0.1482
1840.0,0.1482
1845.0,0.1482
1850.0,0.1482
1855.0,0.1482
1860.0,0.1482
1865.0,0.1482
1870.0,0.1482
1875.0,0.1482
1880.0,0.1482
1885.0,0.1482
1890.0,0.1482
1895.0,0.1482
1900.0,0.1482
1905.0,0.1482
1910.0,0.1482
1915.0,0.1482
1920.0,0.1482
1925.0,0.1482
1930.0,0.1482
1935.0,0.1482
1940.0,0.1482
1945.0,0.1482
1950.0,0.1483
1955.0,0.1482
1960.0,0.1484
1965.0,0.1722
1970.0,0.1735
1975.0,0.1737
1980.0,0.1723
1985.0,0.1735
1990.0,0.1744
1995.0,0.1743
2000.0,0.1746
2005.0,0.1742
2010.0,0.1748
2015.0,0.1743
2020.0,0.1746
2025.0,0.1748
2030.0,0.1747
2035.0,0.1749
2040.0,0.1748
2045.0,0.1748
2050.0,0.1749
2055.0,0.1748
2060.0,0.1748
2065.0,0.1748
2070.0,0.1748
2075.0,0.1749
2080.0,0.1749
2085.0,0.1749
2090.0,0.1749
2095.0,0.1749
2100.0,0.1748
2105.0,0.1749
2110.0,0.1749
2115.0,0.1749
2120.0,0.1749
2125.0,0.1749
2130.0,0.1749
2135.0,0.1749
2140.0,0.1749
2145.0,0.1749
2150.0,0.1749
2155.0,0.1749
2160.0,0.1749
2165.0,0.1749
2170.0,0.1749
2175.0,0.1749
2180.0,0.1749
2185.0,0.1748
2190.0,0.1749
2195.0,0.1749
2200.0,0.1744
2205.0,0.1748
2210.0,0.1749
2215.0,0.1749
2220.0,0.1749
2225.0,0.1749
2230.0,0.1749
2235.0,0.1749
2240.0,0.1749
2245.0,0.1748
2250.0,0.1749
2255.0,0.1746
2260.0,0.1746
2265.0,0.1748
2270.0,0.1744
2275.0,0.1744
2280.0,0.1748
2285.0,0.1744
2290.0,0.1745
2295.0,0.1744
2300.0,0.1739
2305.0,0.1741
2310.0,0.1748
2315.0,0.1742
2320.0,0.1728
2325.0,0.1747
2330.0,0.1744
2335.0,0.1746
2340.0,0.1725
2345.0,0.1731
2350.0,0.1721
2355.0,0.1726
2360.0,0.1734
2365.0,0.1745
2370.0,0.1543
2375.0,0.1725
2380.0,0.174
2385.0,0.1694
2390.0,0.1703
2395.0,0.1714
2400.0,0.1719
2405.0,0.1731
2410.0,0.1729
2415.0,0.1616
2420.0,0.1591
2425.0,0.1621
2430.0,0.1691
2435.0,0.1496
2440.0,0.17
2445.0,0.1515
2450.0,0.1489
2455.0,0.1668
2460.0,0.1532
2465.0,0.149
2470.0,0.1482
2475.0,0.1483
2480.0,0.1484
2485.0,0.1482
2490.0,0.1482
2495.0,0.1482
2500.0,0.1482
2505.0,0.1482
2510.0,0.1482
2515.0,0.1483
2520.0,0.1482
2525.0,0.1482
2530.0,0.1482
2535.0,0.1482
2540.0,0.1482
2545.0,0.1482
2550.0,0.1482
2555.0,0.1482
2560.0,0.1482
2565.0,0.1482
2570.0,0.1482
2575.0,0.3315
2580.0,0.1482
2585.0,0.3315
2590.0,0.3315
2595.0,0.3315
2600.0,0.3315
2605.0,0.3315
2610.0,0.3315
2615.0,0.3315
2620.0,0.3315
2625.0,0.3315
2630.0,0.3315
2635.0,0.1482
2640.0,0.1482
2645.0,0.1482
2650.0,0.1482
2655.0,0.3315
2660.0,0.3315
2665.0,0.3315
2670.0,0.3315
2675.0,0.3315
2680.0,0.3315
2685.0,0.3315
2690.0,0.3315
2695.0,0.3315
2700.0,0.1482
2705.0,0.1482
2710.0,0.3315
2715.0,0.1482
2720.0,0.3315
2725.0,0.1482
2730.0,0.1482
2735.0,0.1482
2740.0,0.3315
2745.0,0.1482
2750.0,0.1482
2755.0,0.1482
2760.0,0.1482
2765.0,0.1482
2770.0,0.1482
2775.0,0.1711
2780.0,0.1482
2785.0,0.1482
2790.0,0.1482
2795.0,0.1482
2800.0,0.1486
2805.0,0.1482
2810.0,0.1482
2815.0,0.1482
2820.0,0.1482
2825.0,0.175
2830.0,0.1482
2835.0,0.1482
2840.0,0.1488
2845.0,0.1482
2850.0,0.1482
2855.0,0.1482
2860.0,0.1507
2865.0,0.1482
2870.0,0.1529
2875.0,0.1482
2880.0,0.1482
2885.0,0.1482
2890.0,0.1482
2895.0,0.1482
2900.0,0.1482
2905.0,0.1482
2910.0,0.1482
2915.0,0.1482
2920.0,0.1482
2925.0,0.1482
2930.0,0.1482
2935.0,0.1482
2940.0,0.1482
2945.0,0.1482
2950.0,0.1482
2955.0,0.1482
2960.0,0.1482
2965.0,0.1483
2970.0,0.1482
2975.0,0.1482
2980.0,0.1482
2985.0,0.1486
2990.0,0.1538
2995.0,0.1485
3000.0,0.1489
3005.0,0.1482
3010.0,0.1494
3015.0,0.1485
3020.0,0.1482
3025.0,0.1483
3030.0,0.1485
3035.0,0.1482
3040.0,0.1482
3045.0,0.1482
3050.0,0.1482
3055.0,0.1482
3060.0,0.1482
3065.0,0.1482
3070.0,0.1482
3075.0,0.1483
3080.0,0.1482
3085.0,0.1482
3090.0,0.1482
3095.0,0.1482
3100.0,0.1482
3105.0,0.1482
3110.0,0.1482
3115.0,0.1482
3120.0,0.1485
3125.0,0.1693
3130.0,0.1485
3135.0,0.1504
3140.0,0.1484
3145.0,0.1483
3150.0,0.1486
3155.0,0.1506
3160.0,0.1529
3165.0,0.1641
3170.0,0.1682
3175.0,0.1498
3180.0,0.1599
3185.0,0.1482
3190.0,0.1494
3195.0,0.1482
3200.0,0.1482
3205.0,0.1482
3210.0,0.1482
3215.0,0.1482
3220.0,0.1482
3225.0,0.1482
3230.0,0.1482
3235.0,0.1482
3240.0,0.1482
3245.0,0.1482
3250.0,0.1482
3255.0,0.1484
3260.0,0.1482
3265.0,0.1482
3270.0,0.1482
3275.0,0.1482
3280.0,0.1482
3285.0,0.153
3290.0,0.1485
3295.0,0.1483
3300.0,0.1482
3305.0,0.1482
3310.0,0.1482
3315.0,0.1482
3320.0,0.1482
3325.0,0.1482
3330.0,0.151
3335.0,0.1508
3340.0,0.1715
3345.0,0.1482
3350.0,0.1573
3355.0,0.1484
3360.0,0.1493
3365.0,0.1645
3370.0,0.1482
3375.0,0.1715
3380.0,0.1483
3385.0,0.1716
3390.0,0.1607
3395.0,0.1712
3400.0,0.1747
3405.0,0.1482
3410.0,0.173
3415.0,0.1499
3420.0,0.1749
3425.0,0.1684
3430.0,0.1545
3435.0,0.1749
3440.0,0.1525
3445.0,0.1747
3450.0,0.1737
3455.0,0.1687
3460.0,0.175
3465.0,0.1688
3470.0,0.175
3475.0,0.1743
3480.0,0.1743
3485.0,0.1749
3490.0,0.1738
3495.0,0.1749
3500.0,0.1749
3505.0,0.1749
3510.0,0.1749
3515.0,0.1749
3520.0,0.175
3525.0,0.175
3530.0,0.1749
3535.0,0.174
3540.0,0.1737
3545.0,0.1736
3550.0,0.1749
3555.0,0.1744
3560.0,0.175
3565.0,0.1748
3570.0,0.1744
3575.0,0.1737
3580.0,0.1749
3585.0,0.1743
3590.0,0.1748
3595.0,0.175
3600.0,0.175
3605.0,0.1749
3610.0,0.1748
3615.0,0.175
3620.0,0.175
3625.0,0.1749
3630.0,0.175
3635.0,0.175
3640.0,0.1751
3645.0,0.175
3650.0,0.175
3655.0,0.175
3660.0,0.175
3665.0,0.1749
3670.0,0.1749
3675.0,0.1717
3680.0,0.1748
3685.0,0.1749
3690.0,0.1749
3695.0,0.175
3700.0,0.1751
3705.0,0.1751
3710.0,0.175
3715.0,0.175
3720.0,0.175
3725.0,0.1751
3730.0,0.175
3735.0,0.175
3740.0,0.175
3745.0,0.1751
3750.0,0.175
3755.0,0.175
3760.0,0.175
3765.0,0.175
3770.0,0.175
3775.0,0.175
3780.0,0.175
3785.0,0.175
3790.0,0.175
3795.0,0.175
3800.0,0.1751
3805.0,0.175
3810.0,0.175
3815.0,0.175
3820.0,0.1751
3825.0,0.1751
3830.0,0.1751
3835.0,0.175
3840.0,0.175
3845.0,0.175
3850.0,0.175
3855.0,0.175
3860.0,0.1749
3865.0,0.1749
3870.0,0.1743
3875.0,0.1728
3880.0,0.1712
3885.0,0.1727
3890.0,0.1732
3895.0,0.1745
3900.0,0.1749
3905.0,0.1749
3910.0,0.1741
3915.0,0.1739
3920.0,0.174
3925.0,0.1739
3930.0,0.1743
3935.0,0.1747
3940.0,0.1747
3945.0,0.1748
3950.0,0.1749
3955.0,0.1749
3960.0,0.175
3965.0,0.175
3970.0,0.175
3975.0,0.1749
3980.0,0.1749
3985.0,0.1749
3990.0,0.1749
3995.0,0.1749
4000.0,0.1748
