interpolation:linear
wavelength,value
280.0,0.03618
280.5,0.03618
281.0,0.03618
281.5,0.03618
282.0,0.03618
282.5,0.03618
283.0,0.03618
283.5,0.03618
284.0,0.03618
284.5,0.03618
285.0,0.03618
285.5,0.03618
286.0,0.03618
286.5,0.03618
287.0,0.03617
287.5,0.03617
288.0,0.03616
288.5,0.03615
289.0,0.03614
289.5,0.03612
290.0,0.03609
290.5,0.03606
291.0,0.03602
291.5,0.03594
292.0,0.03585
292.5,0.0358
293.0,0.03575
293.5,0.03568
294.0,0.03563
294.5,0.03534
295.0,0.0353
295.5,0.0352
296.0,0.03514
296.5,0.03509
297.0,0.03505
297.5,0.035
298.0,0.03497
298.5,0.03496
299.0,0.03495
299.5,0.03496
300.0,0.03497
300.5,0.03482
301.0,0.03471
301.5,0.03461
302.0,0.03447
302.5,0.03426
303.0,0.03403
303.5,0.03383
304.0,0.03365
304.5,0.03348
305.0,0.03331
305.5,0.03314
306.0,0.03297
306.5,0.0328
307.0,0.03264
307.5,0.03248
308.0,0.0323
308.5,0.03214
309.0,0.03204
309.5,0.03184
310.0,0.03165
310.5,0.03146
311.0,0.03128
311.5,0.0311
312.0,0.03091
312.5,0.03073
313.0,0.03055
313.5,0.03037
314.0,0.0302
314.5,0.03002
315.0,0.02984
315.5,0.02966
316.0,0.02949
316.5,0.02932
317.0,0.02914
317.5,0.02896
318.0,0.02879
318.5,0.02863
319.0,0.02846
319.5,0.02827
320.0,0.02809
320.5,0.02799
321.0,0.02788
321.5,0.02776
322.0,0.02763
322.5,0.02751
323.0,0.0274
323.5,0.02731
324.0,0.02719
324.5,0.02707
325.0,0.02692
325.5,0.02681
326.0,0.02671
326.5,0.0266
327.0,0.02648
327.5,0.02636
328.0,0.02623
328.5,0.02612
329.0,0.02601
329.5,0.0259
330.0,0.02577
330.5,0.02565
331.0,0.02553
331.5,0.02541
332.0,0.0253
332.5,0.02519
333.0,0.02507
333.5,0.02494
334.0,0.02482
334.5,0.02471
335.0,0.0246
335.5,0.02451
336.0,0.02439
336.5,0.02424
337.0,0.02412
337.5,0.024
338.0,0.02389
338.5,0.0238
339.0,0.02367
339.5,0.02356
340.0,0.02342
340.5,0.02336
341.0,0.02332
341.5,0.02324
342.0,0.02318
342.5,0.02312
343.0,0.02306
343.5,0.023
344.0,0.02293
344.5,0.02289
345.0,0.02282
345.5,0.02275
346.0,0.02269
346.5,0.02263
347.0,0.02257
347.5,0.02251
348.0,0.02244
348.5,0.02238
349.0,0.02232
349.5,0.02226
350.0,0.0222
350.5,0.02214
351.0,0.02208
351.5,0.02202
352.0,0.02196
352.5,0.02189
353.0,0.02183
353.5,0.02177
354.0,0.02171
354.5,0.02165
355.0,0.02159
355.5,0.02153
356.0,0.02147
356.5,0.02141
357.0,0.02135
357.5,0.02129
358.0,0.02123
358.5,0.02117
359.0,0.02111
359.5,0.02105
360.0,0.02099
360.5,0.02099
361.0,0.02098
361.5,0.02098
362.0,0.02097
362.5,0.02097
363.0,0.02096
363.5,0.02096
364.0,0.02095
364.5,0.02095
365.0,0.02094
365.5,0.02094
366.0,0.02094
366.5,0.02093
367.0,0.02093
367.5,0.02092
368.0,0.02092
368.5,0.02091
369.0,0.02091
369.5,0.02091
370.0,0.0209
370.5,0.0209
371.0,0.02089
371.5,0.02089
372.0,0.02089
372.5,0.02088
373.0,0.02088
373.5,0.02087
374.0,0.02087
374.5,0.02087
375.0,0.02086
375.5,0.02086
376.0,0.02085
376.5,0.02085
377.0,0.02085
377.5,0.02084
378.0,0.02084
378.5,0.02083
379.0,0.02083
379.5,0.02083
380.0,0.02082
380.5,0.02093
381.0,0.02103
381.5,0.02114
382.0,0.02125
382.5,0.02135
383.0,0.02146
383.5,0.02156
384.0,0.02167
384.5,0.02177
385.0,0.02188
385.5,0.02199
386.0,0.02209
386.5,0.0222
387.0,0.0223
387.5,0.02241
388.0,0.02251
388.5,0.02262
389.0,0.02272
389.5,0.02283
390.0,0.02294
390.5,0.02299
391.0,0.02304
391.5,0.02309
392.0,0.02314
392.5,0.02319
393.0,0.02324
393.5,0.02329
394.0,0.02334
394.5,0.02339
395.0,0.02344
395.5,0.02349
396.0,0.02355
396.5,0.0236
397.0,0.02365
397.5,0.0237
398.0,0.02375
398.5,0.0238
399.0,0.02385
399.5,0.0239
400.0,0.02395
401.0,0.02414
402.0,0.02435
403.0,0.02456
404.0,0.02477
405.0,0.02498
406.0,0.02519
407.0,0.0254
408.0,0.02561
409.0,0.02582
410.0,0.02603
411.0,0.02614
412.0,0.02624
413.0,0.02634
414.0,0.02644
415.0,0.02654
416.0,0.02664
417.0,0.02675
418.0,0.02685
419.0,0.02695
420.0,0.02705
421.0,0.02715
422.0,0.02725
423.0,0.02736
424.0,0.02746
425.0,0.02756
426.0,0.02766
427.0,0.02776
428.0,0.02786
429.0,0.02797
430.0,0.02807
431.0,0.02817
432.0,0.02827
433.0,0.02837
434.0,0.02848
435.0,0.02858
436.0,0.02868
437.0,0.02878
438.0,0.02888
439.0,0.02898
440.0,0.02909
441.0,0.02908
442.0,0.02907
443.0,0.02907
444.0,0.02906
445.0,0.02906
446.0,0.02905
447.0,0.02905
448.0,0.02904
449.0,0.02904
450.0,0.02903
451.0,0.02903
452.0,0.02902
453.0,0.02902
454.0,0.02901
455.0,0.02901
456.0,0.029
457.0,0.02899
458.0,0.02899
459.0,0.02898
460.0,0.02898
461.0,0.02908
462.0,0.02918
463.0,0.02929
464.0,0.02939
465.0,0.02949
466.0,0.0296
467.0,0.0297
468.0,0.0298
469.0,0.0299
470.0,0.03001
471.0,0.03022
472.0,0.03043
473.0,0.03064
474.0,0.03085
475.0,0.03106
476.0,0.03127
477.0,0.03147
478.0,0.03168
479.0,0.03189
480.0,0.0321
481.0,0.03231
482.0,0.03252
483.0,0.03273
484.0,0.03294
485.0,0.03315
486.0,0.03336
487.0,0.03357
488.0,0.03378
489.0,0.03399
490.0,0.0342
491.0,0.0343
492.0,0.03441
493.0,0.03451
494.0,0.03461
495.0,0.03471
496.0,0.03482
497.0,0.03492
498.0,0.03502
499.0,0.03512
500.0,0.03523
501.0,0.03576
502.0,0.03628
503.0,0.03681
504.0,0.03734
505.0,0.03787
506.0,0.0384
507.0,0.03893
508.0,0.03946
509.0,0.03999
510.0,0.04052
511.0,0.04126
512.0,0.04201
513.0,0.04275
514.0,0.04349
515.0,0.04423
516.0,0.04498
517.0,0.04572
518.0,0.04646
519.0,0.0472
520.0,0.04794
521.0,0.04879
522.0,0.04964
523.0,0.05049
524.0,0.05133
525.0,0.05218
526.0,0.05303
527.0,0.05388
528.0,0.05472
529.0,0.05557
530.0,0.05642
531.0,0.05694
532.0,0.05747
533.0,0.058
534.0,0.05853
535.0,0.05905
536.0,0.05958
537.0,0.06011
538.0,0.06064
539.0,0.06116
540.0,0.06169
541.0,0.06211
542.0,0.06253
543.0,0.06295
544.0,0.06337
545.0,0.0638
546.0,0.06422
547.0,0.06464
548.0,0.06506
549.0,0.06548
550.0,0.0659
551.0,0.06611
552.0,0.06632
553.0,0.06652
554.0,0.06673
555.0,0.06694
556.0,0.06715
557.0,0.06736
558.0,0.06756
559.0,0.06777
560.0,0.06798
561.0,0.06808
562.0,0.06818
563.0,0.06828
564.0,0.06838
565.0,0.06849
566.0,0.06859
567.0,0.06869
568.0,0.06879
569.0,0.06889
570.0,0.069
571.0,0.06889
572.0,0.06878
573.0,0.06866
574.0,0.06855
575.0,0.06845
576.0,0.06834
577.0,0.06823
578.0,0.06812
579.0,0.06801
580.0,0.0679
581.0,0.06779
582.0,0.06768
583.0,0.06757
584.0,0.06746
585.0,0.06735
586.0,0.06724
587.0,0.06713
588.0,0.06702
589.0,0.06691
590.0,0.0668
591.0,0.06638
592.0,0.06595
593.0,0.06552
594.0,0.06509
595.0,0.06467
596.0,0.06424
597.0,0.06381
598.0,0.06338
599.0,0.06296
600.0,0.06253
601.0,0.06231
602.0,0.0621
603.0,0.06189
604.0,0.06167
605.0,0.06146
606.0,0.06124
607.0,0.06103
608.0,0.06081
609.0,0.0606
610.0,0.06039
611.0,0.05985
612.0,0.05932
613.0,0.05879
614.0,0.05826
615.0,0.05773
616.0,0.0572
617.0,0.05666
618.0,0.05613
619.0,0.0556
620.0,0.05507
621.0,0.05475
622.0,0.05443
623.0,0.05411
624.0,0.05379
625.0,0.05347
626.0,0.05315
627.0,0.05283
628.0,0.05251
629.0,0.05219
630.0,0.05187
631.0,0.05155
632.0,0.05124
633.0,0.05092
634.0,0.0506
635.0,0.05028
636.0,0.04996
637.0,0.04964
638.0,0.04932
639.0,0.049
640.0,0.04868
641.0,0.04847
642.0,0.04826
643.0,0.04804
644.0,0.04783
645.0,0.04762
646.0,0.0474
647.0,0.04719
648.0,0.04698
649.0,0.04677
650.0,0.04655
651.0,0.04634
652.0,0.04613
653.0,0.04591
654.0,0.0457
655.0,0.04549
656.0,0.04528
657.0,0.04506
658.0,0.04485
659.0,0.04464
660.0,0.04443
661.0,0.04432
662.0,0.04421
663.0,0.0441
664.0,0.044
665.0,0.04389
666.0,0.04378
667.0,0.04368
668.0,0.04357
669.0,0.04346
670.0,0.04336
671.0,0.04336
672.0,0.04336
673.0,0.04335
674.0,0.04335
675.0,0.04335
676.0,0.04335
677.0,0.04335
678.0,0.04335
679.0,0.04335
680.0,0.04335
681.0,0.04335
682.0,0.04335
683.0,0.04334
684.0,0.04334
685.0,0.04334
686.0,0.04334
687.0,0.04334
688.0,0.04334
689.0,0.04334
690.0,0.04334
691.0,0.04355
692.0,0.04376
693.0,0.04397
694.0,0.04418
695.0,0.04439
696.0,0.0446
697.0,0.04481
698.0,0.04502
699.0,0.04523
700.0,0.04544
701.0,0.04597
702.0,0.0465
703.0,0.04703
704.0,0.04755
705.0,0.04808
706.0,0.04861
707.0,0.04914
708.0,0.04966
709.0,0.05019
710.0,0.05072
711.0,0.05452
712.0,0.05833
713.0,0.06213
714.0,0.06593
715.0,0.06974
716.0,0.07354
717.0,0.07734
718.0,0.08115
719.0,0.08495
720.0,0.08875
721.0,0.09361
722.0,0.09848
723.0,0.1033
724.0,0.1082
725.0,0.1131
726.0,0.1179
727.0,0.1228
728.0,0.1276
729.0,0.1325
730.0,0.1374
731.0,0.1428
732.0,0.1483
733.0,0.1538
734.0,0.1593
735.0,0.1648
736.0,0.1703
737.0,0.1758
738.0,0.1813
739.0,0.1868
740.0,0.1923
741.0,0.1983
742.0,0.2043
743.0,0.2104
744.0,0.2164
745.0,0.2224
746.0,0.2284
747.0,0.2345
748.0,0.2405
749.0,0.2465
750.0,0.2525
751.0,0.2555
752.0,0.2584
753.0,0.2614
754.0,0.2644
755.0,0.2673
756.0,0.2703
757.0,0.2732
758.0,0.2762
759.0,0.2791
760.0,0.282
761.0,0.2849
762.0,0.2879
763.0,0.2909
764.0,0.2938
765.0,0.2968
766.0,0.2998
767.0,0.3028
768.0,0.3057
769.0,0.3087
770.0,0.3117
771.0,0.3134
772.0,0.3152
773.0,0.317
774.0,0.3188
775.0,0.3206
776.0,0.3224
777.0,0.3242
778.0,0.326
779.0,0.3278
780.0,0.3296
781.0,0.3306
782.0,0.3317
783.0,0.3327
784.0,0.3338
785.0,0.3348
786.0,0.3359
787.0,0.3369
788.0,0.338
789.0,0.339
790.0,0.3401
791.0,0.3406
792.0,0.3411
793.0,0.3417
794.0,0.3422
795.0,0.3427
796.0,0.3432
797.0,0.3438
798.0,0.3443
799.0,0.3448
800.0,0.3453
801.0,0.3453
802.0,0.3453
803.0,0.3453
804.0,0.3453
805.0,0.3453
806.0,0.3453
807.0,0.3453
808.0,0.3453
809.0,0.3453
810.0,0.3453
811.0,0.345
812.0,0.3446
813.0,0.3443
814.0,0.344
815.0,0.3437
816.0,0.3433
817.0,0.343
818.0,0.3427
819.0,0.3424
820.0,0.342
821.0,0.3415
822.0,0.341
823.0,0.3404
824.0,0.3399
825.0,0.3394
826.0,0.3389
827.0,0.3383
828.0,0.3378
829.0,0.3373
830.0,0.3367
831.0,0.3362
832.0,0.3357
833.0,0.3351
834.0,0.3346
835.0,0.3341
836.0,0.3335
837.0,0.333
838.0,0.3325
839.0,0.332
840.0,0.3314
841.0,0.3314
842.0,0.3314
843.0,0.3314
844.0,0.3314
845.0,0.3314
846.0,0.3314
847.0,0.3314
848.0,0.3314
849.0,0.3314
850.0,0.3314
851.0,0.3318
852.0,0.3322
853.0,0.3327
854.0,0.3331
855.0,0.3335
856.0,0.3339
857.0,0.3343
858.0,0.3347
859.0,0.3352
860.0,0.3356
861.0,0.3361
862.0,0.3366
863.0,0.3372
864.0,0.3377
865.0,0.3382
866.0,0.3387
867.0,0.3393
868.0,0.3398
869.0,0.3403
870.0,0.3408
871.0,0.3413
872.0,0.3417
873.0,0.3421
874.0,0.3425
875.0,0.3429
876.0,0.3433
877.0,0.3438
878.0,0.3442
879.0,0.3446
880.0,0.345
881.0,0.345
882.0,0.345
883.0,0.345
884.0,0.345
885.0,0.345
886.0,0.345
887.0,0.345
888.0,0.345
889.0,0.345
890.0,0.345
891.0,0.3449
892.0,0.3448
893.0,0.3447
894.0,0.3446
895.0,0.3444
896.0,0.3443
897.0,0.3442
898.0,0.3441
899.0,0.344
900.0,0.3439
901.0,0.3432
902.0,0.3426
903.0,0.342
904.0,0.3414
905.0,0.3407
906.0,0.3401
907.0,0.3394
908.0,0.3388
909.0,0.3382
910.0,0.3375
911.0,0.3369
912.0,0.3363
913.0,0.3356
914.0,0.335
915.0,0.3344
916.0,0.3337
917.0,0.3331
918.0,0.3324
919.0,0.3318
920.0,0.3312
921.0,0.3302
922.0,0.3293
923.0,0.3283
924.0,0.3274
925.0,0.3264
926.0,0.3255
927.0,0.3245
928.0,0.3236
929.0,0.3226
930.0,0.3216
931.0,0.3204
932.0,0.3191
933.0,0.3178
934.0,0.3165
935.0,0.3153
936.0,0.314
937.0,0.3127
938.0,0.3115
939.0,0.3102
940.0,0.309
941.0,0.3073
942.0,0.3056
943.0,0.3039
944.0,0.3022
945.0,0.3005
946.0,0.2988
947.0,0.2971
948.0,0.2954
949.0,0.2938
950.0,0.292
951.0,0.2907
952.0,0.2893
953.0,0.2879
954.0,0.2866
955.0,0.2852
956.0,0.2838
957.0,0.2825
958.0,0.2811
959.0,0.2797
960.0,0.2783
961.0,0.2777
962.0,0.2771
963.0,0.2765
964.0,0.2758
965.0,0.2752
966.0,0.2745
967.0,0.2739
968.0,0.2733
969.0,0.2727
970.0,0.272
971.0,0.2728
972.0,0.2735
973.0,0.2742
974.0,0.275
975.0,0.2757
976.0,0.2764
977.0,0.2772
978.0,0.2779
979.0,0.2787
980.0,0.2794
981.0,0.2798
982.0,0.2802
983.0,0.2807
984.0,0.2811
985.0,0.2815
986.0,0.2819
987.0,0.2823
988.0,0.2828
989.0,0.2832
990.0,0.2836
991.0,0.2836
992.0,0.2836
993.0,0.2836
994.0,0.2836
995.0,0.2836
996.0,0.2836
997.0,0.2836
998.0,0.2836
999.0,0.2836
1000.0,0.2836
1001.0,0.2834
1002.0,0.2832
1003.0,0.283
1004.0,0.2827
1005.0,0.2825
1006.0,0.2823
1007.0,0.2821
1008.0,0.2819
1009.0,0.2817
1010.0,0.2815
1011.0,0.2812
1012.0,0.2808
1013.0,0.2805
1014.0,0.2802
1015.0,0.2799
1016.0,0.2796
1017.0,0.2792
1018.0,0.2789
1019.0,0.2786
1020.0,0.2783
1021.0,0.2779
1022.0,0.2774
1023.0,0.277
1024.0,0.2766
1025.0,0.2762
1026.0,0.2758
1027.0,0.2753
1028.0,0.2749
1029.0,0.2745
1030.0,0.2741
1031.0,0.2736
1032.0,0.2732
1033.0,0.2728
1034.0,0.2724
1035.0,0.272
1036.0,0.2715
1037.0,0.2711
1038.0,0.2707
1039.0,0.2703
1040.0,0.2698
1041.0,0.2693
1042.0,0.2688
1043.0,0.2683
1044.0,0.2677
1045.0,0.2672
1046.0,0.2667
1047.0,0.2661
1048.0,0.2656
1049.0,0.2651
1050.0,0.2646
1051.0,0.2639
1052.0,0.2633
1053.0,0.2627
1054.0,0.262
1055.0,0.2614
1056.0,0.2608
1057.0,0.2601
1058.0,0.2595
1059.0,0.2589
1060.0,0.2582
1061.0,0.2574
1062.0,0.2565
1063.0,0.2557
1064.0,0.2548
1065.0,0.254
1066.0,0.2532
1067.0,0.2523
1068.0,0.2515
1069.0,0.2506
1070.0,0.2498
1071.0,0.249
1072.0,0.2483
1073.0,0.2476
1074.0,0.2468
1075.0,0.2461
1076.0,0.2454
1077.0,0.2446
1078.0,0.2439
1079.0,0.2431
1080.0,0.2424
1081.0,0.2416
1082.0,0.2407
1083.0,0.2399
1084.0,0.239
1085.0,0.2382
1086.0,0.2373
1087.0,0.2365
1088.0,0.2356
1089.0,0.2348
1090.0,0.234
1091.0,0.2328
1092.0,0.2316
1093.0,0.2305
1094.0,0.2293
1095.0,0.2282
1096.0,0.227
1097.0,0.2258
1098.0,0.2247
1099.0,0.2235
1100.0,0.2224
1101.0,0.221
1102.0,0.2196
1103.0,0.2182
1104.0,0.2169
1105.0,0.2155
1106.0,0.2141
1107.0,0.2128
1108.0,0.2114
1109.0,0.21
1110.0,0.2086
1111.0,0.2071
1112.0,0.2055
1113.0,0.2039
1114.0,0.2023
1115.0,0.2007
1116.0,0.1992
1117.0,0.1976
1118.0,0.196
1119.0,0.1944
1120.0,0.1928
1121.0,0.1909
1122.0,0.189
1123.0,0.1871
1124.0,0.1852
1125.0,0.1833
1126.0,0.1814
1127.0,0.1795
1128.0,0.1776
1129.0,0.1758
1130.0,0.1739
1131.0,0.1718
1132.0,0.1696
1133.0,0.1675
1134.0,0.1654
1135.0,0.1633
1136.0,0.1612
1137.0,0.1591
1138.0,0.157
1139.0,0.1549
1140.0,0.1528
1141.0,0.1517
1142.0,0.1507
1143.0,0.1496
1144.0,0.1486
1145.0,0.1475
1146.0,0.1465
1147.0,0.1454
1148.0,0.1443
1149.0,0.1433
1150.0,0.1422
1151.0,0.1418
1152.0,0.1414
1153.0,0.141
1154.0,0.1406
1155.0,0.1401
1156.0,0.1397
1157.0,0.1393
1158.0,0.1389
1159.0,0.1384
1160.0,0.138
1161.0,0.1377
1162.0,0.1374
1163.0,0.1371
1164.0,0.1368
1165.0,0.1364
1166.0,0.1361
1167.0,0.1358
1168.0,0.1355
1169.0,0.1352
1170.0,0.1349
1171.0,0.1348
1172.0,0.1347
1173.0,0.1345
1174.0,0.1344
1175.0,0.1343
1176.0,0.1342
1177.0,0.1341
1178.0,0.134
1179.0,0.1339
1180.0,0.1338
1181.0,0.1338
1182.0,0.1338
1183.0,0.1338
1184.0,0.1338
1185.0,0.1338
1186.0,0.1338
1187.0,0.1338
1188.0,0.1338
1189.0,0.1338
1190.0,0.1338
1191.0,0.1338
1192.0,0.1338
1193.0,0.1338
1194.0,0.1338
1195.0,0.1338
1196.0,0.1338
1197.0,0.1338
1198.0,0.1338
1199.0,0.1338
1200.0,0.1338
1201.0,0.1338
1202.0,0.1338
1203.0,0.1338
1204.0,0.1338
1205.0,0.1338
1206.0,0.1338
1207.0,0.1338
1208.0,0.1338
1209.0,0.1338
1210.0,0.1338
1211.0,0.1338
1212.0,0.1338
1213.0,0.1338
1214.0,0.1338
1215.0,0.1338
1216.0,0.1338
1217.0,0.1338
1218.0,0.1338
1219.0,0.1338
1220.0,0.1338
1221.0,0.1338
1222.0,0.1338
1223.0,0.1338
1224.0,0.1338
1225.0,0.1338
1226.0,0.1338
1227.0,0.1338
1228.0,0.1338
1229.0,0.1338
1230.0,0.1338
1231.0,0.1338
1232.0,0.1338
1233.0,0.1338
1234.0,0.1338
1235.0,0.1338
1236.0,0.1338
1237.0,0.1338
1238.0,0.1338
1239.0,0.1338
1240.0,0.1338
1241.0,0.1338
1242.0,0.1338
1243.0,0.1338
1244.0,0.1338
1245.0,0.1338
1246.0,0.1338
1247.0,0.1338
1248.0,0.1338
1249.0,0.1338
1250.0,0.1338
1251.0,0.1338
1252.0,0.1338
1253.0,0.1338
1254.0,0.1338
1255.0,0.1338
1256.0,0.1338
1257.0,0.1338
1258.0,0.1338
1259.0,0.1338
1260.0,0.1338
1261.0,0.1338
1262.0,0.1338
1263.0,0.1338
1264.0,0.1338
1265.0,0.1338
1266.0,0.1338
1267.0,0.1338
1268.0,0.1338
1269.0,0.1338
1270.0,0.1338
1271.0,0.1338
1272.0,0.1338
1273.0,0.1338
1274.0,0.1338
1275.0,0.1338
1276.0,0.1338
1277.0,0.1338
1278.0,0.1338
1279.0,0.1338
1280.0,0.1338
1281.0,0.1338
1282.0,0.1338
1283.0,0.1338
1284.0,0.1338
1285.0,0.1338
1286.0,0.1338
1287.0,0.1338
1288.0,0.1338
1289.0,0.1338
1290.0,0.1338
1291.0,0.1338
1292.0,0.1338
1293.0,0.1338
1294.0,0.1338
1295.0,0.1338
1296.0,0.1338
1297.0,0.1338
1298.0,0.1338
1299.0,0.1338
1300.0,0.1338
1301.0,0.1338
1302.0,0.1338
1303.0,0.1338
1304.0,0.1338
1305.0,0.1338
1306.0,0.1338
1307.0,0.1338
1308.0,0.1338
1309.0,0.1338
1310.0,0.1338
1311.0,0.1338
1312.0,0.1338
1313.0,0.1338
1314.0,0.1338
1315.0,0.1338
1316.0,0.1338
1317.0,0.1338
1318.0,0.1338
1319.0,0.1338
1320.0,0.1338
1321.0,0.1338
1322.0,0.1338
1323.0,0.1338
1324.0,0.1338
1325.0,0.1338
1326.0,0.1338
1327.0,0.1338
1328.0,0.1338
1329.0,0.1338
1330.0,0.1338
1331.0,0.1338
1332.0,0.1338
1333.0,0.1338
1334.0,0.1338
1335.0,0.1338
1336.0,0.1338
1337.0,0.1338
1338.0,0.1338
1339.0,0.1338
1340.0,0.1338
1341.0,0.1338
1342.0,0.1338
1343.0,0.1338
1344.0,0.1338
1345.0,0.1338
1346.0,0.1338
1347.0,0.1338
1348.0,0.1338
1349.0,0.1338
1350.0,0.1338
1351.0,0.1338
1352.0,0.1338
1353.0,0.1338
1354.0,0.1338
1355.0,0.1338
1356.0,0.1338
1357.0,0.1338
1358.0,0.1338
1359.0,0.1338
1360.0,0.1338
1361.0,0.1338
1362.0,0.1338
1363.0,0.1338
1364.0,0.1338
1365.0,0.1338
1366.0,0.1338
1367.0,0.1338
1368.0,0.1338
1369.0,0.1338
1370.0,0.1338
1371.0,0.1338
1372.0,0.1338
1373.0,0.1338
1374.0,0.1338
1375.0,0.1338
1376.0,0.1338
1377.0,0.1338
1378.0,0.1338
1379.0,0.1338
1380.0,0.1338
1381.0,0.1338
1382.0,0.1338
1383.0,0.1338
1384.0,0.1338
1385.0,0.1338
1386.0,0.1338
1387.0,0.1338
1388.0,0.1338
1389.0,0.1338
1390.0,0.1338
1391.0,0.1338
1392.0,0.1338
1393.0,0.1338
1394.0,0.1338
1395.0,0.1338
1396.0,0.1338
1397.0,0.1338
1398.0,0.1338
1399.0,0.1338
1400.0,0.1338
1401.0,0.1338
1402.0,0.1338
1403.0,0.1338
1404.0,0.1338
1405.0,0.1338
1406.0,0.1338
1407.0,0.1338
1408.0,0.1338
1409.0,0.1338
1410.0,0.1338
1411.0,0.1338
1412.0,0.1338
1413.0,0.1338
1414.0,0.1338
1415.0,0.1338
1416.0,0.1338
1417.0,0.1338
1418.0,0.1338
1419.0,0.1338
1420.0,0.1338
1421.0,0.1338
1422.0,0.1338
1423.0,0.1338
1424.0,0.1338
1425.0,0.1338
1426.0,0.1338
1427.0,0.1338
1428.0,0.1338
1429.0,0.1338
1430.0,0.1338
1431.0,0.1338
1432.0,0.1338
1433.0,0.1338
1434.0,0.1338
1435.0,0.1338
1436.0,0.1338
1437.0,0.1338
1438.0,0.1338
1439.0,0.1338
1440.0,0.1338
1441.0,0.1338
1442.0,0.1338
1443.0,0.1338
1444.0,0.1338
1445.0,0.1338
1446.0,0.1338
1447.0,0.1338
1448.0,0.1338
1449.0,0.1338
1450.0,0.1338
1451.0,0.1338
1452.0,0.1338
1453.0,0.1338
1454.0,0.1338
1455.0,0.1338
1456.0,0.1338
1457.0,0.1338
1458.0,0.1338
1459.0,0.1338
1460.0,0.1338
1461.0,0.1338
1462.0,0.1338
1463.0,0.1338
1464.0,0.1338
1465.0,0.1338
1466.0,0.1338
1467.0,0.1338
1468.0,0.1338
1469.0,0.1338
1470.0,0.1338
1471.0,0.1338
1472.0,0.1338
1473.0,0.1338
1474.0,0.1338
1475.0,0.1338
1476.0,0.1338
1477.0,0.1338
1478.0,0.1338
1479.0,0.1338
1480.0,0.1338
1481.0,0.1338
1482.0,0.1338
1483.0,0.1338
1484.0,0.1338
1485.0,0.1338
1486.0,0.1338
1487.0,0.1338
1488.0,0.1338
1489.0,0.1338
1490.0,0.1338
1491.0,0.1338
1492.0,0.1338
1493.0,0.1338
1494.0,0.1338
1495.0,0.1338
1496.0,0.1338
1497.0,0.1338
1498.0,0.1338
1499.0,0.1338
1500.0,0.1338
1501.0,0.1338
1502.0,0.1338
1503.0,0.1338
1504.0,0.1338
1505.0,0.1338
1506.0,0.1338
1507.0,0.1338
1508.0,0.1338
1509.0,0.1338
1510.0,0.1338
1511.0,0.1338
1512.0,0.1338
1513.0,0.1338
1514.0,0.1338
1515.0,0.1338
1516.0,0.1338
1517.0,0.1338
1518.0,0.1338
1519.0,0.1338
1520.0,0.1338
1521.0,0.1338
1522.0,0.1338
1523.0,0.1338
1524.0,0.1338
1525.0,0.1338
1526.0,0.1338
1527.0,0.1338
1528.0,0.1338
1529.0,0.1338
1530.0,0.1338
1531.0,0.1338
1532.0,0.1338
1533.0,0.1338
1534.0,0.1338
1535.0,0.1338
1536.0,0.1338
1537.0,0.1338
1538.0,0.1338
1539.0,0.1338
1540.0,0.1338
1541.0,0.1338
1542.0,0.1338
1543.0,0.1338
1544.0,0.1338
1545.0,0.1338
1546.0,0.1338
1547.0,0.1338
1548.0,0.1338
1549.0,0.1338
1550.0,0.1338
1551.0,0.1338
1552.0,0.1338
1553.0,0.1338
1554.0,0.1338
1555.0,0.1338
1556.0,0.1338
1557.0,0.1338
1558.0,0.1338
1559.0,0.1338
1560.0,0.1338
1561.0,0.1338
1562.0,0.1338
1563.0,0.1338
1564.0,0.1338
1565.0,0.1338
1566.0,0.1338
1567.0,0.1338
1568.0,0.1338
1569.0,0.1338
1570.0,0.1338
1571.0,0.1338
1572.0,0.1338
1573.0,0.1338
1574.0,0.1338
1575.0,0.1338
1576.0,0.1338
1577.0,0.1338
1578.0,0.1338
1579.0,0.1338
1580.0,0.1338
1581.0,0.1338
1582.0,0.1338
1583.0,0.1338
1584.0,0.1338
1585.0,0.1338
1586.0,0.1338
1587.0,0.1338
1588.0,0.1338
1589.0,0.1338
1590.0,0.1338
1591.0,0.1338
1592.0,0.1338
1593.0,0.1338
1594.0,0.1338
1595.0,0.1338
1596.0,0.1338
1597.0,0.1338
1598.0,0.1338
1599.0,0.1338
1600.0,0.1338
1601.0,0.1338
1602.0,0.1338
1603.0,0.1338
1604.0,0.1338
1605.0,0.1338
1606.0,0.1338
1607.0,0.1338
1608.0,0.1338
1609.0,0.1338
1610.0,0.1338
1611.0,0.1338
1612.0,0.1338
1613.0,0.1338
1614.0,0.1338
1615.0,0.1338
1616.0,0.1338
1617.0,0.1338
1618.0,0.1338
1619.0,0.1338
1620.0,0.1338
1621.0,0.1338
1622.0,0.1338
1623.0,0.1338
1624.0,0.1338
1625.0,0.1338
1626.0,0.1338
1627.0,0.1338
1628.0,0.1338
1629.0,0.1338
1630.0,0.1338
1631.0,0.1338
1632.0,0.1338
1633.0,0.1338
1634.0,0.1338
1635.0,0.1338
1636.0,0.1338
1637.0,0.1338
1638.0,0.1338
1639.0,0.1338
1640.0,0.1338
1641.0,0.1338
1642.0,0.1338
1643.0,0.1338
1644.0,0.1338
1645.0,0.1338
1646.0,0.1338
1647.0,0.1338
1648.0,0.1338
1649.0,0.1338
1650.0,0.1338
1651.0,0.1338
1652.0,0.1338
1653.0,0.1338
1654.0,0.1338
1655.0,0.1338
1656.0,0.1338
1657.0,0.1338
1658.0,0.1338
1659.0,0.1338
1660.0,0.1338
1661.0,0.1338
1662.0,0.1338
1663.0,0.1338
1664.0,0.1338
1665.0,0.1338
1666.0,0.1338
1667.0,0.1338
1668.0,0.1338
1669.0,0.1338
1670.0,0.1338
1671.0,0.1338
1672.0,0.1338
1673.0,0.1338
1674.0,0.1338
1675.0,0.1338
1676.0,0.1338
1677.0,0.1338
1678.0,0.1338
1679.0,0.1338
1680.0,0.1338
1681.0,0.1338
1682.0,0.1338
1683.0,0.1338
1684.0,0.1338
1685.0,0.1338
1686.0,0.1338
1687.0,0.1338
1688.0,0.1338
1689.0,0.1338
1690.0,0.1338
1691.0,0.1338
1692.0,0.1338
1693.0,0.1338
1694.0,0.1338
1695.0,0.1338
1696.0,0.1338
1697.0,0.1338
1698.0,0.1338
1699.0,0.1338
1700.0,0.1338
1702.0,0.1338
1705.0,0.1338
1710.0,0.1338
1715.0,0.1338
1720.0,0.1338
1725.0,0.1338
1730.0,0.1338
1735.0,0.1338
1740.0,0.1338
1745.0,0.1338
1750.0,0.1338
1755.0,0.1338
1760.0,0.1338
1765.0,0.1338
1770.0,0.1338
1775.0,0.1338
1780.0,0.1338
1785.0,0.1338
1790.0,0.1338
1795.0,0.1338
1800.0,0.1338
1805.0,0.1338
1810.0,0.1338
1815.0,0.1338
1820.0,0.1338
1825.0,0.1338
1830.0,0.1338
1835.0,0.1338
1840.0,0.1338
1845.0,0.1338
1850.0,0.1338
1855.0,0.1338
1860.0,0.1338
1865.0,0.1338
1870.0,0.1338
1875.0,0.1338
1880.0,0.1338
1885.0,0.1338
1890.0,0.1338
1895.0,0.1338
1900.0,0.1338
1905.0,0.1338
1910.0,0.1338
1915.0,0.1337
1920.0,0.1337
1925.0,0.1337
1930.0,0.1337
1935.0,0.1337
1940.0,0.1337
1945.0,0.1337
1950.0,0.1337
1955.0,0.1337
1960.0,0.1337
1965.0,0.1337
1970.0,0.1337
1975.0,0.1337
1980.0,0.1337
1985.0,0.1337
1990.0,0.1337
1995.0,0.1337
2000.0,0.1337
2005.0,0.1337
2010.0,0.1337
2015.0,0.1337
2020.0,0.1337
2025.0,0.1337
2030.0,0.1337
2035.0,0.1337
2040.0,0.1337
2045.0,0.1337
2050.0,0.1337
2055.0,0.1337
2060.0,0.1337
2065.0,0.1337
2070.0,0.1337
2075.0,0.1337
2080.0,0.1337
2085.0,0.1337
2090.0,0.1337
2095.0,0.1337
2100.0,0.1337
2105.0,0.1337
2110.0,0.1337
2115.0,0.1337
2120.0,0.1337
2125.0,0.1337
2130.0,0.1337
2135.0,0.1337
2140.0,0.1337
2145.0,0.1337
2150.0,0.1337
2155.0,0.1337
2160.0,0.1337
2165.0,0.1337
2170.0,0.1337
2175.0,0.1337
2180.0,0.1337
2185.0,0.1337
2190.0,0.1337
2195.0,0.1337
2200.0,0.1337
2205.0,0.1337
2210.0,0.1337
2215.0,0.1337
2220.0,0.1337
2225.0,0.1337
2230.0,0.1337
2235.0,0.1337
2240.0,0.1337
2245.0,0.1337
2250.0,0.1337
2255.0,0.1337
2260.0,0.1337
2265.0,0.1337
2270.0,0.1337
2275.0,0.1337
2280.0,0.1337
2285.0,0.1337
2290.0,0.1337
2295.0,0.1337
2300.0,0.1337
2305.0,0.1337
2310.0,0.1337
2315.0,0.1337
2320.0,0.1337
2325.0,0.1337
2330.0,0.1337
2335.0,0.1337
2340.0,0.1337
2345.0,0.1337
2350.0,0.1337
2355.0,0.1337
2360.0,0.1337
2365.0,0.1337
2370.0,0.1337
2375.0,0.1337
2380.0,0.1337
2385.0,0.1337
2390.0,0.1337
2395.0,0.1337
2400.0,0.1337
2405.0,0.1337
2410.0,0.1337
2415.0,0.1337
2420.0,0.1337
2425.0,0.1337
2430.0,0.1337
2435.0,0.1337
2440.0,0.1337
2445.0,0.1337
2450.0,0.1337
2455.0,0.1337
2460.0,0.1337
2465.0,0.1337
2470.0,0.1337
2475.0,0.1337
2480.0,0.1337
2485.0,0.1337
2490.0,0.1337
2495.0,0.1337
2500.0,0.1337
2505.0,0.1337
2510.0,0.1337
2515.0,0.1337
2520.0,0.1337
2525.0,0.1337
2530.0,0.1337
2535.0,0.1337
2540.0,0.1337
2545.0,0.1337
2550.0,0.1337
2555.0,0.1337
2560.0,0.1337
2565.0,0.1337
2570.0,0.1337
2575.0,0.1532
2580.0,0.1337
2585.0,0.1532
2590.0,0.1532
2595.0,0.1532
2600.0,0.1532
2605.0,0.1532
2610.0,0.1532
2615.0,0.1532
2620.0,0.1532
2625.0,0.1532
2630.0,0.1532
2635.0,0.1337
2640.0,0.1337
2645.0,0.1337
2650.0,0.1337
2655.0,0.1532
2660.0,0.1532
2665.0,0.1532
2670.0,0.1532
2675.0,0.1532
2680.0,0.1532
2685.0,0.1532
2690.0,0.1532
2695.0,0.1532
2700.0,0.1337
2705.0,0.1337
2710.0,0.1532
2715.0,0.1337
2720.0,0.1532
2725.0,0.1337
2730.0,0.1337
2735.0,0.1337
2740.0,0.1532
2745.0,0.1337
2750.0,0.1337
2755.0,0.1337
2760.0,0.1337
2765.0,0.1337
2770.0,0.1337
2775.0,0.1337
2780.0,0.1337
2785.0,0.1337
2790.0,0.1337
2795.0,0.1337
2800.0,0.1337
2805.0,0.1337
2810.0,0.1337
2815.0,0.1337
2820.0,0.1337
2825.0,0.1337
2830.0,0.1337
2835.0,0.1337
2840.0,0.1337
2845.0,0.1337
2850.0,0.1337
2855.0,0.1337
2860.0,0.1337
2865.0,0.1337
2870.0,0.1337
2875.0,0.1337
2880.0,0.1337
2885.0,0.1337
2890.0,0.1337
2895.0,0.1337
2900.0,0.1337
2905.0,0.1337
2910.0,0.1337
2915.0,0.1337
2920.0,0.1337
2925.0,0.1337
2930.0,0.1337
2935.0,0.1337
2940.0,0.1337
2945.0,0.1337
2950.0,0.1337
2955.0,0.1337
2960.0,0.1337
2965.0,0.1337
2970.0,0.1337
2975.0,0.1337
2980.0,0.1337
2985.0,0.1337
2990.0,0.1337
2995.0,0.1337
3000.0,0.1337
3005.0,0.1337
3010.0,0.1337
3015.0,0.1337
3020.0,0.1337
3025.0,0.1337
3030.0,0.1337
3035.0,0.1337
3040.0,0.1337
3045.0,0.1337
3050.0,0.1337
3055.0,0.1337
3060.0,0.1337
3065.0,0.1337
3070.0,0.1337
3075.0,0.1337
3080.0,0.1337
3085.0,0.1337
3090.0,0.1337
3095.0,0.1337
3100.0,0.1337
3105.0,0.1337
3110.0,0.1337
3115.0,0.1337
3120.0,0.1337
3125.0,0.1337
3130.0,0.1337
3135.0,0.1337
3140.0,0.1337
3145.0,0.1337
3150.0,0.1337
3155.0,0.1337
3160.0,0.1337
3165.0,0.1337
3170.0,0.1337
3175.0,0.1337
3180.0,0.1337
3185.0,0.1337
3190.0,0.1337
3195.0,0.1337
3200.0,0.1337
3205.0,0.1337
3210.0,0.1337
3215.0,0.1337
3220.0,0.1337
3225.0,0.1337
3230.0,0.1337
3235.0,0.1337
3240.0,0.1337
3245.0,0.1337
3250.0,0.1337
3255.0,0.1337
3260.0,0.1337
3265.0,0.1337
3270.0,0.1337
3275.0,0.1337
3280.0,0.1337
3285.0,0.1337
3290.0,0.1337
3295.0,0.1337
3300.0,0.1337
3305.0,0.1337
3310.0,0.1337
3315.0,0.1337
3320.0,0.1337
3325.0,0.1337
3330.0,0.1337
3335.0,0.1337
3340.0,0.1337
3345.0,0.1337
3350.0,0.1337
3355.0,0.1337
3360.0,0.1337
3365.0,0.1337
3370.0,0.1337
3375.0,0.1337
3380.0,0.1337
3385.0,0.1337
3390.0,0.1337
3395.0,0.1337
3400.0,0.1337
3405.0,0.1337
3410.0,0.1337
3415.0,0.1337
3420.0,0.1337
3425.0,0.1337
3430.0,0.1337
3435.0,0.1337
3440.0,0.1337
3445.0,0.1337
3450.0,0.1337
3455.0,0.1337
3460.0,0.1337
3465.0,0.1337
3470.0,0.1337
3475.0,0.1337
3480.0,0.1337
3485.0,0.1337
3490.0,0.1337
3495.0,0.1337
3500.0,0.1337
3505.0,0.1337
3510.0,0.1337
3515.0,0.1337
3520.0,0.1337
3525.0,0.1337
3530.0,0.1337
3535.0,0.1337
3540.0,0.1337
3545.0,0.1337
3550.0,0.1337
3555.0,0.1337
3560.0,0.1337
3565.0,0.1337
3570.0,0.1337
3575.0,0.1337
3580.0,0.1337
3585.0,0.1337
3590.0,0.1337
3595.0,0.1337
3600.0,0.1337
3605.0,0.1337
3610.0,0.1337
3615.0,0.1337
3620.0,0.1337
3625.0,0.1337
3630.0,0.1337
3635.0,0.1337
3640.0,0.1337
3645.0,0.1337
3650.0,0.1337
3655.0,0.1337
3660.0,0.1337
3665.0,0.1337
3670.0,0.1337
3675.0,0.1337
3680.0,0.1337
3685.0,0.1337
3690.0,0.1337
3695.0,0.1337
3700.0,0.1337
3705.0,0.1337
3710.0,0.1337
3715.0,0.1337
3720.0,0.1337
3725.0,0.1337
3730.0,0.1337
3735.0,0.1337
3740.0,0.1337
3745.0,0.1337
3750.0,0.1337
3755.0,0.1337
3760.0,0.1337
3765.0,0.1337
3770.0,0.1337
3775.0,0.1337
3780.0,0.1337
3785.0,0.1337
3790.0,0.1337
3795.0,0.1337
3800.0,0.1337
3805.0,0.1337
3810.0,0.1337
3815.0,0.1337
3820.0,0.1337
3825.0,0.1337
3830.0,0.1337
3835.0,0.1337
3840.0,0.1337
3845.0,0.1337
3850.0,0.1337
3855.0,0.1337
3860.0,0.1337
3865.0,0.1337
3870.0,0.1337
3875.0,0.1337
3880.0,0.1337
3885.0,0.1337
3890.0,0.1337
3895.0,0.1337
3900.0,0.1337
3905.0,0.1337
3910.0,0.1337
3915.0,0.1337
3920.0,0.1337
3925.0,0.1337
3930.0,0.1337
3935.0,0.1337
3940.0,0.1337
3945.0,0.1337
3950.0,0.1337
3955.0,0.1337
3960.0,0.1337
3965.0,0.1337
3970.0,0.1337
3975.0,0.1337
3980.0,0.1337
3985.0,0.1337
3990.0,0.1337
3995.0,0.1337
4000.0,0.1337
