interpolation:linear
wavelength,value
280.0,0.03618
280.5,0.03618
281.0,0.03618
281.5,0.03617
282.0,0.03617
282.5,0.03616
283.0,0.03615
283.5,0.03615
284.0,0.03611
284.5,0.03608
285.0,0.03606
285.5,0.036
286.0,0.03597
286.5,0.0359
287.0,0.03584
287.5,0.03573
288.0,0.03537
288.5,0.03529
289.0,0.03522
289.5,0.03513
290.0,0.03506
290.5,0.03499
291.0,0.03492
291.5,0.03483
292.0,0.03475
292.5,0.03473
293.0,0.03472
293.5,0.03473
294.0,0.03475
294.5,0.03413
295.0,0.0342
295.5,0.03399
296.0,0.03398
296.5,0.03397
297.0,0.03397
297.5,0.03398
298.0,0.034
298.5,0.03401
299.0,0.03403
299.5,0.03409
300.0,0.03411
300.5,0.03398
301.0,0.03389
301.5,0.03379
302.0,0.03365
302.5,0.03344
303.0,0.03322
303.5,0.03303
304.0,0.03285
304.5,0.03268
305.0,0.03252
305.5,0.03236
306.0,0.03218
306.5,0.03201
307.0,0.03186
307.5,0.0317
308.0,0.03153
308.5,0.03137
309.0,0.03133
309.5,0.03112
310.0,0.03093
310.5,0.03075
311.0,0.03056
311.5,0.03038
312.0,0.03019
312.5,0.03001
313.0,0.02983
313.5,0.02966
314.0,0.02948
314.5,0.02931
315.0,0.02913
315.5,0.02895
316.0,0.02878
316.5,0.02861
317.0,0.02844
317.5,0.02826
318.0,0.02809
318.5,0.02793
319.0,0.02776
319.5,0.02757
320.0,0.02739
320.5,0.02729
321.0,0.02719
321.5,0.02707
322.0,0.02693
322.5,0.02681
323.0,0.0267
323.5,0.02664
324.0,0.02652
324.5,0.02639
325.0,0.02623
325.5,0.02612
326.0,0.02605
326.5,0.02594
327.0,0.02581
327.5,0.02569
328.0,0.02556
328.5,0.02546
329.0,0.02535
329.5,0.02524
330.0,0.02512
330.5,0.02499
331.0,0.02486
331.5,0.02475
332.0,0.02465
332.5,0.02454
333.0,0.02442
333.5,0.02429
334.0,0.02417
334.5,0.02406
335.0,0.02395
335.5,0.02388
336.0,0.02377
336.5,0.0236
337.0,0.02348
337.5,0.02336
338.0,0.02325
338.5,0.02317
339.0,0.02305
339.5,0.02294
340.0,0.02278
340.5,0.02272
341.0,0.02269
341.5,0.02261
342.0,0.02255
342.5,0.02248
343.0,0.02243
343.5,0.02238
344.0,0.02229
344.5,0.02227
345.0,0.02219
345.5,0.02212
346.0,0.02205
346.5,0.02199
347.0,0.02194
347.5,0.02188
348.0,0.02181
348.5,0.02174
349.0,0.02168
349.5,0.02162
350.0,0.02156
350.5,0.0215
351.0,0.02144
351.5,0.02139
352.0,0.02133
352.5,0.02126
353.0,0.0212
353.5,0.02114
354.0,0.02108
354.5,0.02102
355.0,0.02096
355.5,0.0209
356.0,0.02084
356.5,0.02078
357.0,0.02072
357.5,0.02066
358.0,0.0206
358.5,0.02054
359.0,0.02048
359.5,0.02042
360.0,0.02036
360.5,0.02035
361.0,0.02035
361.5,0.02034
362.0,0.02033
362.5,0.02033
363.0,0.02032
363.5,0.02032
364.0,0.02031
364.5,0.02031
365.0,0.0203
365.5,0.0203
366.0,0.02029
366.5,0.02029
367.0,0.02028
367.5,0.02027
368.0,0.02027
368.5,0.02026
369.0,0.02026
369.5,0.02025
370.0,0.02025
370.5,0.02024
371.0,0.02024
371.5,0.02023
372.0,0.02023
372.5,0.02022
373.0,0.02022
373.5,0.02021
374.0,0.02021
374.5,0.0202
375.0,0.0202
375.5,0.02019
376.0,0.02019
376.5,0.02018
377.0,0.02018
377.5,0.02017
378.0,0.02017
378.5,0.02016
379.0,0.02016
379.5,0.02015
380.0,0.02015
380.5,0.02025
381.0,0.02035
381.5,0.02045
382.0,0.02055
382.5,0.02066
383.0,0.02076
383.5,0.02086
384.0,0.02096
384.5,0.02106
385.0,0.02116
385.5,0.02126
386.0,0.02136
386.5,0.02147
387.0,0.02157
387.5,0.02167
388.0,0.02177
388.5,0.02187
389.0,0.02197
389.5,0.02207
390.0,0.02217
390.5,0.02222
391.0,0.02227
391.5,0.02232
392.0,0.02237
392.5,0.02241
393.0,0.02246
393.5,0.02251
394.0,0.02256
394.5,0.02261
395.0,0.02265
395.5,0.0227
396.0,0.02275
396.5,0.0228
397.0,0.02285
397.5,0.0229
398.0,0.02294
398.5,0.02299
399.0,0.02304
399.5,0.02309
400.0,0.02314
401.0,0.02331
402.0,0.02351
403.0,0.02371
404.0,0.02392
405.0,0.02412
406.0,0.02432
407.0,0.02452
408.0,0.02472
409.0,0.02492
410.0,0.02512
411.0,0.02522
412.0,0.02532
413.0,0.02541
414.0,0.02551
415.0,0.0256
416.0,0.0257
417.0,0.0258
418.0,0.02589
419.0,0.02599
420.0,0.02609
421.0,0.02618
422.0,0.02628
423.0,0.02638
424.0,0.02647
425.0,0.02657
426.0,0.02666
427.0,0.02676
428.0,0.02686
429.0,0.02695
430.0,0.02705
431.0,0.02715
432.0,0.02724
433.0,0.02734
434.0,0.02744
435.0,0.02753
436.0,0.02763
437.0,0.02773
438.0,0.02783
439.0,0.02792
440.0,0.02802
441.0,0.02801
442.0,0.028
443.0,0.028
444.0,0.02799
445.0,0.02798
446.0,0.02798
447.0,0.02797
448.0,0.02796
449.0,0.02796
450.0,0.02795
451.0,0.02795
452.0,0.02794
453.0,0.02793
454.0,0.02793
455.0,0.02792
456.0,0.02792
457.0,0.02791
458.0,0.0279
459.0,0.0279
460.0,0.02789
461.0,0.02799
462.0,0.02809
463.0,0.02818
464.0,0.02828
465.0,0.02838
466.0,0.02848
467.0,0.02858
468.0,0.02867
469.0,0.02877
470.0,0.02887
471.0,0.02907
472.0,0.02927
473.0,0.02947
474.0,0.02967
475.0,0.02987
476.0,0.03007
477.0,0.03027
478.0,0.03047
479.0,0.03068
480.0,0.03088
481.0,0.03108
482.0,0.03128
483.0,0.03148
484.0,0.03168
485.0,0.03188
486.0,0.03208
487.0,0.03228
488.0,0.03248
489.0,0.03268
490.0,0.03288
491.0,0.03298
492.0,0.03308
493.0,0.03318
494.0,0.03328
495.0,0.03337
496.0,0.03347
497.0,0.03357
498.0,0.03367
499.0,0.03376
500.0,0.03386
501.0,0.03437
502.0,0.03488
503.0,0.03539
504.0,0.03589
505.0,0.0364
506.0,0.03691
507.0,0.03742
508.0,0.03793
509.0,0.03843
510.0,0.03894
511.0,0.03966
512.0,0.04037
513.0,0.04108
514.0,0.04179
515.0,0.04251
516.0,0.04322
517.0,0.04393
518.0,0.04464
519.0,0.04535
520.0,0.04607
521.0,0.04688
522.0,0.04769
523.0,0.04851
524.0,0.04932
525.0,0.05013
526.0,0.05095
527.0,0.05176
528.0,0.05257
529.0,0.05339
530.0,0.0542
531.0,0.0547
532.0,0.05521
533.0,0.05572
534.0,0.05622
535.0,0.05673
536.0,0.05723
537.0,0.05774
538.0,0.05825
539.0,0.05875
540.0,0.05926
541.0,0.05966
542.0,0.06006
543.0,0.06047
544.0,0.06087
545.0,0.06127
546.0,0.06168
547.0,0.06208
548.0,0.06248
549.0,0.06289
550.0,0.06329
551.0,0.06349
552.0,0.06369
553.0,0.06389
554.0,0.06408
555.0,0.06428
556.0,0.06448
557.0,0.06468
558.0,0.06488
559.0,0.06508
560.0,0.06528
561.0,0.06537
562.0,0.06547
563.0,0.06557
564.0,0.06566
565.0,0.06576
566.0,0.06586
567.0,0.06595
568.0,0.06605
569.0,0.06614
570.0,0.06624
571.0,0.06614
572.0,0.06603
573.0,0.06592
574.0,0.06581
575.0,0.06571
576.0,0.0656
577.0,0.0655
578.0,0.06539
579.0,0.06528
580.0,0.06518
581.0,0.06507
582.0,0.06497
583.0,0.06486
584.0,0.06476
585.0,0.06465
586.0,0.06455
587.0,0.06444
588.0,0.06433
589.0,0.06422
590.0,0.06412
591.0,0.06371
592.0,0.0633
593.0,0.06289
594.0,0.06247
595.0,0.06206
596.0,0.06165
597.0,0.06124
598.0,0.06083
599.0,0.06042
600.0,0.06001
601.0,0.0598
602.0,0.0596
603.0,0.05939
604.0,0.05919
605.0,0.05898
606.0,0.05877
607.0,0.05857
608.0,0.05836
609.0,0.05815
610.0,0.05795
611.0,0.05744
612.0,0.05693
613.0,0.05642
614.0,0.0559
615.0,0.05539
616.0,0.05488
617.0,0.05437
618.0,0.05386
619.0,0.05335
620.0,0.05284
621.0,0.05253
622.0,0.05223
623.0,0.05192
624.0,0.05161
625.0,0.0513
626.0,0.051
627.0,0.05069
628.0,0.05038
629.0,0.05007
630.0,0.04977
631.0,0.04946
632.0,0.04916
633.0,0.04885
634.0,0.04854
635.0,0.04824
636.0,0.04793
637.0,0.04762
638.0,0.04732
639.0,0.04701
640.0,0.0467
641.0,0.0465
642.0,0.04629
643.0,0.04609
644.0,0.04589
645.0,0.04568
646.0,0.04548
647.0,0.04527
648.0,0.04507
649.0,0.04486
650.0,0.04466
651.0,0.04445
652.0,0.04425
653.0,0.04404
654.0,0.04384
655.0,0.04363
656.0,0.04343
657.0,0.04323
658.0,0.04302
659.0,0.04282
660.0,0.04261
661.0,0.04251
662.0,0.04241
663.0,0.0423
664.0,0.0422
665.0,0.0421
666.0,0.042
667.0,0.04189
668.0,0.04179
669.0,0.04169
670.0,0.04159
671.0,0.04159
672.0,0.04158
673.0,0.04158
674.0,0.04158
675.0,0.04158
676.0,0.04158
677.0,0.04158
678.0,0.04158
679.0,0.04158
680.0,0.04157
681.0,0.04157
682.0,0.04157
683.0,0.04157
684.0,0.04157
685.0,0.04157
686.0,0.04157
687.0,0.04155
688.0,0.04156
689.0,0.04156
690.0,0.04156
691.0,0.04176
692.0,0.04196
693.0,0.04217
694.0,0.04237
695.0,0.04257
696.0,0.04277
697.0,0.04297
698.0,0.04318
699.0,0.04338
700.0,0.04358
701.0,0.04408
702.0,0.04459
703.0,0.0451
704.0,0.0456
705.0,0.04611
706.0,0.04661
707.0,0.04712
708.0,0.04763
709.0,0.04813
710.0,0.04864
711.0,0.05229
712.0,0.05593
713.0,0.05958
714.0,0.06323
715.0,0.06687
716.0,0.07052
717.0,0.07416
718.0,0.07781
719.0,0.08145
720.0,0.0851
721.0,0.08976
722.0,0.09443
723.0,0.09909
724.0,0.1037
725.0,0.1084
726.0,0.1131
727.0,0.1177
728.0,0.1224
729.0,0.127
730.0,0.1317
731.0,0.137
732.0,0.1422
733.0,0.1475
734.0,0.1528
735.0,0.1581
736.0,0.1633
737.0,0.1686
738.0,0.1739
739.0,0.1791
740.0,0.1844
741.0,0.1902
742.0,0.196
743.0,0.2017
744.0,0.2075
745.0,0.2133
746.0,0.2191
747.0,0.2249
748.0,0.2306
749.0,0.2364
750.0,0.2422
751.0,0.245
752.0,0.2479
753.0,0.2507
754.0,0.2535
755.0,0.2564
756.0,0.2592
757.0,0.262
758.0,0.2649
759.0,0.2677
760.0,0.2702
761.0,0.2729
762.0,0.276
763.0,0.2787
764.0,0.2816
765.0,0.2845
766.0,0.2874
767.0,0.2903
768.0,0.2932
769.0,0.296
770.0,0.2989
771.0,0.3006
772.0,0.3023
773.0,0.304
774.0,0.3057
775.0,0.3075
776.0,0.3092
777.0,0.3109
778.0,0.3126
779.0,0.3143
780.0,0.316
781.0,0.3171
782.0,0.3181
783.0,0.3191
784.0,0.3201
785.0,0.3211
786.0,0.3221
787.0,0.3231
788.0,0.3241
789.0,0.3251
790.0,0.3261
791.0,0.3266
792.0,0.3271
793.0,0.3276
794.0,0.3281
795.0,0.3286
796.0,0.3291
797.0,0.3296
798.0,0.3301
799.0,0.3306
800.0,0.3311
801.0,0.3311
802.0,0.3311
803.0,0.3311
804.0,0.3311
805.0,0.3311
806.0,0.3311
807.0,0.3311
808.0,0.3311
809.0,0.3311
810.0,0.3311
811.0,0.3308
812.0,0.3304
813.0,0.3301
814.0,0.3298
815.0,0.3295
816.0,0.3292
817.0,0.3289
818.0,0.3285
819.0,0.3283
820.0,0.3279
821.0,0.3275
822.0,0.3269
823.0,0.3264
824.0,0.3259
825.0,0.3254
826.0,0.3249
827.0,0.3244
828.0,0.3238
829.0,0.3234
830.0,0.3228
831.0,0.3223
832.0,0.3218
833.0,0.3213
834.0,0.3208
835.0,0.3203
836.0,0.3198
837.0,0.3193
838.0,0.3188
839.0,0.3183
840.0,0.3178
841.0,0.3178
842.0,0.3177
843.0,0.3177
844.0,0.3177
845.0,0.3177
846.0,0.3177
847.0,0.3177
848.0,0.3177
849.0,0.3177
850.0,0.3177
851.0,0.3181
852.0,0.3185
853.0,0.3189
854.0,0.3193
855.0,0.3197
856.0,0.3201
857.0,0.3205
858.0,0.3209
859.0,0.3213
860.0,0.3217
861.0,0.3222
862.0,0.3227
863.0,0.3232
864.0,0.3237
865.0,0.3242
866.0,0.3247
867.0,0.3252
868.0,0.3257
869.0,0.3263
870.0,0.3268
871.0,0.3272
872.0,0.3276
873.0,0.328
874.0,0.3284
875.0,0.3288
876.0,0.3292
877.0,0.3296
878.0,0.33
879.0,0.3304
880.0,0.3308
881.0,0.3308
882.0,0.3308
883.0,0.3308
884.0,0.3308
885.0,0.3307
886.0,0.3307
887.0,0.3307
888.0,0.3307
889.0,0.3307
890.0,0.3307
891.0,0.3306
892.0,0.3305
893.0,0.3304
894.0,0.3303
895.0,0.3302
896.0,0.3301
897.0,0.3299
898.0,0.3299
899.0,0.3297
900.0,0.3297
901.0,0.329
902.0,0.3284
903.0,0.3278
904.0,0.3272
905.0,0.3266
906.0,0.326
907.0,0.3254
908.0,0.3248
909.0,0.3242
910.0,0.3235
911.0,0.3229
912.0,0.3223
913.0,0.3217
914.0,0.3211
915.0,0.3205
916.0,0.3199
917.0,0.3193
918.0,0.3186
919.0,0.3181
920.0,0.3175
921.0,0.3166
922.0,0.3156
923.0,0.3147
924.0,0.3138
925.0,0.3129
926.0,0.312
927.0,0.3111
928.0,0.3101
929.0,0.3092
930.0,0.3083
931.0,0.307
932.0,0.3058
933.0,0.3046
934.0,0.3033
935.0,0.3022
936.0,0.3009
937.0,0.2997
938.0,0.2985
939.0,0.2973
940.0,0.2961
941.0,0.2945
942.0,0.2929
943.0,0.2912
944.0,0.2896
945.0,0.288
946.0,0.2863
947.0,0.2848
948.0,0.2831
949.0,0.2815
950.0,0.2799
951.0,0.2786
952.0,0.2773
953.0,0.276
954.0,0.2747
955.0,0.2733
956.0,0.272
957.0,0.2707
958.0,0.2694
959.0,0.2681
960.0,0.2668
961.0,0.2662
962.0,0.2656
963.0,0.265
964.0,0.2643
965.0,0.2637
966.0,0.2631
967.0,0.2625
968.0,0.2619
969.0,0.2613
970.0,0.2607
971.0,0.2614
972.0,0.2621
973.0,0.2628
974.0,0.2635
975.0,0.2642
976.0,0.2649
977.0,0.2657
978.0,0.2664
979.0,0.2671
980.0,0.2678
981.0,0.2682
982.0,0.2686
983.0,0.269
984.0,0.2694
985.0,0.2698
986.0,0.2702
987.0,0.2706
988.0,0.271
989.0,0.2714
990.0,0.2718
991.0,0.2718
992.0,0.2718
993.0,0.2718
994.0,0.2718
995.0,0.2718
996.0,0.2718
997.0,0.2718
998.0,0.2718
999.0,0.2718
1000.0,0.2718
1001.0,0.2716
1002.0,0.2714
1003.0,0.2712
1004.0,0.271
1005.0,0.2708
1006.0,0.2706
1007.0,0.2704
1008.0,0.2702
1009.0,0.27
1010.0,0.2698
1011.0,0.2695
1012.0,0.2692
1013.0,0.2689
1014.0,0.2686
1015.0,0.2683
1016.0,0.2679
1017.0,0.2676
1018.0,0.2673
1019.0,0.267
1020.0,0.2667
1021.0,0.2663
1022.0,0.2659
1023.0,0.2655
1024.0,0.2651
1025.0,0.2647
1026.0,0.2643
1027.0,0.2639
1028.0,0.2635
1029.0,0.2631
1030.0,0.2627
1031.0,0.2623
1032.0,0.2619
1033.0,0.2615
1034.0,0.2611
1035.0,0.2606
1036.0,0.2602
1037.0,0.2598
1038.0,0.2594
1039.0,0.259
1040.0,0.2586
1041.0,0.2581
1042.0,0.2576
1043.0,0.2571
1044.0,0.2566
1045.0,0.2561
1046.0,0.2556
1047.0,0.2551
1048.0,0.2546
1049.0,0.2541
1050.0,0.2536
1051.0,0.2529
1052.0,0.2523
1053.0,0.2517
1054.0,0.2511
1055.0,0.2505
1056.0,0.2499
1057.0,0.2493
1058.0,0.2487
1059.0,0.2481
1060.0,0.2475
1061.0,0.2467
1062.0,0.2459
1063.0,0.2451
1064.0,0.2442
1065.0,0.2434
1066.0,0.2426
1067.0,0.2418
1068.0,0.241
1069.0,0.2402
1070.0,0.2394
1071.0,0.2387
1072.0,0.238
1073.0,0.2373
1074.0,0.2366
1075.0,0.2358
1076.0,0.2351
1077.0,0.2344
1078.0,0.2337
1079.0,0.233
1080.0,0.2323
1081.0,0.2315
1082.0,0.2307
1083.0,0.2299
1084.0,0.2291
1085.0,0.2283
1086.0,0.2274
1087.0,0.2266
1088.0,0.2258
1089.0,0.225
1090.0,0.2242
1091.0,0.2231
1092.0,0.222
1093.0,0.2209
1094.0,0.2198
1095.0,0.2187
1096.0,0.2175
1097.0,0.2164
1098.0,0.2153
1099.0,0.2142
1100.0,0.2131
1101.0,0.2118
1102.0,0.2105
1103.0,0.2091
1104.0,0.2078
1105.0,0.2065
1106.0,0.2052
1107.0,0.2039
1108.0,0.2026
1109.0,0.2013
1110.0,0.2
1111.0,0.1984
1112.0,0.1969
1113.0,0.1954
1114.0,0.1939
1115.0,0.1924
1116.0,0.1908
1117.0,0.1893
1118.0,0.1878
1119.0,0.1863
1120.0,0.1848
1121.0,0.183
1122.0,0.1811
1123.0,0.1793
1124.0,0.1775
1125.0,0.1757
1126.0,0.1739
1127.0,0.172
1128.0,0.1702
1129.0,0.1684
1130.0,0.1666
1131.0,0.1646
1132.0,0.1626
1133.0,0.1605
1134.0,0.1585
1135.0,0.1565
1136.0,0.1545
1137.0,0.1525
1138.0,0.1504
1139.0,0.1484
1140.0,0.1464
1141.0,0.1454
1142.0,0.1444
1143.0,0.1434
1144.0,0.1424
1145.0,0.1413
1146.0,0.1403
1147.0,0.1393
1148.0,0.1383
1149.0,0.1373
1150.0,0.1363
1151.0,0.1359
1152.0,0.1355
1153.0,0.1351
1154.0,0.1347
1155.0,0.1343
1156.0,0.1339
1157.0,0.1335
1158.0,0.1331
1159.0,0.1327
1160.0,0.1323
1161.0,0.132
1162.0,0.1317
1163.0,0.1314
1164.0,0.1311
1165.0,0.1308
1166.0,0.1304
1167.0,0.1301
1168.0,0.1298
1169.0,0.1295
1170.0,0.1292
1171.0,0.1291
1172.0,0.129
1173.0,0.1289
1174.0,0.1288
1175.0,0.1287
1176.0,0.1286
1177.0,0.1285
1178.0,0.1284
1179.0,0.1283
1180.0,0.1282
1181.0,0.1282
1182.0,0.1282
1183.0,0.1282
1184.0,0.1282
1185.0,0.1282
1186.0,0.1282
1187.0,0.1282
1188.0,0.1282
1189.0,0.1282
1190.0,0.1282
1191.0,0.1282
1192.0,0.1282
1193.0,0.1282
1194.0,0.1282
1195.0,0.1282
1196.0,0.1282
1197.0,0.1282
1198.0,0.1282
1199.0,0.1282
1200.0,0.1282
1201.0,0.1282
1202.0,0.1282
1203.0,0.1282
1204.0,0.1282
1205.0,0.1282
1206.0,0.1282
1207.0,0.1282
1208.0,0.1282
1209.0,0.1282
1210.0,0.1282
1211.0,0.1282
1212.0,0.1282
1213.0,0.1282
1214.0,0.1282
1215.0,0.1282
1216.0,0.1282
1217.0,0.1282
1218.0,0.1282
1219.0,0.1282
1220.0,0.1282
1221.0,0.1282
1222.0,0.1282
1223.0,0.1282
1224.0,0.1282
1225.0,0.1282
1226.0,0.1282
1227.0,0.1282
1228.0,0.1282
1229.0,0.1282
1230.0,0.1282
1231.0,0.1282
1232.0,0.1282
1233.0,0.1282
1234.0,0.1282
1235.0,0.1282
1236.0,0.1282
1237.0,0.1282
1238.0,0.1282
1239.0,0.1282
1240.0,0.1282
1241.0,0.1282
1242.0,0.1282
1243.0,0.1282
1244.0,0.1282
1245.0,0.1282
1246.0,0.1282
1247.0,0.1282
1248.0,0.1282
1249.0,0.1282
1250.0,0.1282
1251.0,0.1282
1252.0,0.1282
1253.0,0.1282
1254.0,0.1282
1255.0,0.1282
1256.0,0.1282
1257.0,0.1282
1258.0,0.1282
1259.0,0.1282
1260.0,0.1282
1261.0,0.1282
1262.0,0.1282
1263.0,0.1282
1264.0,0.1282
1265.0,0.1282
1266.0,0.1282
1267.0,0.1282
1268.0,0.1282
1269.0,0.1282
1270.0,0.1282
1271.0,0.1282
1272.0,0.1282
1273.0,0.1282
1274.0,0.1282
1275.0,0.1282
1276.0,0.1282
1277.0,0.1282
1278.0,0.1282
1279.0,0.1282
1280.0,0.1282
1281.0,0.1282
1282.0,0.1282
1283.0,0.1282
1284.0,0.1282
1285.0,0.1282
1286.0,0.1282
1287.0,0.1282
1288.0,0.1282
1289.0,0.1282
1290.0,0.1282
1291.0,0.1282
1292.0,0.1282
1293.0,0.1282
1294.0,0.1282
1295.0,0.1282
1296.0,0.1282
1297.0,0.1282
1298.0,0.1282
1299.0,0.1282
1300.0,0.1282
1301.0,0.1282
1302.0,0.1282
1303.0,0.1282
1304.0,0.1282
1305.0,0.1282
1306.0,0.1282
1307.0,0.1282
1308.0,0.1282
1309.0,0.1282
1310.0,0.1282
1311.0,0.1282
1312.0,0.1282
1313.0,0.1282
1314.0,0.1282
1315.0,0.1282
1316.0,0.1282
1317.0,0.1282
1318.0,0.1282
1319.0,0.1282
1320.0,0.1282
1321.0,0.1282
1322.0,0.1282
1323.0,0.1282
1324.0,0.1282
1325.0,0.1282
1326.0,0.1282
1327.0,0.1282
1328.0,0.1282
1329.0,0.1282
1330.0,0.1282
1331.0,0.1282
1332.0,0.1282
1333.0,0.1282
1334.0,0.1282
1335.0,0.1282
1336.0,0.1282
1337.0,0.1282
1338.0,0.1282
1339.0,0.1282
1340.0,0.1282
1341.0,0.1282
1342.0,0.1282
1343.0,0.1282
1344.0,0.1282
1345.0,0.1282
1346.0,0.1282
1347.0,0.1282
1348.0,0.1282
1349.0,0.1282
1350.0,0.1282
1351.0,0.1282
1352.0,0.1282
1353.0,0.1282
1354.0,0.1282
1355.0,0.1282
1356.0,0.1282
1357.0,0.1282
1358.0,0.1282
1359.0,0.1282
1360.0,0.1282
1361.0,0.1282
1362.0,0.1282
1363.0,0.1282
1364.0,0.1282
1365.0,0.1282
1366.0,0.1282
1367.0,0.1282
1368.0,0.1282
1369.0,0.1282
1370.0,0.1282
1371.0,0.1282
1372.0,0.1282
1373.0,0.1282
1374.0,0.1282
1375.0,0.1282
1376.0,0.1282
1377.0,0.1282
1378.0,0.1282
1379.0,0.1282
1380.0,0.1282
1381.0,0.1282
1382.0,0.1282
1383.0,0.1282
1384.0,0.1282
1385.0,0.1282
1386.0,0.1282
1387.0,0.1282
1388.0,0.1282
1389.0,0.1282
1390.0,0.1282
1391.0,0.1282
1392.0,0.1282
1393.0,0.1282
1394.0,0.1282
1395.0,0.1282
1396.0,0.1282
1397.0,0.1282
1398.0,0.1282
1399.0,0.1282
1400.0,0.1282
1401.0,0.1282
1402.0,0.1282
1403.0,0.1282
1404.0,0.1282
1405.0,0.1282
1406.0,0.1282
1407.0,0.1282
1408.0,0.1282
1409.0,0.1282
1410.0,0.1282
1411.0,0.1282
1412.0,0.1282
1413.0,0.1282
1414.0,0.1282
1415.0,0.1282
1416.0,0.1282
1417.0,0.1282
1418.0,0.1282
1419.0,0.1282
1420.0,0.1282
1421.0,0.1282
1422.0,0.1282
1423.0,0.1282
1424.0,0.1282
1425.0,0.1282
1426.0,0.1282
1427.0,0.1282
1428.0,0.1282
1429.0,0.1282
1430.0,0.1282
1431.0,0.1282
1432.0,0.1282
1433.0,0.1282
1434.0,0.1282
1435.0,0.1282
1436.0,0.1282
1437.0,0.1282
1438.0,0.1282
1439.0,0.1282
1440.0,0.1282
1441.0,0.1282
1442.0,0.1282
1443.0,0.1282
1444.0,0.1282
1445.0,0.1282
1446.0,0.1282
1447.0,0.1282
1448.0,0.1282
1449.0,0.1282
1450.0,0.1282
1451.0,0.1282
1452.0,0.1282
1453.0,0.1282
1454.0,0.1282
1455.0,0.1282
1456.0,0.1282
1457.0,0.1282
1458.0,0.1282
1459.0,0.1282
1460.0,0.1282
1461.0,0.1282
1462.0,0.1282
1463.0,0.1282
1464.0,0.1282
1465.0,0.1282
1466.0,0.1282
1467.0,0.1282
1468.0,0.1282
1469.0,0.1282
1470.0,0.1282
1471.0,0.1282
1472.0,0.1282
1473.0,0.1282
1474.0,0.1282
1475.0,0.1282
1476.0,0.1282
1477.0,0.1282
1478.0,0.1282
1479.0,0.1282
1480.0,0.1282
1481.0,0.1282
1482.0,0.1282
1483.0,0.1282
1484.0,0.1282
1485.0,0.1282
1486.0,0.1282
1487.0,0.1282
1488.0,0.1282
1489.0,0.1282
1490.0,0.1282
1491.0,0.1282
1492.0,0.1282
1493.0,0.1282
1494.0,0.1282
1495.0,0.1282
1496.0,0.1282
1497.0,0.1282
1498.0,0.1282
1499.0,0.1282
1500.0,0.1282
1501.0,0.1282
1502.0,0.1282
1503.0,0.1282
1504.0,0.1282
1505.0,0.1282
1506.0,0.1282
1507.0,0.1282
1508.0,0.1282
1509.0,0.1282
1510.0,0.1282
1511.0,0.1282
1512.0,0.1282
1513.0,0.1282
1514.0,0.1282
1515.0,0.1282
1516.0,0.1282
1517.0,0.1282
1518.0,0.1282
1519.0,0.1282
1520.0,0.1282
1521.0,0.1282
1522.0,0.1282
1523.0,0.1282
1524.0,0.1282
1525.0,0.1282
1526.0,0.1282
1527.0,0.1282
1528.0,0.1282
1529.0,0.1282
1530.0,0.1282
1531.0,0.1282
1532.0,0.1282
1533.0,0.1282
1534.0,0.1282
1535.0,0.1282
1536.0,0.1282
1537.0,0.1282
1538.0,0.1282
1539.0,0.1282
1540.0,0.1282
1541.0,0.1282
1542.0,0.1282
1543.0,0.1282
1544.0,0.1282
1545.0,0.1282
1546.0,0.1282
1547.0,0.1282
1548.0,0.1282
1549.0,0.1282
1550.0,0.1282
1551.0,0.1282
1552.0,0.1282
1553.0,0.1282
1554.0,0.1282
1555.0,0.1282
1556.0,0.1282
1557.0,0.1282
1558.0,0.1282
1559.0,0.1282
1560.0,0.1282
1561.0,0.1282
1562.0,0.1282
1563.0,0.1282
1564.0,0.1282
1565.0,0.1282
1566.0,0.1282
1567.0,0.1282
1568.0,0.1282
1569.0,0.1282
1570.0,0.1282
1571.0,0.1282
1572.0,0.1282
1573.0,0.1282
1574.0,0.1282
1575.0,0.1282
1576.0,0.1282
1577.0,0.1282
1578.0,0.1282
1579.0,0.1282
1580.0,0.1282
1581.0,0.1282
1582.0,0.1282
1583.0,0.1282
1584.0,0.1282
1585.0,0.1282
1586.0,0.1282
1587.0,0.1282
1588.0,0.1282
1589.0,0.1282
1590.0,0.1282
1591.0,0.1282
1592.0,0.1282
1593.0,0.1282
1594.0,0.1282
1595.0,0.1282
1596.0,0.1282
1597.0,0.1282
1598.0,0.1282
1599.0,0.1282
1600.0,0.1282
1601.0,0.1282
1602.0,0.1282
1603.0,0.1282
1604.0,0.1282
1605.0,0.1282
1606.0,0.1282
1607.0,0.1282
1608.0,0.1282
1609.0,0.1282
1610.0,0.1282
1611.0,0.1282
1612.0,0.1282
1613.0,0.1282
1614.0,0.1282
1615.0,0.1282
1616.0,0.1282
1617.0,0.1282
1618.0,0.1282
1619.0,0.1282
1620.0,0.1282
1621.0,0.1282
1622.0,0.1282
1623.0,0.1282
1624.0,0.1282
1625.0,0.1282
1626.0,0.1282
1627.0,0.1282
1628.0,0.1282
1629.0,0.1282
1630.0,0.1282
1631.0,0.1282
1632.0,0.1282
1633.0,0.1282
1634.0,0.1282
1635.0,0.1282
1636.0,0.1282
1637.0,0.1282
1638.0,0.1282
1639.0,0.1282
1640.0,0.1282
1641.0,0.1282
1642.0,0.1282
1643.0,0.1282
1644.0,0.1282
1645.0,0.1282
1646.0,0.1282
1647.0,0.1282
1648.0,0.1282
1649.0,0.1282
1650.0,0.1282
1651.0,0.1282
1652.0,0.1282
1653.0,0.1282
1654.0,0.1282
1655.0,0.1282
1656.0,0.1282
1657.0,0.1282
1658.0,0.1282
1659.0,0.1282
1660.0,0.1282
1661.0,0.1282
1662.0,0.1282
1663.0,0.1282
1664.0,0.1282
1665.0,0.1282
1666.0,0.1282
1667.0,0.1282
1668.0,0.1282
1669.0,0.1282
1670.0,0.1282
1671.0,0.1282
1672.0,0.1282
1673.0,0.1282
1674.0,0.1282
1675.0,0.1282
1676.0,0.1282
1677.0,0.1282
1678.0,0.1282
1679.0,0.1282
1680.0,0.1282
1681.0,0.1282
1682.0,0.1282
1683.0,0.1282
1684.0,0.1282
1685.0,0.1282
1686.0,0.1282
1687.0,0.1282
1688.0,0.1282
1689.0,0.1282
1690.0,0.1282
1691.0,0.1282
1692.0,0.1282
1693.0,0.1282
1694.0,0.1282
1695.0,0.1282
1696.0,0.1282
1697.0,0.1282
1698.0,0.1282
1699.0,0.1282
1700.0,0.1282
1702.0,0.1282
1705.0,0.1282
1710.0,0.1282
1715.0,0.1282
1720.0,0.1282
1725.0,0.1282
1730.0,0.1282
1735.0,0.1282
1740.0,0.1282
1745.0,0.1282
1750.0,0.1282
1755.0,0.1282
1760.0,0.1282
1765.0,0.1282
1770.0,0.1282
1775.0,0.1282
1780.0,0.1282
1785.0,0.1282
1790.0,0.1282
1795.0,0.1282
1800.0,0.1282
1805.0,0.1282
1810.0,0.1282
1815.0,0.1282
1820.0,0.1282
1825.0,0.1282
1830.0,0.1282
1835.0,0.1282
1840.0,0.1282
1845.0,0.1282
1850.0,0.1282
1855.0,0.1282
1860.0,0.1282
1865.0,0.1282
1870.0,0.1282
1875.0,0.1282
1880.0,0.1282
1885.0,0.1282
1890.0,0.1282
1895.0,0.1282
1900.0,0.1282
1905.0,0.1282
1910.0,0.1282
1915.0,0.1282
1920.0,0.1282
1925.0,0.1282
1930.0,0.1282
1935.0,0.1282
1940.0,0.1282
1945.0,0.1282
1950.0,0.1282
1955.0,0.1282
1960.0,0.1282
1965.0,0.1282
1970.0,0.1282
1975.0,0.1282
1980.0,0.1282
1985.0,0.1282
1990.0,0.1282
1995.0,0.1282
2000.0,0.1282
2005.0,0.1282
2010.0,0.1282
2015.0,0.1282
2020.0,0.1282
2025.0,0.1282
2030.0,0.1282
2035.0,0.1282
2040.0,0.1282
2045.0,0.1282
2050.0,0.1282
2055.0,0.1282
2060.0,0.1282
2065.0,0.1282
2070.0,0.1282
2075.0,0.1282
2080.0,0.1282
2085.0,0.1282
2090.0,0.1282
2095.0,0.1282
2100.0,0.1282
2105.0,0.1282
2110.0,0.1282
2115.0,0.1282
2120.0,0.1282
2125.0,0.1282
2130.0,0.1282
2135.0,0.1282
2140.0,0.1282
2145.0,0.1282
2150.0,0.1282
2155.0,0.1282
2160.0,0.1282
2165.0,0.1282
2170.0,0.1282
2175.0,0.1282
2180.0,0.1282
2185.0,0.1282
2190.0,0.1282
2195.0,0.1282
2200.0,0.1282
2205.0,0.1282
2210.0,0.1282
2215.0,0.1282
2220.0,0.1282
2225.0,0.1282
2230.0,0.1282
2235.0,0.1282
2240.0,0.1282
2245.0,0.1282
2250.0,0.1282
2255.0,0.1282
2260.0,0.1282
2265.0,0.1282
2270.0,0.1282
2275.0,0.1282
2280.0,0.1282
2285.0,0.1282
2290.0,0.1282
2295.0,0.1282
2300.0,0.1282
2305.0,0.1282
2310.0,0.1282
2315.0,0.1282
2320.0,0.1282
2325.0,0.1282
2330.0,0.1282
2335.0,0.1282
2340.0,0.1282
2345.0,0.1282
2350.0,0.1282
2355.0,0.1282
2360.0,0.1282
2365.0,0.1282
2370.0,0.1282
2375.0,0.1282
2380.0,0.1282
2385.0,0.1282
2390.0,0.1282
2395.0,0.1282
2400.0,0.1282
2405.0,0.1282
2410.0,0.1282
2415.0,0.1282
2420.0,0.1282
2425.0,0.1282
2430.0,0.1282
2435.0,0.1282
2440.0,0.1282
2445.0,0.1282
2450.0,0.1282
2455.0,0.1282
2460.0,0.1282
2465.0,0.1282
2470.0,0.1282
2475.0,0.1282
2480.0,0.1282
2485.0,0.1282
2490.0,0.1282
2495.0,0.1282
2500.0,0.1282
2505.0,0.1282
2510.0,0.1282
2515.0,0.1282
2520.0,0.1282
2525.0,0.1282
2530.0,0.1282
2535.0,0.1282
2540.0,0.1282
2545.0,0.1282
2550.0,0.1282
2555.0,0.1282
2560.0,0.1282
2565.0,0.1282
2570.0,0.1282
2575.0,0.1482
2580.0,0.1282
2585.0,0.1482
2590.0,0.1482
2595.0,0.1482
2600.0,0.1482
2605.0,0.1482
2610.0,0.1482
2615.0,0.1482
2620.0,0.1482
2625.0,0.1482
2630.0,0.1482
2635.0,0.1282
2640.0,0.1282
2645.0,0.1282
2650.0,0.1282
2655.0,0.1482
2660.0,0.1482
2665.0,0.1482
2670.0,0.1482
2675.0,0.1482
2680.0,0.1482
2685.0,0.1482
2690.0,0.1482
2695.0,0.1482
2700.0,0.1282
2705.0,0.1282
2710.0,0.1482
2715.0,0.1282
2720.0,0.1482
2725.0,0.1282
2730.0,0.1282
2735.0,0.1282
2740.0,0.1482
2745.0,0.1282
2750.0,0.1282
2755.0,0.1282
2760.0,0.1282
2765.0,0.1282
2770.0,0.1282
2775.0,0.1282
2780.0,0.1282
2785.0,0.1282
2790.0,0.1282
2795.0,0.1282
2800.0,0.1282
2805.0,0.1282
2810.0,0.1282
2815.0,0.1282
2820.0,0.1282
2825.0,0.1282
2830.0,0.1282
2835.0,0.1282
2840.0,0.1282
2845.0,0.1282
2850.0,0.1282
2855.0,0.1282
2860.0,0.1282
2865.0,0.1282
2870.0,0.1282
2875.0,0.1282
2880.0,0.1282
2885.0,0.1282
2890.0,0.1282
2895.0,0.1282
2900.0,0.1282
2905.0,0.1282
2910.0,0.1282
2915.0,0.1282
2920.0,0.1282
2925.0,0.1282
2930.0,0.1282
2935.0,0.1282
2940.0,0.1282
2945.0,0.1282
2950.0,0.1282
2955.0,0.1282
2960.0,0.1282
2965.0,0.1282
2970.0,0.1282
2975.0,0.1282
2980.0,0.1282
2985.0,0.1282
2990.0,0.1282
2995.0,0.1282
3000.0,0.1282
3005.0,0.1282
3010.0,0.1282
3015.0,0.1282
3020.0,0.1282
3025.0,0.1282
3030.0,0.1282
3035.0,0.1282
3040.0,0.1282
3045.0,0.1282
3050.0,0.1282
3055.0,0.1282
3060.0,0.1282
3065.0,0.1282
3070.0,0.1282
3075.0,0.1282
3080.0,0.1282
3085.0,0.1282
3090.0,0.1282
3095.0,0.1282
3100.0,0.1282
3105.0,0.1282
3110.0,0.1282
3115.0,0.1282
3120.0,0.1282
3125.0,0.1282
3130.0,0.1282
3135.0,0.1282
3140.0,0.1282
3145.0,0.1282
3150.0,0.1282
3155.0,0.1282
3160.0,0.1282
3165.0,0.1282
3170.0,0.1282
3175.0,0.1282
3180.0,0.1282
3185.0,0.1282
3190.0,0.1282
3195.0,0.1282
3200.0,0.1282
3205.0,0.1282
3210.0,0.1282
3215.0,0.1282
3220.0,0.1282
3225.0,0.1282
3230.0,0.1282
3235.0,0.1282
3240.0,0.1282
3245.0,0.1282
3250.0,0.1282
3255.0,0.1282
3260.0,0.1282
3265.0,0.1282
3270.0,0.1282
3275.0,0.1282
3280.0,0.1282
3285.0,0.1282
3290.0,0.1282
3295.0,0.1282
3300.0,0.1282
3305.0,0.1282
3310.0,0.1282
3315.0,0.1282
3320.0,0.1282
3325.0,0.1282
3330.0,0.1282
3335.0,0.1282
3340.0,0.1282
3345.0,0.1282
3350.0,0.1282
3355.0,0.1282
3360.0,0.1282
3365.0,0.1282
3370.0,0.1282
3375.0,0.1282
3380.0,0.1282
3385.0,0.1282
3390.0,0.1282
3395.0,0.1282
3400.0,0.1282
3405.0,0.1282
3410.0,0.1282
3415.0,0.1282
3420.0,0.1282
3425.0,0.1282
3430.0,0.1282
3435.0,0.1282
3440.0,0.1282
3445.0,0.1282
3450.0,0.1282
3455.0,0.1282
3460.0,0.1282
3465.0,0.1282
3470.0,0.1282
3475.0,0.1282
3480.0,0.1282
3485.0,0.1282
3490.0,0.1282
3495.0,0.1282
3500.0,0.1282
3505.0,0.1282
3510.0,0.1282
3515.0,0.1282
3520.0,0.1282
3525.0,0.1282
3530.0,0.1282
3535.0,0.1282
3540.0,0.1282
3545.0,0.1282
3550.0,0.1282
3555.0,0.1282
3560.0,0.1282
3565.0,0.1282
3570.0,0.1282
3575.0,0.1282
3580.0,0.1282
3585.0,0.1282
3590.0,0.1282
3595.0,0.1282
3600.0,0.1282
3605.0,0.1282
3610.0,0.1282
3615.0,0.1282
3620.0,0.1282
3625.0,0.1282
3630.0,0.1282
3635.0,0.1282
3640.0,0.1282
3645.0,0.1282
3650.0,0.1282
3655.0,0.1282
3660.0,0.1282
3665.0,0.1282
3670.0,0.1282
3675.0,0.1282
3680.0,0.1282
3685.0,0.1282
3690.0,0.1282
3695.0,0.1282
3700.0,0.1282
3705.0,0.1282
3710.0,0.1282
3715.0,0.1282
3720.0,0.1282
3725.0,0.1282
3730.0,0.1282
3735.0,0.1282
3740.0,0.1282
3745.0,0.1282
3750.0,0.1282
3755.0,0.1282
3760.0,0.1282
3765.0,0.1282
3770.0,0.1282
3775.0,0.1282
3780.0,0.1282
3785.0,0.1282
3790.0,0.1282
3795.0,0.1282
3800.0,0.1282
3805.0,0.1282
3810.0,0.1282
3815.0,0.1282
3820.0,0.1282
3825.0,0.1282
3830.0,0.1282
3835.0,0.1282
3840.0,0.1282
3845.0,0.1282
3850.0,0.1282
3855.0,0.1282
3860.0,0.1282
3865.0,0.1282
3870.0,0.1282
3875.0,0.1282
3880.0,0.1282
3885.0,0.1282
3890.0,0.1282
3895.0,0.1282
3900.0,0.1282
3905.0,0.1282
3910.0,0.1282
3915.0,0.1282
3920.0,0.1282
3925.0,0.1282
3930.0,0.1282
3935.0,0.1282
3940.0,0.1282
3945.0,0.1282
3950.0,0.1282
3955.0,0.1282
3960.0,0.1282
3965.0,0.1282
3970.0,0.1282
3975.0,0.1282
3980.0,0.1282
3985.0,0.1282
3990.0,0.1282
3995.0,0.1282
4000.0,0.1282
