interpolation:linear
wavelength,value
280.0,0.03618
280.5,0.03618
281.0,0.03618
281.5,0.03618
282.0,0.03618
282.5,0.03618
283.0,0.03618
283.5,0.03618
284.0,0.03618
284.5,0.03618
285.0,0.03618
285.5,0.03618
286.0,0.03618
286.5,0.03618
287.0,0.03618
287.5,0.03618
288.0,0.03618
288.5,0.03618
289.0,0.03618
289.5,0.03618
290.0,0.03618
290.5,0.03618
291.0,0.03618
291.5,0.03618
292.0,0.03618
292.5,0.03618
293.0,0.03618
293.5,0.03618
294.0,0.03618
294.5,0.03618
295.0,0.03618
295.5,0.03618
296.0,0.03618
296.5,0.03618
297.0,0.03618
297.5,0.03618
298.0,0.03618
298.5,0.03618
299.0,0.03618
299.5,0.03617
300.0,0.03617
300.5,0.036
301.0,0.03582
301.5,0.03564
302.0,0.03547
302.5,0.03529
303.0,0.03511
303.5,0.03494
304.0,0.03476
304.5,0.03458
305.0,0.03441
305.5,0.03423
306.0,0.03406
306.5,0.03388
307.0,0.0337
307.5,0.03353
308.0,0.03335
308.5,0.03318
309.0,0.033
309.5,0.03283
310.0,0.03265
310.5,0.03248
311.0,0.0323
311.5,0.03212
312.0,0.03195
312.5,0.03177
313.0,0.0316
313.5,0.03142
314.0,0.03125
314.5,0.03107
315.0,0.03089
315.5,0.03072
316.0,0.03054
316.5,0.03037
317.0,0.03019
317.5,0.03002
318.0,0.02984
318.5,0.02967
319.0,0.02949
319.5,0.02932
320.0,0.02914
320.5,0.02903
321.0,0.02891
321.5,0.02879
322.0,0.02867
322.5,0.02856
323.0,0.02844
323.5,0.02832
324.0,0.02821
324.5,0.02809
325.0,0.02797
325.5,0.02786
326.0,0.02774
326.5,0.02762
327.0,0.0275
327.5,0.02739
328.0,0.02727
328.5,0.02715
329.0,0.02704
329.5,0.02692
330.0,0.0268
330.5,0.02669
331.0,0.02657
331.5,0.02645
332.0,0.02634
332.5,0.02622
333.0,0.0261
333.5,0.02598
334.0,0.02587
334.5,0.02575
335.0,0.02563
335.5,0.02552
336.0,0.0254
336.5,0.02528
337.0,0.02517
337.5,0.02505
338.0,0.02493
338.5,0.02482
339.0,0.0247
339.5,0.02458
340.0,0.02446
340.5,0.02441
341.0,0.02435
341.5,0.02429
342.0,0.02423
342.5,0.02417
343.0,0.02411
343.5,0.02405
344.0,0.02399
344.5,0.02394
345.0,0.02388
345.5,0.02382
346.0,0.02376
346.5,0.0237
347.0,0.02364
347.5,0.02358
348.0,0.02352
348.5,0.02347
349.0,0.02341
349.5,0.02335
350.0,0.02329
350.5,0.02323
351.0,0.02317
351.5,0.02311
352.0,0.02305
352.5,0.023
353.0,0.02294
353.5,0.02288
354.0,0.02282
354.5,0.02276
355.0,0.0227
355.5,0.02264
356.0,0.02259
356.5,0.02253
357.0,0.02247
357.5,0.02241
358.0,0.02235
358.5,0.02229
359.0,0.02223
359.5,0.02218
360.0,0.02212
360.5,0.02212
361.0,0.02212
361.5,0.02212
362.0,0.02211
362.5,0.02211
363.0,0.02211
363.5,0.02211
364.0,0.02211
364.5,0.02211
365.0,0.02211
365.5,0.02211
366.0,0.02211
366.5,0.02211
367.0,0.02211
367.5,0.02211
368.0,0.02211
368.5,0.02211
369.0,0.02211
369.5,0.02211
370.0,0.02211
370.5,0.02211
371.0,0.02211
371.5,0.02211
372.0,0.02211
372.5,0.02211
373.0,0.0221
373.5,0.0221
374.0,0.0221
374.5,0.0221
375.0,0.0221
375.5,0.0221
376.0,0.0221
376.5,0.0221
377.0,0.0221
377.5,0.0221
378.0,0.0221
378.5,0.0221
379.0,0.0221
379.5,0.0221
380.0,0.0221
380.5,0.02222
381.0,0.02233
381.5,0.02245
382.0,0.02256
382.5,0.02268
383.0,0.02279
383.5,0.02291
384.0,0.02303
384.5,0.02314
385.0,0.02326
385.5,0.02337
386.0,0.02349
386.5,0.02361
387.0,0.02372
387.5,0.02384
388.0,0.02395
388.5,0.02407
389.0,0.02418
389.5,0.0243
390.0,0.02442
390.5,0.02447
391.0,0.02453
391.5,0.02459
392.0,0.02465
392.5,0.0247
393.0,0.02476
393.5,0.02482
394.0,0.02488
394.5,0.02494
395.0,0.02499
395.5,0.02505
396.0,0.02511
396.5,0.02517
397.0,0.02522
397.5,0.02528
398.0,0.02534
398.5,0.0254
399.0,0.02546
399.5,0.02551
400.0,0.02557
401.0,0.0258
402.0,0.02603
403.0,0.02626
404.0,0.02649
405.0,0.02673
406.0,0.02696
407.0,0.02719
408.0,0.02742
409.0,0.02765
410.0,0.02788
411.0,0.028
412.0,0.02811
413.0,0.02823
414.0,0.02835
415.0,0.02846
416.0,0.02858
417.0,0.02869
418.0,0.02881
419.0,0.02892
420.0,0.02904
421.0,0.02915
422.0,0.02927
423.0,0.02938
424.0,0.0295
425.0,0.02961
426.0,0.02973
427.0,0.02984
428.0,0.02996
429.0,0.03007
430.0,0.03019
431.0,0.03031
432.0,0.03042
433.0,0.03054
434.0,0.03065
435.0,0.03077
436.0,0.03088
437.0,0.031
438.0,0.03111
439.0,0.03123
440.0,0.03134
441.0,0.03134
442.0,0.03134
443.0,0.03134
444.0,0.03134
445.0,0.03134
446.0,0.03134
447.0,0.03134
448.0,0.03134
449.0,0.03134
450.0,0.03134
451.0,0.03134
452.0,0.03133
453.0,0.03133
454.0,0.03133
455.0,0.03133
456.0,0.03133
457.0,0.03133
458.0,0.03133
459.0,0.03133
460.0,0.03133
461.0,0.03144
462.0,0.03156
463.0,0.03168
464.0,0.03179
465.0,0.03191
466.0,0.03202
467.0,0.03214
468.0,0.03225
469.0,0.03237
470.0,0.03248
471.0,0.03271
472.0,0.03295
473.0,0.03318
474.0,0.03341
475.0,0.03364
476.0,0.03387
477.0,0.0341
478.0,0.03433
479.0,0.03457
480.0,0.0348
481.0,0.03503
482.0,0.03526
483.0,0.03549
484.0,0.03572
485.0,0.03595
486.0,0.03619
487.0,0.03642
488.0,0.03665
489.0,0.03688
490.0,0.03711
491.0,0.03723
492.0,0.03734
493.0,0.03746
494.0,0.03757
495.0,0.03769
496.0,0.0378
497.0,0.03792
498.0,0.03803
499.0,0.03815
500.0,0.03826
501.0,0.03884
502.0,0.03942
503.0,0.04
504.0,0.04058
505.0,0.04116
506.0,0.04174
507.0,0.04232
508.0,0.0429
509.0,0.04348
510.0,0.04406
511.0,0.04487
512.0,0.04568
513.0,0.04649
514.0,0.0473
515.0,0.04811
516.0,0.04892
517.0,0.04973
518.0,0.05054
519.0,0.05135
520.0,0.05216
521.0,0.05309
522.0,0.05402
523.0,0.05494
524.0,0.05587
525.0,0.0568
526.0,0.05772
527.0,0.05865
528.0,0.05958
529.0,0.0605
530.0,0.06143
531.0,0.06201
532.0,0.06259
533.0,0.06317
534.0,0.06375
535.0,0.06432
536.0,0.0649
537.0,0.06548
538.0,0.06606
539.0,0.06664
540.0,0.06722
541.0,0.06768
542.0,0.06814
543.0,0.06861
544.0,0.06907
545.0,0.06953
546.0,0.07
547.0,0.07046
548.0,0.07092
549.0,0.07138
550.0,0.07185
551.0,0.07208
552.0,0.07231
553.0,0.07254
554.0,0.07277
555.0,0.073
556.0,0.07323
557.0,0.07346
558.0,0.0737
559.0,0.07393
560.0,0.07416
561.0,0.07427
562.0,0.07439
563.0,0.0745
564.0,0.07462
565.0,0.07473
566.0,0.07485
567.0,0.07496
568.0,0.07508
569.0,0.0752
570.0,0.07531
571.0,0.07519
572.0,0.07508
573.0,0.07496
574.0,0.07485
575.0,0.07473
576.0,0.07461
577.0,0.0745
578.0,0.07438
579.0,0.07426
580.0,0.07415
581.0,0.07403
582.0,0.07391
583.0,0.0738
584.0,0.07368
585.0,0.07357
586.0,0.07345
587.0,0.07333
588.0,0.07322
589.0,0.0731
590.0,0.07299
591.0,0.07252
592.0,0.07206
593.0,0.07159
594.0,0.07113
595.0,0.07067
596.0,0.0702
597.0,0.06974
598.0,0.06927
599.0,0.06881
600.0,0.06834
601.0,0.06811
602.0,0.06788
603.0,0.06765
604.0,0.06742
605.0,0.06718
606.0,0.06695
607.0,0.06672
608.0,0.06649
609.0,0.06626
610.0,0.06602
611.0,0.06545
612.0,0.06487
613.0,0.06429
614.0,0.06371
615.0,0.06313
616.0,0.06255
617.0,0.06197
618.0,0.06139
619.0,0.06081
620.0,0.06023
621.0,0.05988
622.0,0.05954
623.0,0.05919
624.0,0.05884
625.0,0.05849
626.0,0.05814
627.0,0.0578
628.0,0.05745
629.0,0.0571
630.0,0.05675
631.0,0.05641
632.0,0.05606
633.0,0.05571
634.0,0.05536
635.0,0.05502
636.0,0.05467
637.0,0.05432
638.0,0.05397
639.0,0.05362
640.0,0.05328
641.0,0.05304
642.0,0.05281
643.0,0.05258
644.0,0.05235
645.0,0.05212
646.0,0.05189
647.0,0.05165
648.0,0.05142
649.0,0.05119
650.0,0.05096
651.0,0.05073
652.0,0.0505
653.0,0.05026
654.0,0.05003
655.0,0.0498
656.0,0.04957
657.0,0.04934
658.0,0.0491
659.0,0.04887
660.0,0.04864
661.0,0.04852
662.0,0.04841
663.0,0.04829
664.0,0.04818
665.0,0.04806
666.0,0.04794
667.0,0.04783
668.0,0.04771
669.0,0.0476
670.0,0.04748
671.0,0.04748
672.0,0.04748
673.0,0.04748
674.0,0.04748
675.0,0.04748
676.0,0.04748
677.0,0.04748
678.0,0.04748
679.0,0.04748
680.0,0.04748
681.0,0.04748
682.0,0.04748
683.0,0.04748
684.0,0.04748
685.0,0.04748
686.0,0.04748
687.0,0.04749
688.0,0.04748
689.0,0.04748
690.0,0.04748
691.0,0.04771
692.0,0.04794
693.0,0.04817
694.0,0.04841
695.0,0.04864
696.0,0.04887
697.0,0.0491
698.0,0.04933
699.0,0.04956
700.0,0.04979
701.0,0.05037
702.0,0.05095
703.0,0.05153
704.0,0.05211
705.0,0.05269
706.0,0.05327
707.0,0.05385
708.0,0.05442
709.0,0.055
710.0,0.05558
711.0,0.05975
712.0,0.06392
713.0,0.06809
714.0,0.07226
715.0,0.07643
716.0,0.08059
717.0,0.08477
718.0,0.08893
719.0,0.0931
720.0,0.09727
721.0,0.1026
722.0,0.1079
723.0,0.1132
724.0,0.1186
725.0,0.1239
726.0,0.1292
727.0,0.1346
728.0,0.1399
729.0,0.1452
730.0,0.1505
731.0,0.1566
732.0,0.1626
733.0,0.1686
734.0,0.1746
735.0,0.1806
736.0,0.1867
737.0,0.1927
738.0,0.1987
739.0,0.2047
740.0,0.2107
741.0,0.2173
742.0,0.2239
743.0,0.2305
744.0,0.2371
745.0,0.2437
746.0,0.2503
747.0,0.2569
748.0,0.2635
749.0,0.2701
750.0,0.2767
751.0,0.28
752.0,0.2832
753.0,0.2865
754.0,0.2897
755.0,0.293
756.0,0.2962
757.0,0.2994
758.0,0.3027
759.0,0.3059
760.0,0.3094
761.0,0.3128
762.0,0.3157
763.0,0.3191
764.0,0.3222
765.0,0.3254
766.0,0.3286
767.0,0.3319
768.0,0.3351
769.0,0.3383
770.0,0.3416
771.0,0.3435
772.0,0.3455
773.0,0.3475
774.0,0.3495
775.0,0.3514
776.0,0.3534
777.0,0.3554
778.0,0.3573
779.0,0.3593
780.0,0.3613
781.0,0.3624
782.0,0.3636
783.0,0.3647
784.0,0.3659
785.0,0.367
786.0,0.3682
787.0,0.3694
788.0,0.3705
789.0,0.3717
790.0,0.3728
791.0,0.3734
792.0,0.374
793.0,0.3746
794.0,0.3751
795.0,0.3757
796.0,0.3763
797.0,0.3769
798.0,0.3775
799.0,0.378
800.0,0.3786
801.0,0.3786
802.0,0.3786
803.0,0.3786
804.0,0.3786
805.0,0.3786
806.0,0.3786
807.0,0.3786
808.0,0.3786
809.0,0.3786
810.0,0.3786
811.0,0.3783
812.0,0.3779
813.0,0.3776
814.0,0.3772
815.0,0.3769
816.0,0.3765
817.0,0.3762
818.0,0.3758
819.0,0.3755
820.0,0.3751
821.0,0.3746
822.0,0.374
823.0,0.3734
824.0,0.3728
825.0,0.3722
826.0,0.3717
827.0,0.3711
828.0,0.3705
829.0,0.3699
830.0,0.3693
831.0,0.3688
832.0,0.3682
833.0,0.3676
834.0,0.367
835.0,0.3664
836.0,0.3659
837.0,0.3653
838.0,0.3647
839.0,0.3641
840.0,0.3635
841.0,0.3635
842.0,0.3635
843.0,0.3635
844.0,0.3635
845.0,0.3635
846.0,0.3635
847.0,0.3635
848.0,0.3635
849.0,0.3635
850.0,0.3635
851.0,0.364
852.0,0.3645
853.0,0.3649
854.0,0.3654
855.0,0.3658
856.0,0.3663
857.0,0.3668
858.0,0.3672
859.0,0.3677
860.0,0.3682
861.0,0.3687
862.0,0.3693
863.0,0.3699
864.0,0.3705
865.0,0.3711
866.0,0.3716
867.0,0.3722
868.0,0.3728
869.0,0.3734
870.0,0.3739
871.0,0.3744
872.0,0.3749
873.0,0.3753
874.0,0.3758
875.0,0.3763
876.0,0.3767
877.0,0.3772
878.0,0.3776
879.0,0.3781
880.0,0.3786
881.0,0.3786
882.0,0.3786
883.0,0.3786
884.0,0.3786
885.0,0.3786
886.0,0.3786
887.0,0.3786
888.0,0.3786
889.0,0.3786
890.0,0.3786
891.0,0.3785
892.0,0.3783
893.0,0.3782
894.0,0.3781
895.0,0.378
896.0,0.3779
897.0,0.3778
898.0,0.3776
899.0,0.3775
900.0,0.3774
901.0,0.3767
902.0,0.376
903.0,0.3753
904.0,0.3746
905.0,0.3739
906.0,0.3732
907.0,0.3726
908.0,0.3719
909.0,0.3712
910.0,0.3705
911.0,0.3698
912.0,0.3691
913.0,0.3684
914.0,0.3677
915.0,0.367
916.0,0.3663
917.0,0.3656
918.0,0.3649
919.0,0.3642
920.0,0.3635
921.0,0.3625
922.0,0.3614
923.0,0.3604
924.0,0.3593
925.0,0.3583
926.0,0.3573
927.0,0.3562
928.0,0.3552
929.0,0.3541
930.0,0.3531
931.0,0.3517
932.0,0.3503
933.0,0.349
934.0,0.3476
935.0,0.3462
936.0,0.3448
937.0,0.3434
938.0,0.342
939.0,0.3406
940.0,0.3392
941.0,0.3374
942.0,0.3355
943.0,0.3337
944.0,0.3318
945.0,0.3299
946.0,0.3281
947.0,0.3262
948.0,0.3244
949.0,0.3225
950.0,0.3207
951.0,0.3192
952.0,0.3177
953.0,0.3162
954.0,0.3147
955.0,0.3132
956.0,0.3116
957.0,0.3102
958.0,0.3086
959.0,0.3071
960.0,0.3056
961.0,0.3049
962.0,0.3042
963.0,0.3035
964.0,0.3028
965.0,0.3021
966.0,0.3015
967.0,0.3008
968.0,0.3001
969.0,0.2994
970.0,0.2987
971.0,0.2995
972.0,0.3003
973.0,0.3011
974.0,0.3019
975.0,0.3027
976.0,0.3035
977.0,0.3043
978.0,0.3052
979.0,0.306
980.0,0.3068
981.0,0.3072
982.0,0.3077
983.0,0.3082
984.0,0.3086
985.0,0.3091
986.0,0.3095
987.0,0.31
988.0,0.3105
989.0,0.3109
990.0,0.3114
991.0,0.3114
992.0,0.3114
993.0,0.3114
994.0,0.3114
995.0,0.3114
996.0,0.3114
997.0,0.3114
998.0,0.3114
999.0,0.3114
1000.0,0.3114
1001.0,0.3112
1002.0,0.3109
1003.0,0.3107
1004.0,0.3105
1005.0,0.3102
1006.0,0.31
1007.0,0.3098
1008.0,0.3095
1009.0,0.3093
1010.0,0.3091
1011.0,0.3087
1012.0,0.3084
1013.0,0.308
1014.0,0.3077
1015.0,0.3073
1016.0,0.307
1017.0,0.3066
1018.0,0.3063
1019.0,0.306
1020.0,0.3056
1021.0,0.3051
1022.0,0.3047
1023.0,0.3042
1024.0,0.3038
1025.0,0.3033
1026.0,0.3028
1027.0,0.3024
1028.0,0.3019
1029.0,0.3014
1030.0,0.301
1031.0,0.3005
1032.0,0.3
1033.0,0.2996
1034.0,0.2991
1035.0,0.2987
1036.0,0.2982
1037.0,0.2977
1038.0,0.2973
1039.0,0.2968
1040.0,0.2963
1041.0,0.2958
1042.0,0.2952
1043.0,0.2946
1044.0,0.294
1045.0,0.2934
1046.0,0.2929
1047.0,0.2923
1048.0,0.2917
1049.0,0.2911
1050.0,0.2906
1051.0,0.2899
1052.0,0.2892
1053.0,0.2885
1054.0,0.2878
1055.0,0.2871
1056.0,0.2864
1057.0,0.2857
1058.0,0.285
1059.0,0.2843
1060.0,0.2836
1061.0,0.2827
1062.0,0.2818
1063.0,0.2808
1064.0,0.2799
1065.0,0.279
1066.0,0.278
1067.0,0.2771
1068.0,0.2762
1069.0,0.2753
1070.0,0.2743
1071.0,0.2735
1072.0,0.2727
1073.0,0.2719
1074.0,0.2711
1075.0,0.2703
1076.0,0.2695
1077.0,0.2687
1078.0,0.2679
1079.0,0.267
1080.0,0.2662
1081.0,0.2653
1082.0,0.2644
1083.0,0.2635
1084.0,0.2625
1085.0,0.2616
1086.0,0.2607
1087.0,0.2598
1088.0,0.2588
1089.0,0.2579
1090.0,0.257
1091.0,0.2557
1092.0,0.2544
1093.0,0.2532
1094.0,0.2519
1095.0,0.2506
1096.0,0.2493
1097.0,0.2481
1098.0,0.2468
1099.0,0.2455
1100.0,0.2442
1101.0,0.2427
1102.0,0.2412
1103.0,0.2397
1104.0,0.2382
1105.0,0.2367
1106.0,0.2352
1107.0,0.2337
1108.0,0.2322
1109.0,0.2307
1110.0,0.2292
1111.0,0.2275
1112.0,0.2257
1113.0,0.224
1114.0,0.2223
1115.0,0.2205
1116.0,0.2188
1117.0,0.2171
1118.0,0.2153
1119.0,0.2136
1120.0,0.2118
1121.0,0.2098
1122.0,0.2077
1123.0,0.2056
1124.0,0.2035
1125.0,0.2014
1126.0,0.1994
1127.0,0.1973
1128.0,0.1952
1129.0,0.1931
1130.0,0.191
1131.0,0.1887
1132.0,0.1864
1133.0,0.1841
1134.0,0.1818
1135.0,0.1794
1136.0,0.1771
1137.0,0.1748
1138.0,0.1725
1139.0,0.1702
1140.0,0.1678
1141.0,0.1667
1142.0,0.1655
1143.0,0.1644
1144.0,0.1632
1145.0,0.1621
1146.0,0.1609
1147.0,0.1598
1148.0,0.1586
1149.0,0.1574
1150.0,0.1563
1151.0,0.1558
1152.0,0.1553
1153.0,0.1549
1154.0,0.1544
1155.0,0.154
1156.0,0.1535
1157.0,0.153
1158.0,0.1526
1159.0,0.1521
1160.0,0.1516
1161.0,0.1513
1162.0,0.1509
1163.0,0.1506
1164.0,0.1502
1165.0,0.1499
1166.0,0.1496
1167.0,0.1492
1168.0,0.1489
1169.0,0.1485
1170.0,0.1482
1171.0,0.148
1172.0,0.1479
1173.0,0.1478
1174.0,0.1477
1175.0,0.1476
1176.0,0.1475
1177.0,0.1474
1178.0,0.1472
1179.0,0.1471
1180.0,0.147
1181.0,0.147
1182.0,0.147
1183.0,0.147
1184.0,0.147
1185.0,0.147
1186.0,0.147
1187.0,0.147
1188.0,0.147
1189.0,0.147
1190.0,0.147
1191.0,0.147
1192.0,0.147
1193.0,0.147
1194.0,0.147
1195.0,0.147
1196.0,0.147
1197.0,0.147
1198.0,0.147
1199.0,0.147
1200.0,0.147
1201.0,0.147
1202.0,0.147
1203.0,0.147
1204.0,0.147
1205.0,0.147
1206.0,0.147
1207.0,0.147
1208.0,0.147
1209.0,0.147
1210.0,0.147
1211.0,0.147
1212.0,0.147
1213.0,0.147
1214.0,0.147
1215.0,0.147
1216.0,0.147
1217.0,0.147
1218.0,0.147
1219.0,0.147
1220.0,0.147
1221.0,0.147
1222.0,0.147
1223.0,0.147
1224.0,0.147
1225.0,0.147
1226.0,0.147
1227.0,0.147
1228.0,0.147
1229.0,0.147
1230.0,0.147
1231.0,0.147
1232.0,0.147
1233.0,0.147
1234.0,0.147
1235.0,0.147
1236.0,0.147
1237.0,0.147
1238.0,0.147
1239.0,0.147
1240.0,0.147
1241.0,0.147
1242.0,0.147
1243.0,0.147
1244.0,0.147
1245.0,0.147
1246.0,0.147
1247.0,0.147
1248.0,0.147
1249.0,0.147
1250.0,0.147
1251.0,0.147
1252.0,0.147
1253.0,0.147
1254.0,0.147
1255.0,0.147
1256.0,0.147
1257.0,0.147
1258.0,0.147
1259.0,0.147
1260.0,0.147
1261.0,0.147
1262.0,0.147
1263.0,0.147
1264.0,0.147
1265.0,0.147
1266.0,0.147
1267.0,0.147
1268.0,0.147
1269.0,0.147
1270.0,0.147
1271.0,0.147
1272.0,0.147
1273.0,0.147
1274.0,0.147
1275.0,0.147
1276.0,0.147
1277.0,0.147
1278.0,0.147
1279.0,0.147
1280.0,0.147
1281.0,0.147
1282.0,0.147
1283.0,0.147
1284.0,0.147
1285.0,0.147
1286.0,0.147
1287.0,0.147
1288.0,0.147
1289.0,0.147
1290.0,0.147
1291.0,0.147
1292.0,0.147
1293.0,0.147
1294.0,0.147
1295.0,0.147
1296.0,0.147
1297.0,0.147
1298.0,0.147
1299.0,0.147
1300.0,0.147
1301.0,0.147
1302.0,0.147
1303.0,0.147
1304.0,0.147
1305.0,0.147
1306.0,0.147
1307.0,0.147
1308.0,0.147
1309.0,0.147
1310.0,0.147
1311.0,0.147
1312.0,0.147
1313.0,0.147
1314.0,0.147
1315.0,0.147
1316.0,0.147
1317.0,0.147
1318.0,0.147
1319.0,0.147
1320.0,0.147
1321.0,0.147
1322.0,0.147
1323.0,0.147
1324.0,0.147
1325.0,0.147
1326.0,0.147
1327.0,0.147
1328.0,0.147
1329.0,0.147
1330.0,0.147
1331.0,0.147
1332.0,0.147
1333.0,0.147
1334.0,0.147
1335.0,0.147
1336.0,0.147
1337.0,0.147
1338.0,0.147
1339.0,0.147
1340.0,0.147
1341.0,0.147
1342.0,0.147
1343.0,0.147
1344.0,0.147
1345.0,0.147
1346.0,0.147
1347.0,0.147
1348.0,0.147
1349.0,0.147
1350.0,0.147
1351.0,0.1471
1352.0,0.1473
1353.0,0.1475
1354.0,0.1473
1355.0,0.1479
1356.0,0.1475
1357.0,0.1475
1358.0,0.1479
1359.0,0.1482
1360.0,0.148
1361.0,0.1482
1362.0,0.1482
1363.0,0.1481
1364.0,0.1481
1365.0,0.1482
1366.0,0.1481
1367.0,0.148
1368.0,0.1482
1369.0,0.1481
1370.0,0.1482
1371.0,0.1482
1372.0,0.148
1373.0,0.1477
1374.0,0.1475
1375.0,0.1475
1376.0,0.1473
1377.0,0.1473
1378.0,0.1473
1379.0,0.1473
1380.0,0.1474
1381.0,0.1475
1382.0,0.148
1383.0,0.1481
1384.0,0.1481
1385.0,0.1478
1386.0,0.1481
1387.0,0.1477
1388.0,0.1475
1389.0,0.1474
1390.0,0.1474
1391.0,0.1474
1392.0,0.1474
1393.0,0.1473
1394.0,0.1478
1395.0,0.1479
1396.0,0.1482
1397.0,0.1474
1398.0,0.1473
1399.0,0.1473
1400.0,0.1482
1401.0,0.1482
1402.0,0.1471
1403.0,0.1471
1404.0,0.1471
1405.0,0.148
1406.0,0.1472
1407.0,0.1471
1408.0,0.1472
1409.0,0.1473
1410.0,0.1472
1411.0,0.1471
1412.0,0.1471
1413.0,0.147
1414.0,0.1471
1415.0,0.1472
1416.0,0.147
1417.0,0.147
1418.0,0.147
1419.0,0.147
1420.0,0.147
1421.0,0.147
1422.0,0.147
1423.0,0.147
1424.0,0.147
1425.0,0.147
1426.0,0.147
1427.0,0.147
1428.0,0.147
1429.0,0.147
1430.0,0.147
1431.0,0.147
1432.0,0.147
1433.0,0.147
1434.0,0.147
1435.0,0.147
1436.0,0.147
1437.0,0.147
1438.0,0.147
1439.0,0.147
1440.0,0.147
1441.0,0.147
1442.0,0.147
1443.0,0.147
1444.0,0.147
1445.0,0.147
1446.0,0.147
1447.0,0.147
1448.0,0.147
1449.0,0.147
1450.0,0.147
1451.0,0.147
1452.0,0.147
1453.0,0.147
1454.0,0.147
1455.0,0.147
1456.0,0.147
1457.0,0.147
1458.0,0.147
1459.0,0.147
1460.0,0.147
1461.0,0.147
1462.0,0.147
1463.0,0.147
1464.0,0.147
1465.0,0.147
1466.0,0.147
1467.0,0.147
1468.0,0.147
1469.0,0.147
1470.0,0.147
1471.0,0.147
1472.0,0.147
1473.0,0.147
1474.0,0.147
1475.0,0.147
1476.0,0.147
1477.0,0.147
1478.0,0.147
1479.0,0.147
1480.0,0.147
1481.0,0.147
1482.0,0.147
1483.0,0.147
1484.0,0.147
1485.0,0.147
1486.0,0.147
1487.0,0.147
1488.0,0.147
1489.0,0.147
1490.0,0.147
1491.0,0.147
1492.0,0.147
1493.0,0.147
1494.0,0.147
1495.0,0.147
1496.0,0.147
1497.0,0.147
1498.0,0.147
1499.0,0.147
1500.0,0.147
1501.0,0.147
1502.0,0.147
1503.0,0.147
1504.0,0.147
1505.0,0.147
1506.0,0.147
1507.0,0.147
1508.0,0.147
1509.0,0.147
1510.0,0.147
1511.0,0.147
1512.0,0.147
1513.0,0.147
1514.0,0.147
1515.0,0.147
1516.0,0.147
1517.0,0.147
1518.0,0.147
1519.0,0.147
1520.0,0.147
1521.0,0.147
1522.0,0.147
1523.0,0.147
1524.0,0.147
1525.0,0.147
1526.0,0.147
1527.0,0.147
1528.0,0.147
1529.0,0.147
1530.0,0.147
1531.0,0.147
1532.0,0.147
1533.0,0.147
1534.0,0.147
1535.0,0.147
1536.0,0.147
1537.0,0.147
1538.0,0.147
1539.0,0.147
1540.0,0.147
1541.0,0.147
1542.0,0.147
1543.0,0.147
1544.0,0.147
1545.0,0.147
1546.0,0.147
1547.0,0.147
1548.0,0.147
1549.0,0.147
1550.0,0.147
1551.0,0.147
1552.0,0.147
1553.0,0.147
1554.0,0.147
1555.0,0.147
1556.0,0.147
1557.0,0.147
1558.0,0.147
1559.0,0.147
1560.0,0.147
1561.0,0.147
1562.0,0.147
1563.0,0.147
1564.0,0.147
1565.0,0.147
1566.0,0.147
1567.0,0.147
1568.0,0.147
1569.0,0.147
1570.0,0.147
1571.0,0.147
1572.0,0.147
1573.0,0.147
1574.0,0.147
1575.0,0.147
1576.0,0.147
1577.0,0.147
1578.0,0.147
1579.0,0.147
1580.0,0.147
1581.0,0.147
1582.0,0.147
1583.0,0.147
1584.0,0.147
1585.0,0.147
1586.0,0.147
1587.0,0.147
1588.0,0.147
1589.0,0.147
1590.0,0.147
1591.0,0.147
1592.0,0.147
1593.0,0.147
1594.0,0.147
1595.0,0.147
1596.0,0.147
1597.0,0.147
1598.0,0.147
1599.0,0.147
1600.0,0.147
1601.0,0.147
1602.0,0.147
1603.0,0.147
1604.0,0.147
1605.0,0.147
1606.0,0.147
1607.0,0.147
1608.0,0.147
1609.0,0.147
1610.0,0.147
1611.0,0.147
1612.0,0.147
1613.0,0.147
1614.0,0.147
1615.0,0.147
1616.0,0.147
1617.0,0.147
1618.0,0.147
1619.0,0.147
1620.0,0.147
1621.0,0.147
1622.0,0.147
1623.0,0.147
1624.0,0.147
1625.0,0.147
1626.0,0.147
1627.0,0.147
1628.0,0.147
1629.0,0.147
1630.0,0.147
1631.0,0.147
1632.0,0.147
1633.0,0.147
1634.0,0.147
1635.0,0.147
1636.0,0.147
1637.0,0.147
1638.0,0.147
1639.0,0.147
1640.0,0.147
1641.0,0.147
1642.0,0.147
1643.0,0.147
1644.0,0.147
1645.0,0.147
1646.0,0.147
1647.0,0.147
1648.0,0.147
1649.0,0.147
1650.0,0.147
1651.0,0.147
1652.0,0.147
1653.0,0.147
1654.0,0.147
1655.0,0.147
1656.0,0.147
1657.0,0.147
1658.0,0.147
1659.0,0.147
1660.0,0.147
1661.0,0.147
1662.0,0.147
1663.0,0.147
1664.0,0.147
1665.0,0.147
1666.0,0.147
1667.0,0.147
1668.0,0.147
1669.0,0.147
1670.0,0.147
1671.0,0.147
1672.0,0.147
1673.0,0.147
1674.0,0.147
1675.0,0.147
1676.0,0.147
1677.0,0.147
1678.0,0.147
1679.0,0.147
1680.0,0.147
1681.0,0.147
1682.0,0.147
1683.0,0.147
1684.0,0.147
1685.0,0.147
1686.0,0.147
1687.0,0.147
1688.0,0.147
1689.0,0.147
1690.0,0.147
1691.0,0.147
1692.0,0.147
1693.0,0.147
1694.0,0.147
1695.0,0.147
1696.0,0.147
1697.0,0.147
1698.0,0.147
1699.0,0.147
1700.0,0.147
1702.0,0.147
1705.0,0.147
1710.0,0.147
1715.0,0.147
1720.0,0.147
1725.0,0.147
1730.0,0.147
1735.0,0.147
1740.0,0.147
1745.0,0.147
1750.0,0.147
1755.0,0.147
1760.0,0.147
1765.0,0.147
1770.0,0.147
1775.0,0.147
1780.0,0.147
1785.0,0.147
1790.0,0.147
1795.0,0.147
1800.0,0.147
1805.0,0.147
1810.0,0.147
1815.0,0.147
1820.0,0.147
1825.0,0.147
1830.0,0.1474
1835.0,0.1471
1840.0,0.1478
1845.0,0.1479
1850.0,0.148
1855.0,0.1478
1860.0,0.1472
1865.0,0.1473
1870.0,0.1482
1875.0,0.1482
1880.0,0.1471
1885.0,0.1472
1890.0,0.1471
1895.0,0.1471
1900.0,0.1476
1905.0,0.1475
1910.0,0.1473
1915.0,0.1471
1920.0,0.1471
1925.0,0.147
1930.0,0.147
1935.0,0.147
1940.0,0.147
1945.0,0.147
1950.0,0.147
1955.0,0.147
1960.0,0.147
1965.0,0.147
1970.0,0.147
1975.0,0.147
1980.0,0.147
1985.0,0.147
1990.0,0.147
1995.0,0.147
2000.0,0.147
2005.0,0.147
2010.0,0.147
2015.0,0.147
2020.0,0.147
2025.0,0.147
2030.0,0.147
2035.0,0.147
2040.0,0.147
2045.0,0.147
2050.0,0.147
2055.0,0.147
2060.0,0.147
2065.0,0.147
2070.0,0.147
2075.0,0.147
2080.0,0.147
2085.0,0.147
2090.0,0.147
2095.0,0.147
2100.0,0.147
2105.0,0.147
2110.0,0.147
2115.0,0.147
2120.0,0.147
2125.0,0.147
2130.0,0.147
2135.0,0.147
2140.0,0.147
2145.0,0.147
2150.0,0.147
2155.0,0.147
2160.0,0.147
2165.0,0.147
2170.0,0.147
2175.0,0.147
2180.0,0.147
2185.0,0.147
2190.0,0.147
2195.0,0.147
2200.0,0.147
2205.0,0.147
2210.0,0.147
2215.0,0.147
2220.0,0.147
2225.0,0.147
2230.0,0.147
2235.0,0.147
2240.0,0.147
2245.0,0.147
2250.0,0.147
2255.0,0.147
2260.0,0.147
2265.0,0.147
2270.0,0.147
2275.0,0.147
2280.0,0.147
2285.0,0.147
2290.0,0.147
2295.0,0.147
2300.0,0.147
2305.0,0.147
2310.0,0.147
2315.0,0.147
2320.0,0.147
2325.0,0.147
2330.0,0.147
2335.0,0.147
2340.0,0.147
2345.0,0.147
2350.0,0.147
2355.0,0.147
2360.0,0.147
2365.0,0.147
2370.0,0.147
2375.0,0.147
2380.0,0.147
2385.0,0.147
2390.0,0.147
2395.0,0.147
2400.0,0.147
2405.0,0.147
2410.0,0.147
2415.0,0.147
2420.0,0.147
2425.0,0.147
2430.0,0.147
2435.0,0.147
2440.0,0.147
2445.0,0.147
2450.0,0.147
2455.0,0.147
2460.0,0.147
2465.0,0.147
2470.0,0.147
2475.0,0.147
2480.0,0.147
2485.0,0.147
2490.0,0.147
2495.0,0.147
2500.0,0.147
2505.0,0.147
2510.0,0.147
2515.0,0.147
2520.0,0.147
2525.0,0.147
2530.0,0.1477
2535.0,0.148
2540.0,0.1479
2545.0,0.1482
2550.0,0.1482
2555.0,0.1482
2560.0,0.1482
2565.0,0.1482
2570.0,0.1482
2575.0,0.1985
2580.0,0.1482
2585.0,0.1985
2590.0,0.1985
2595.0,0.1985
2600.0,0.1985
2605.0,0.1985
2610.0,0.1985
2615.0,0.1985
2620.0,0.1985
2625.0,0.1985
2630.0,0.1985
2635.0,0.1482
2640.0,0.1482
2645.0,0.1482
2650.0,0.1482
2655.0,0.1985
2660.0,0.1985
2665.0,0.1985
2670.0,0.1985
2675.0,0.1985
2680.0,0.1985
2685.0,0.1985
2690.0,0.1985
2695.0,0.1985
2700.0,0.1482
2705.0,0.1482
2710.0,0.1985
2715.0,0.1482
2720.0,0.1985
2725.0,0.1482
2730.0,0.1482
2735.0,0.1482
2740.0,0.1985
2745.0,0.1482
2750.0,0.1482
2755.0,0.1482
2760.0,0.1482
2765.0,0.1482
2770.0,0.1482
2775.0,0.1482
2780.0,0.1482
2785.0,0.1482
2790.0,0.1482
2795.0,0.1482
2800.0,0.1479
2805.0,0.1481
2810.0,0.1479
2815.0,0.148
2820.0,0.1481
2825.0,0.1474
2830.0,0.1471
2835.0,0.1481
2840.0,0.1472
2845.0,0.147
2850.0,0.1472
2855.0,0.147
2860.0,0.147
2865.0,0.147
2870.0,0.1471
2875.0,0.147
2880.0,0.147
2885.0,0.147
2890.0,0.147
2895.0,0.147
2900.0,0.147
2905.0,0.147
2910.0,0.147
2915.0,0.147
2920.0,0.147
2925.0,0.147
2930.0,0.147
2935.0,0.147
2940.0,0.147
2945.0,0.147
2950.0,0.147
2955.0,0.147
2960.0,0.147
2965.0,0.147
2970.0,0.147
2975.0,0.147
2980.0,0.147
2985.0,0.147
2990.0,0.147
2995.0,0.147
3000.0,0.147
3005.0,0.147
3010.0,0.147
3015.0,0.147
3020.0,0.147
3025.0,0.147
3030.0,0.147
3035.0,0.147
3040.0,0.147
3045.0,0.147
3050.0,0.147
3055.0,0.147
3060.0,0.147
3065.0,0.147
3070.0,0.147
3075.0,0.147
3080.0,0.147
3085.0,0.147
3090.0,0.147
3095.0,0.147
3100.0,0.147
3105.0,0.147
3110.0,0.147
3115.0,0.147
3120.0,0.147
3125.0,0.147
3130.0,0.147
3135.0,0.147
3140.0,0.147
3145.0,0.147
3150.0,0.147
3155.0,0.147
3160.0,0.147
3165.0,0.147
3170.0,0.147
3175.0,0.147
3180.0,0.147
3185.0,0.147
3190.0,0.147
3195.0,0.147
3200.0,0.147
3205.0,0.147
3210.0,0.147
3215.0,0.147
3220.0,0.147
3225.0,0.147
3230.0,0.147
3235.0,0.147
3240.0,0.147
3245.0,0.147
3250.0,0.147
3255.0,0.147
3260.0,0.147
3265.0,0.147
3270.0,0.147
3275.0,0.147
3280.0,0.147
3285.0,0.147
3290.0,0.147
3295.0,0.147
3300.0,0.147
3305.0,0.147
3310.0,0.147
3315.0,0.1471
3320.0,0.147
3325.0,0.147
3330.0,0.147
3335.0,0.147
3340.0,0.147
3345.0,0.147
3350.0,0.147
3355.0,0.147
3360.0,0.147
3365.0,0.147
3370.0,0.147
3375.0,0.147
3380.0,0.147
3385.0,0.147
3390.0,0.147
3395.0,0.147
3400.0,0.147
3405.0,0.147
3410.0,0.147
3415.0,0.147
3420.0,0.147
3425.0,0.147
3430.0,0.147
3435.0,0.147
3440.0,0.147
3445.0,0.147
3450.0,0.147
3455.0,0.147
3460.0,0.147
3465.0,0.147
3470.0,0.147
3475.0,0.147
3480.0,0.147
3485.0,0.147
3490.0,0.147
3495.0,0.147
3500.0,0.147
3505.0,0.147
3510.0,0.147
3515.0,0.147
3520.0,0.147
3525.0,0.147
3530.0,0.147
3535.0,0.147
3540.0,0.147
3545.0,0.147
3550.0,0.147
3555.0,0.147
3560.0,0.147
3565.0,0.147
3570.0,0.147
3575.0,0.147
3580.0,0.147
3585.0,0.147
3590.0,0.147
3595.0,0.147
3600.0,0.147
3605.0,0.147
3610.0,0.147
3615.0,0.147
3620.0,0.147
3625.0,0.147
3630.0,0.147
3635.0,0.147
3640.0,0.147
3645.0,0.147
3650.0,0.147
3655.0,0.147
3660.0,0.147
3665.0,0.147
3670.0,0.147
3675.0,0.147
3680.0,0.147
3685.0,0.147
3690.0,0.147
3695.0,0.147
3700.0,0.147
3705.0,0.147
3710.0,0.147
3715.0,0.147
3720.0,0.147
3725.0,0.147
3730.0,0.147
3735.0,0.147
3740.0,0.147
3745.0,0.147
3750.0,0.147
3755.0,0.147
3760.0,0.147
3765.0,0.147
3770.0,0.147
3775.0,0.147
3780.0,0.147
3785.0,0.147
3790.0,0.147
3795.0,0.147
3800.0,0.147
3805.0,0.147
3810.0,0.147
3815.0,0.147
3820.0,0.147
3825.0,0.147
3830.0,0.147
3835.0,0.147
3840.0,0.147
3845.0,0.147
3850.0,0.147
3855.0,0.147
3860.0,0.147
3865.0,0.147
3870.0,0.147
3875.0,0.147
3880.0,0.147
3885.0,0.147
3890.0,0.147
3895.0,0.147
3900.0,0.147
3905.0,0.147
3910.0,0.147
3915.0,0.147
3920.0,0.147
3925.0,0.147
3930.0,0.147
3935.0,0.147
3940.0,0.147
3945.0,0.147
3950.0,0.147
3955.0,0.147
3960.0,0.147
3965.0,0.147
3970.0,0.147
3975.0,0.147
3980.0,0.147
3985.0,0.147
3990.0,0.147
3995.0,0.147
4000.0,0.147
