interpolation:linear
wavelength,value
280.0,0.03088
280.5,0.03083
281.0,0.03078
281.5,0.03073
282.0,0.03069
282.5,0.03064
283.0,0.03059
283.5,0.03055
284.0,0.0305
284.5,0.03046
285.0,0.03119
285.5,0.03136
286.0,0.03139
286.5,0.03156
287.0,0.0317
287.5,0.03197
288.0,0.03151
288.5,0.03154
289.0,0.03158
289.5,0.03165
290.0,0.0317
290.5,0.03171
291.0,0.03177
291.5,0.03191
292.0,0.03178
292.5,0.03168
293.0,0.03159
293.5,0.03153
294.0,0.0314
294.5,0.03213
295.0,0.03223
295.5,0.03175
296.0,0.03183
296.5,0.03191
297.0,0.03197
297.5,0.03208
298.0,0.03216
298.5,0.03222
299.0,0.03229
299.5,0.0324
300.0,0.03246
300.5,0.03236
301.0,0.0323
301.5,0.03222
302.0,0.03209
302.5,0.0319
303.0,0.03171
303.5,0.03153
304.0,0.03136
304.5,0.0312
305.0,0.03105
305.5,0.0309
306.0,0.03073
306.5,0.03056
307.0,0.03041
307.5,0.03027
308.0,0.0301
308.5,0.02993
309.0,0.02996
309.5,0.02975
310.0,0.02956
310.5,0.02938
311.0,0.0292
311.5,0.02903
312.0,0.02884
312.5,0.02866
313.0,0.02849
313.5,0.02832
314.0,0.02814
314.5,0.02797
315.0,0.0278
315.5,0.02763
316.0,0.02745
316.5,0.02729
317.0,0.02711
317.5,0.02694
318.0,0.02677
318.5,0.02661
319.0,0.02644
319.5,0.02627
320.0,0.0261
320.5,0.02599
321.0,0.02589
321.5,0.02577
322.0,0.02564
322.5,0.02552
323.0,0.02541
323.5,0.02539
324.0,0.02528
324.5,0.02515
325.0,0.02495
325.5,0.02485
326.0,0.02482
326.5,0.02471
327.0,0.02459
327.5,0.02447
328.0,0.02434
328.5,0.02424
329.0,0.02414
329.5,0.02403
330.0,0.02391
330.5,0.02379
331.0,0.02367
331.5,0.02356
332.0,0.02346
332.5,0.02335
333.0,0.02323
333.5,0.02311
334.0,0.02299
334.5,0.02289
335.0,0.02278
335.5,0.02276
336.0,0.02264
336.5,0.02244
337.0,0.02232
337.5,0.02221
338.0,0.0221
338.5,0.02206
339.0,0.02193
339.5,0.02183
340.0,0.02165
340.5,0.02159
341.0,0.02159
341.5,0.0215
342.0,0.02144
342.5,0.02137
343.0,0.02132
343.5,0.02127
344.0,0.02117
344.5,0.02117
345.0,0.02109
345.5,0.02102
346.0,0.02095
346.5,0.02089
347.0,0.02084
347.5,0.02078
348.0,0.02071
348.5,0.02064
349.0,0.02058
349.5,0.02053
350.0,0.02047
350.5,0.02041
351.0,0.02035
351.5,0.02031
352.0,0.02024
352.5,0.02017
353.0,0.02011
353.5,0.02005
354.0,0.01999
354.5,0.01993
355.0,0.01988
355.5,0.01982
356.0,0.01976
356.5,0.0197
357.0,0.01964
357.5,0.01958
358.0,0.01952
358.5,0.01947
359.0,0.01941
359.5,0.01935
360.0,0.01929
360.5,0.01929
361.0,0.01928
361.5,0.01927
362.0,0.01927
362.5,0.01926
363.0,0.01925
363.5,0.01925
364.0,0.01924
364.5,0.01923
365.0,0.01923
365.5,0.01922
366.0,0.01922
366.5,0.01921
367.0,0.0192
367.5,0.0192
368.0,0.01919
368.5,0.01919
369.0,0.01918
369.5,0.01917
370.0,0.01917
370.5,0.01916
371.0,0.01915
371.5,0.01915
372.0,0.01914
372.5,0.01914
373.0,0.01913
373.5,0.01913
374.0,0.01912
374.5,0.01911
375.0,0.01911
375.5,0.0191
376.0,0.0191
376.5,0.01909
377.0,0.01909
377.5,0.01908
378.0,0.01907
378.5,0.01907
379.0,0.01906
379.5,0.01906
380.0,0.01905
380.5,0.01915
381.0,0.01924
381.5,0.01934
382.0,0.01943
382.5,0.01953
383.0,0.01962
383.5,0.01972
384.0,0.01981
384.5,0.01991
385.0,0.02
385.5,0.0201
386.0,0.02019
386.5,0.02029
387.0,0.02038
387.5,0.02048
388.0,0.02057
388.5,0.02066
389.0,0.02076
389.5,0.02085
390.0,0.02095
390.5,0.02099
391.0,0.02104
391.5,0.02108
392.0,0.02113
392.5,0.02117
393.0,0.02122
393.5,0.02126
394.0,0.02131
394.5,0.02135
395.0,0.0214
395.5,0.02144
396.0,0.02148
396.5,0.02153
397.0,0.02157
397.5,0.02162
398.0,0.02166
398.5,0.02171
399.0,0.02175
399.5,0.0218
400.0,0.02184
401.0,0.022
402.0,0.02219
403.0,0.02238
404.0,0.02257
405.0,0.02275
406.0,0.02294
407.0,0.02313
408.0,0.02332
409.0,0.02351
410.0,0.0237
411.0,0.02379
412.0,0.02388
413.0,0.02396
414.0,0.02405
415.0,0.02414
416.0,0.02423
417.0,0.02432
418.0,0.02441
419.0,0.0245
420.0,0.02459
421.0,0.02468
422.0,0.02477
423.0,0.02486
424.0,0.02495
425.0,0.02504
426.0,0.02513
427.0,0.02522
428.0,0.02531
429.0,0.0254
430.0,0.02549
431.0,0.02558
432.0,0.02567
433.0,0.02576
434.0,0.02585
435.0,0.02594
436.0,0.02603
437.0,0.02612
438.0,0.02621
439.0,0.0263
440.0,0.02639
441.0,0.02638
442.0,0.02638
443.0,0.02637
444.0,0.02636
445.0,0.02635
446.0,0.02635
447.0,0.02634
448.0,0.02633
449.0,0.02633
450.0,0.02632
451.0,0.02631
452.0,0.02631
453.0,0.0263
454.0,0.02629
455.0,0.02629
456.0,0.02628
457.0,0.02627
458.0,0.02627
459.0,0.02626
460.0,0.02625
461.0,0.02634
462.0,0.02644
463.0,0.02653
464.0,0.02662
465.0,0.02671
466.0,0.0268
467.0,0.02689
468.0,0.02698
469.0,0.02708
470.0,0.02717
471.0,0.02735
472.0,0.02754
473.0,0.02773
474.0,0.02792
475.0,0.02811
476.0,0.02829
477.0,0.02848
478.0,0.02867
479.0,0.02886
480.0,0.02905
481.0,0.02924
482.0,0.02943
483.0,0.02961
484.0,0.0298
485.0,0.02999
486.0,0.03018
487.0,0.03037
488.0,0.03056
489.0,0.03074
490.0,0.03093
491.0,0.03102
492.0,0.03111
493.0,0.03121
494.0,0.0313
495.0,0.03139
496.0,0.03148
497.0,0.03157
498.0,0.03166
499.0,0.03175
500.0,0.03185
501.0,0.03232
502.0,0.0328
503.0,0.03328
504.0,0.03375
505.0,0.03423
506.0,0.03471
507.0,0.03519
508.0,0.03566
509.0,0.03614
510.0,0.03662
511.0,0.03729
512.0,0.03796
513.0,0.03863
514.0,0.0393
515.0,0.03997
516.0,0.04064
517.0,0.04131
518.0,0.04198
519.0,0.04264
520.0,0.04331
521.0,0.04408
522.0,0.04484
523.0,0.04561
524.0,0.04637
525.0,0.04714
526.0,0.0479
527.0,0.04866
528.0,0.04943
529.0,0.05019
530.0,0.05096
531.0,0.05143
532.0,0.0519
533.0,0.05238
534.0,0.05286
535.0,0.05333
536.0,0.05381
537.0,0.05428
538.0,0.05476
539.0,0.05523
540.0,0.0557
541.0,0.05608
542.0,0.05646
543.0,0.05684
544.0,0.05722
545.0,0.0576
546.0,0.05797
547.0,0.05835
548.0,0.05873
549.0,0.05911
550.0,0.05949
551.0,0.05967
552.0,0.05986
553.0,0.06005
554.0,0.06023
555.0,0.06042
556.0,0.0606
557.0,0.06079
558.0,0.06098
559.0,0.06116
560.0,0.06135
561.0,0.06144
562.0,0.06153
563.0,0.06162
564.0,0.06171
565.0,0.0618
566.0,0.06189
567.0,0.06198
568.0,0.06207
569.0,0.06216
570.0,0.06225
571.0,0.06215
572.0,0.06204
573.0,0.06194
574.0,0.06184
575.0,0.06174
576.0,0.06164
577.0,0.06154
578.0,0.06144
579.0,0.06134
580.0,0.06124
581.0,0.06114
582.0,0.06104
583.0,0.06094
584.0,0.06084
585.0,0.06074
586.0,0.06064
587.0,0.06054
588.0,0.06044
589.0,0.06033
590.0,0.06023
591.0,0.05985
592.0,0.05946
593.0,0.05908
594.0,0.05869
595.0,0.0583
596.0,0.05792
597.0,0.05753
598.0,0.05715
599.0,0.05676
600.0,0.05638
601.0,0.05618
602.0,0.05599
603.0,0.05579
604.0,0.0556
605.0,0.0554
606.0,0.05521
607.0,0.05502
608.0,0.05482
609.0,0.05463
610.0,0.05443
611.0,0.05395
612.0,0.05347
613.0,0.05299
614.0,0.05251
615.0,0.05203
616.0,0.05155
617.0,0.05107
618.0,0.05059
619.0,0.05011
620.0,0.04963
621.0,0.04934
622.0,0.04905
623.0,0.04876
624.0,0.04847
625.0,0.04818
626.0,0.04789
627.0,0.04761
628.0,0.04731
629.0,0.04702
630.0,0.04674
631.0,0.04645
632.0,0.04616
633.0,0.04587
634.0,0.04559
635.0,0.0453
636.0,0.04501
637.0,0.04472
638.0,0.04443
639.0,0.04415
640.0,0.04386
641.0,0.04367
642.0,0.04347
643.0,0.04328
644.0,0.04309
645.0,0.0429
646.0,0.0427
647.0,0.04251
648.0,0.04232
649.0,0.04212
650.0,0.04193
651.0,0.04174
652.0,0.04155
653.0,0.04136
654.0,0.04116
655.0,0.04097
656.0,0.04078
657.0,0.04059
658.0,0.04039
659.0,0.0402
660.0,0.04001
661.0,0.03991
662.0,0.03982
663.0,0.03972
664.0,0.03962
665.0,0.03953
666.0,0.03943
667.0,0.03933
668.0,0.03924
669.0,0.03914
670.0,0.03904
671.0,0.03904
672.0,0.03904
673.0,0.03904
674.0,0.03904
675.0,0.03904
676.0,0.03904
677.0,0.03904
678.0,0.03903
679.0,0.03903
680.0,0.03903
681.0,0.03903
682.0,0.03903
683.0,0.03903
684.0,0.03903
685.0,0.03903
686.0,0.03902
687.0,0.039
688.0,0.039
689.0,0.039
690.0,0.03901
691.0,0.0392
692.0,0.03939
693.0,0.03958
694.0,0.03977
695.0,0.03996
696.0,0.04015
697.0,0.04034
698.0,0.04053
699.0,0.04072
700.0,0.04091
701.0,0.04138
702.0,0.04186
703.0,0.04233
704.0,0.04281
705.0,0.04328
706.0,0.04376
707.0,0.04423
708.0,0.04471
709.0,0.04518
710.0,0.04566
711.0,0.04908
712.0,0.0525
713.0,0.05593
714.0,0.05935
715.0,0.06278
716.0,0.0662
717.0,0.06961
718.0,0.07303
719.0,0.07645
720.0,0.07987
721.0,0.08425
722.0,0.08864
723.0,0.09301
724.0,0.09737
725.0,0.1017
726.0,0.1061
727.0,0.1105
728.0,0.1149
729.0,0.1193
730.0,0.1236
731.0,0.1286
732.0,0.1335
733.0,0.1385
734.0,0.1434
735.0,0.1484
736.0,0.1533
737.0,0.1583
738.0,0.1632
739.0,0.1682
740.0,0.1731
741.0,0.1785
742.0,0.184
743.0,0.1894
744.0,0.1948
745.0,0.2002
746.0,0.2057
747.0,0.2111
748.0,0.2165
749.0,0.2219
750.0,0.2274
751.0,0.23
752.0,0.2327
753.0,0.2353
754.0,0.238
755.0,0.2407
756.0,0.2433
757.0,0.246
758.0,0.2487
759.0,0.2513
760.0,0.2534
761.0,0.2559
762.0,0.259
763.0,0.2615
764.0,0.2642
765.0,0.267
766.0,0.2698
767.0,0.2725
768.0,0.2752
769.0,0.2779
770.0,0.2806
771.0,0.2822
772.0,0.2838
773.0,0.2854
774.0,0.287
775.0,0.2886
776.0,0.2903
777.0,0.2919
778.0,0.2935
779.0,0.2951
780.0,0.2967
781.0,0.2976
782.0,0.2986
783.0,0.2995
784.0,0.3005
785.0,0.3014
786.0,0.3024
787.0,0.3033
788.0,0.3043
789.0,0.3052
790.0,0.3061
791.0,0.3066
792.0,0.3071
793.0,0.3076
794.0,0.308
795.0,0.3085
796.0,0.309
797.0,0.3094
798.0,0.3099
799.0,0.3104
800.0,0.3108
801.0,0.3108
802.0,0.3108
803.0,0.3108
804.0,0.3108
805.0,0.3108
806.0,0.3108
807.0,0.3108
808.0,0.3108
809.0,0.3108
810.0,0.3108
811.0,0.3105
812.0,0.3102
813.0,0.3099
814.0,0.3095
815.0,0.3092
816.0,0.3089
817.0,0.3087
818.0,0.3084
819.0,0.3081
820.0,0.3078
821.0,0.3074
822.0,0.3069
823.0,0.3063
824.0,0.3059
825.0,0.3054
826.0,0.3049
827.0,0.3045
828.0,0.3039
829.0,0.3035
830.0,0.303
831.0,0.3025
832.0,0.302
833.0,0.3016
834.0,0.3011
835.0,0.3006
836.0,0.3002
837.0,0.2997
838.0,0.2992
839.0,0.2987
840.0,0.2983
841.0,0.2982
842.0,0.2982
843.0,0.2982
844.0,0.2982
845.0,0.2982
846.0,0.2982
847.0,0.2982
848.0,0.2982
849.0,0.2982
850.0,0.2982
851.0,0.2986
852.0,0.299
853.0,0.2993
854.0,0.2997
855.0,0.3001
856.0,0.3005
857.0,0.3008
858.0,0.3012
859.0,0.3016
860.0,0.302
861.0,0.3024
862.0,0.3029
863.0,0.3034
864.0,0.3039
865.0,0.3043
866.0,0.3048
867.0,0.3053
868.0,0.3057
869.0,0.3062
870.0,0.3067
871.0,0.3071
872.0,0.3074
873.0,0.3078
874.0,0.3082
875.0,0.3086
876.0,0.3089
877.0,0.3093
878.0,0.3097
879.0,0.3101
880.0,0.3104
881.0,0.3104
882.0,0.3104
883.0,0.3104
884.0,0.3104
885.0,0.3104
886.0,0.3104
887.0,0.3104
888.0,0.3104
889.0,0.3104
890.0,0.3104
891.0,0.3103
892.0,0.3102
893.0,0.3101
894.0,0.31
895.0,0.3099
896.0,0.3098
897.0,0.3096
898.0,0.3095
899.0,0.3094
900.0,0.3094
901.0,0.3087
902.0,0.3082
903.0,0.3076
904.0,0.3071
905.0,0.3065
906.0,0.3059
907.0,0.3053
908.0,0.3047
909.0,0.3042
910.0,0.3036
911.0,0.303
912.0,0.3025
913.0,0.3019
914.0,0.3013
915.0,0.3007
916.0,0.3001
917.0,0.2996
918.0,0.299
919.0,0.2985
920.0,0.2979
921.0,0.2971
922.0,0.2962
923.0,0.2953
924.0,0.2945
925.0,0.2936
926.0,0.2928
927.0,0.2919
928.0,0.291
929.0,0.2901
930.0,0.2892
931.0,0.2881
932.0,0.2869
933.0,0.2857
934.0,0.2845
935.0,0.2835
936.0,0.2823
937.0,0.2811
938.0,0.28
939.0,0.279
940.0,0.2778
941.0,0.2763
942.0,0.2748
943.0,0.2732
944.0,0.2717
945.0,0.2702
946.0,0.2686
947.0,0.2672
948.0,0.2656
949.0,0.2642
950.0,0.2625
951.0,0.2614
952.0,0.2601
953.0,0.2589
954.0,0.2577
955.0,0.2564
956.0,0.2552
957.0,0.2539
958.0,0.2528
959.0,0.2515
960.0,0.2503
961.0,0.2497
962.0,0.2492
963.0,0.2486
964.0,0.248
965.0,0.2475
966.0,0.2469
967.0,0.2463
968.0,0.2458
969.0,0.2452
970.0,0.2446
971.0,0.2453
972.0,0.246
973.0,0.2466
974.0,0.2473
975.0,0.2479
976.0,0.2486
977.0,0.2493
978.0,0.2499
979.0,0.2506
980.0,0.2513
981.0,0.2517
982.0,0.252
983.0,0.2524
984.0,0.2528
985.0,0.2532
986.0,0.2536
987.0,0.2539
988.0,0.2543
989.0,0.2547
990.0,0.2551
991.0,0.2551
992.0,0.2551
993.0,0.2551
994.0,0.2551
995.0,0.2551
996.0,0.2551
997.0,0.2551
998.0,0.2551
999.0,0.2551
1000.0,0.2551
1001.0,0.2549
1002.0,0.2547
1003.0,0.2545
1004.0,0.2543
1005.0,0.2541
1006.0,0.2539
1007.0,0.2537
1008.0,0.2535
1009.0,0.2533
1010.0,0.2531
1011.0,0.2529
1012.0,0.2526
1013.0,0.2523
1014.0,0.252
1015.0,0.2517
1016.0,0.2514
1017.0,0.2511
1018.0,0.2509
1019.0,0.2506
1020.0,0.2503
1021.0,0.2499
1022.0,0.2495
1023.0,0.2491
1024.0,0.2488
1025.0,0.2484
1026.0,0.248
1027.0,0.2476
1028.0,0.2472
1029.0,0.2469
1030.0,0.2465
1031.0,0.2461
1032.0,0.2457
1033.0,0.2453
1034.0,0.245
1035.0,0.2446
1036.0,0.2442
1037.0,0.2438
1038.0,0.2434
1039.0,0.243
1040.0,0.2427
1041.0,0.2422
1042.0,0.2417
1043.0,0.2412
1044.0,0.2408
1045.0,0.2403
1046.0,0.2398
1047.0,0.2393
1048.0,0.2389
1049.0,0.2384
1050.0,0.2379
1051.0,0.2373
1052.0,0.2368
1053.0,0.2362
1054.0,0.2356
1055.0,0.2351
1056.0,0.2345
1057.0,0.2339
1058.0,0.2334
1059.0,0.2328
1060.0,0.2322
1061.0,0.2315
1062.0,0.2307
1063.0,0.2299
1064.0,0.2292
1065.0,0.2284
1066.0,0.2277
1067.0,0.2269
1068.0,0.2261
1069.0,0.2254
1070.0,0.2246
1071.0,0.224
1072.0,0.2233
1073.0,0.2226
1074.0,0.222
1075.0,0.2213
1076.0,0.2206
1077.0,0.22
1078.0,0.2193
1079.0,0.2186
1080.0,0.218
1081.0,0.2172
1082.0,0.2165
1083.0,0.2157
1084.0,0.2149
1085.0,0.2142
1086.0,0.2134
1087.0,0.2127
1088.0,0.2119
1089.0,0.2111
1090.0,0.2104
1091.0,0.2093
1092.0,0.2083
1093.0,0.2072
1094.0,0.2062
1095.0,0.2052
1096.0,0.2041
1097.0,0.2031
1098.0,0.202
1099.0,0.201
1100.0,0.1999
1101.0,0.1987
1102.0,0.1975
1103.0,0.1962
1104.0,0.195
1105.0,0.1938
1106.0,0.1925
1107.0,0.1913
1108.0,0.1901
1109.0,0.1888
1110.0,0.1876
1111.0,0.1862
1112.0,0.1848
1113.0,0.1833
1114.0,0.1819
1115.0,0.1805
1116.0,0.179
1117.0,0.1776
1118.0,0.1762
1119.0,0.1748
1120.0,0.1733
1121.0,0.1716
1122.0,0.1699
1123.0,0.1682
1124.0,0.1665
1125.0,0.1648
1126.0,0.1631
1127.0,0.1614
1128.0,0.1597
1129.0,0.158
1130.0,0.1563
1131.0,0.1544
1132.0,0.1525
1133.0,0.1506
1134.0,0.1487
1135.0,0.1468
1136.0,0.1449
1137.0,0.143
1138.0,0.1411
1139.0,0.1393
1140.0,0.1374
1141.0,0.1364
1142.0,0.1355
1143.0,0.1345
1144.0,0.1335
1145.0,0.1326
1146.0,0.1317
1147.0,0.1307
1148.0,0.1298
1149.0,0.1288
1150.0,0.1279
1151.0,0.1275
1152.0,0.1271
1153.0,0.1267
1154.0,0.1263
1155.0,0.126
1156.0,0.1256
1157.0,0.1252
1158.0,0.1248
1159.0,0.1245
1160.0,0.1241
1161.0,0.1238
1162.0,0.1235
1163.0,0.1232
1164.0,0.123
1165.0,0.1227
1166.0,0.1224
1167.0,0.1221
1168.0,0.1218
1169.0,0.1215
1170.0,0.1213
1171.0,0.1212
1172.0,0.1211
1173.0,0.121
1174.0,0.1209
1175.0,0.1208
1176.0,0.1207
1177.0,0.1206
1178.0,0.1205
1179.0,0.1204
1180.0,0.1203
1181.0,0.1203
1182.0,0.1203
1183.0,0.1203
1184.0,0.1203
1185.0,0.1203
1186.0,0.1203
1187.0,0.1203
1188.0,0.1203
1189.0,0.1203
1190.0,0.1203
1191.0,0.1203
1192.0,0.1203
1193.0,0.1203
1194.0,0.1203
1195.0,0.1203
1196.0,0.1203
1197.0,0.1203
1198.0,0.1203
1199.0,0.1203
1200.0,0.1203
1201.0,0.1203
1202.0,0.1203
1203.0,0.1203
1204.0,0.1203
1205.0,0.1203
1206.0,0.1203
1207.0,0.1203
1208.0,0.1203
1209.0,0.1203
1210.0,0.1203
1211.0,0.1203
1212.0,0.1203
1213.0,0.1203
1214.0,0.1203
1215.0,0.1203
1216.0,0.1203
1217.0,0.1203
1218.0,0.1203
1219.0,0.1203
1220.0,0.1203
1221.0,0.1203
1222.0,0.1203
1223.0,0.1203
1224.0,0.1203
1225.0,0.1203
1226.0,0.1203
1227.0,0.1203
1228.0,0.1203
1229.0,0.1203
1230.0,0.1203
1231.0,0.1203
1232.0,0.1203
1233.0,0.1203
1234.0,0.1203
1235.0,0.1203
1236.0,0.1203
1237.0,0.1203
1238.0,0.1203
1239.0,0.1203
1240.0,0.1203
1241.0,0.1203
1242.0,0.1203
1243.0,0.1203
1244.0,0.1203
1245.0,0.1203
1246.0,0.1203
1247.0,0.1203
1248.0,0.1203
1249.0,0.1203
1250.0,0.1203
1251.0,0.1203
1252.0,0.1203
1253.0,0.1203
1254.0,0.1203
1255.0,0.1203
1256.0,0.1203
1257.0,0.1203
1258.0,0.1203
1259.0,0.1203
1260.0,0.1203
1261.0,0.1203
1262.0,0.1203
1263.0,0.1203
1264.0,0.1203
1265.0,0.1203
1266.0,0.1203
1267.0,0.1203
1268.0,0.1203
1269.0,0.1203
1270.0,0.1203
1271.0,0.1203
1272.0,0.1203
1273.0,0.1203
1274.0,0.1203
1275.0,0.1203
1276.0,0.1203
1277.0,0.1203
1278.0,0.1203
1279.0,0.1203
1280.0,0.1203
1281.0,0.1203
1282.0,0.1203
1283.0,0.1203
1284.0,0.1203
1285.0,0.1203
1286.0,0.1203
1287.0,0.1203
1288.0,0.1203
1289.0,0.1203
1290.0,0.1203
1291.0,0.1203
1292.0,0.1203
1293.0,0.1203
1294.0,0.1203
1295.0,0.1203
1296.0,0.1203
1297.0,0.1203
1298.0,0.1203
1299.0,0.1203
1300.0,0.1203
1301.0,0.1203
1302.0,0.1203
1303.0,0.1203
1304.0,0.1203
1305.0,0.1203
1306.0,0.1203
1307.0,0.1203
1308.0,0.1203
1309.0,0.1203
1310.0,0.1203
1311.0,0.1203
1312.0,0.1203
1313.0,0.1203
1314.0,0.1203
1315.0,0.1203
1316.0,0.1203
1317.0,0.1203
1318.0,0.1203
1319.0,0.1203
1320.0,0.1203
1321.0,0.1203
1322.0,0.1203
1323.0,0.1203
1324.0,0.1203
1325.0,0.1203
1326.0,0.1203
1327.0,0.1203
1328.0,0.1203
1329.0,0.1203
1330.0,0.1203
1331.0,0.1203
1332.0,0.1203
1333.0,0.1203
1334.0,0.1203
1335.0,0.1203
1336.0,0.1203
1337.0,0.1203
1338.0,0.1203
1339.0,0.1203
1340.0,0.1203
1341.0,0.1203
1342.0,0.1203
1343.0,0.1203
1344.0,0.1203
1345.0,0.1203
1346.0,0.1202
1347.0,0.1202
1348.0,0.1202
1349.0,0.1202
1350.0,0.1202
1351.0,0.1202
1352.0,0.1202
1353.0,0.1202
1354.0,0.1202
1355.0,0.1202
1356.0,0.1202
1357.0,0.1202
1358.0,0.1202
1359.0,0.1202
1360.0,0.1202
1361.0,0.1202
1362.0,0.1202
1363.0,0.1202
1364.0,0.1202
1365.0,0.1202
1366.0,0.1202
1367.0,0.1202
1368.0,0.1202
1369.0,0.1202
1370.0,0.1202
1371.0,0.1202
1372.0,0.1202
1373.0,0.1202
1374.0,0.1202
1375.0,0.1202
1376.0,0.1202
1377.0,0.1202
1378.0,0.1202
1379.0,0.1202
1380.0,0.1202
1381.0,0.1202
1382.0,0.1202
1383.0,0.1202
1384.0,0.1202
1385.0,0.1202
1386.0,0.1202
1387.0,0.1202
1388.0,0.1202
1389.0,0.1202
1390.0,0.1202
1391.0,0.1202
1392.0,0.1202
1393.0,0.1202
1394.0,0.1202
1395.0,0.1202
1396.0,0.1202
1397.0,0.1202
1398.0,0.1202
1399.0,0.1202
1400.0,0.1202
1401.0,0.1202
1402.0,0.1202
1403.0,0.1202
1404.0,0.1202
1405.0,0.1202
1406.0,0.1202
1407.0,0.1202
1408.0,0.1202
1409.0,0.1202
1410.0,0.1202
1411.0,0.1202
1412.0,0.1202
1413.0,0.1202
1414.0,0.1202
1415.0,0.1202
1416.0,0.1202
1417.0,0.1202
1418.0,0.1202
1419.0,0.1202
1420.0,0.1202
1421.0,0.1202
1422.0,0.1202
1423.0,0.1202
1424.0,0.1202
1425.0,0.1202
1426.0,0.1202
1427.0,0.1202
1428.0,0.1202
1429.0,0.1202
1430.0,0.1202
1431.0,0.1202
1432.0,0.1202
1433.0,0.1202
1434.0,0.1202
1435.0,0.1202
1436.0,0.1202
1437.0,0.1202
1438.0,0.1202
1439.0,0.1202
1440.0,0.1202
1441.0,0.1202
1442.0,0.1202
1443.0,0.1202
1444.0,0.1202
1445.0,0.1202
1446.0,0.1202
1447.0,0.1202
1448.0,0.1202
1449.0,0.1202
1450.0,0.1202
1451.0,0.1202
1452.0,0.1202
1453.0,0.1202
1454.0,0.1203
1455.0,0.1202
1456.0,0.1202
1457.0,0.1202
1458.0,0.1203
1459.0,0.1203
1460.0,0.1202
1461.0,0.1202
1462.0,0.1202
1463.0,0.1202
1464.0,0.1203
1465.0,0.1202
1466.0,0.1202
1467.0,0.1202
1468.0,0.1202
1469.0,0.1202
1470.0,0.1202
1471.0,0.1202
1472.0,0.1202
1473.0,0.1202
1474.0,0.1202
1475.0,0.1203
1476.0,0.1202
1477.0,0.1202
1478.0,0.1202
1479.0,0.1202
1480.0,0.1202
1481.0,0.1202
1482.0,0.1202
1483.0,0.1202
1484.0,0.1202
1485.0,0.1202
1486.0,0.1202
1487.0,0.1202
1488.0,0.1202
1489.0,0.1203
1490.0,0.1203
1491.0,0.1203
1492.0,0.1202
1493.0,0.1203
1494.0,0.1203
1495.0,0.1203
1496.0,0.1203
1497.0,0.1203
1498.0,0.1203
1499.0,0.1203
1500.0,0.1203
1501.0,0.1203
1502.0,0.1203
1503.0,0.1203
1504.0,0.1202
1505.0,0.1203
1506.0,0.1203
1507.0,0.1203
1508.0,0.1203
1509.0,0.1203
1510.0,0.1203
1511.0,0.1203
1512.0,0.1203
1513.0,0.1203
1514.0,0.1203
1515.0,0.1203
1516.0,0.1203
1517.0,0.1203
1518.0,0.1203
1519.0,0.1203
1520.0,0.1203
1521.0,0.1203
1522.0,0.1203
1523.0,0.1203
1524.0,0.1203
1525.0,0.1203
1526.0,0.1203
1527.0,0.1203
1528.0,0.1203
1529.0,0.1203
1530.0,0.1203
1531.0,0.1203
1532.0,0.1203
1533.0,0.1203
1534.0,0.1203
1535.0,0.1203
1536.0,0.1203
1537.0,0.1203
1538.0,0.1203
1539.0,0.1203
1540.0,0.1203
1541.0,0.1203
1542.0,0.1203
1543.0,0.1203
1544.0,0.1203
1545.0,0.1203
1546.0,0.1203
1547.0,0.1203
1548.0,0.1203
1549.0,0.1203
1550.0,0.1203
1551.0,0.1203
1552.0,0.1203
1553.0,0.1203
1554.0,0.1203
1555.0,0.1203
1556.0,0.1203
1557.0,0.1203
1558.0,0.1203
1559.0,0.1203
1560.0,0.1203
1561.0,0.1203
1562.0,0.1203
1563.0,0.1203
1564.0,0.1203
1565.0,0.1203
1566.0,0.1203
1567.0,0.1203
1568.0,0.1203
1569.0,0.1203
1570.0,0.1203
1571.0,0.1202
1572.0,0.1202
1573.0,0.1202
1574.0,0.1202
1575.0,0.1202
1576.0,0.1202
1577.0,0.1202
1578.0,0.1202
1579.0,0.1202
1580.0,0.1202
1581.0,0.1202
1582.0,0.1202
1583.0,0.1202
1584.0,0.1202
1585.0,0.1202
1586.0,0.1202
1587.0,0.1202
1588.0,0.1202
1589.0,0.1202
1590.0,0.1202
1591.0,0.1202
1592.0,0.1202
1593.0,0.1202
1594.0,0.1202
1595.0,0.1202
1596.0,0.1202
1597.0,0.1202
1598.0,0.1202
1599.0,0.1202
1600.0,0.1202
1601.0,0.1202
1602.0,0.1202
1603.0,0.1202
1604.0,0.1202
1605.0,0.1202
1606.0,0.1202
1607.0,0.1202
1608.0,0.1202
1609.0,0.1202
1610.0,0.1202
1611.0,0.1202
1612.0,0.1202
1613.0,0.1202
1614.0,0.1202
1615.0,0.1202
1616.0,0.1202
1617.0,0.1202
1618.0,0.1202
1619.0,0.1202
1620.0,0.1202
1621.0,0.1202
1622.0,0.1202
1623.0,0.1202
1624.0,0.1202
1625.0,0.1202
1626.0,0.1202
1627.0,0.1202
1628.0,0.1202
1629.0,0.1202
1630.0,0.1202
1631.0,0.1202
1632.0,0.1202
1633.0,0.1202
1634.0,0.1202
1635.0,0.1202
1636.0,0.1202
1637.0,0.1202
1638.0,0.1202
1639.0,0.1202
1640.0,0.1202
1641.0,0.1202
1642.0,0.1202
1643.0,0.1202
1644.0,0.1202
1645.0,0.1202
1646.0,0.1202
1647.0,0.1202
1648.0,0.1202
1649.0,0.1202
1650.0,0.1202
1651.0,0.1202
1652.0,0.1202
1653.0,0.1202
1654.0,0.1202
1655.0,0.1202
1656.0,0.1202
1657.0,0.1202
1658.0,0.1202
1659.0,0.1202
1660.0,0.1202
1661.0,0.1202
1662.0,0.1202
1663.0,0.1202
1664.0,0.1202
1665.0,0.1202
1666.0,0.1202
1667.0,0.1202
1668.0,0.1202
1669.0,0.1202
1670.0,0.1202
1671.0,0.1202
1672.0,0.1202
1673.0,0.1202
1674.0,0.1202
1675.0,0.1202
1676.0,0.1202
1677.0,0.1202
1678.0,0.1202
1679.0,0.1202
1680.0,0.1202
1681.0,0.1202
1682.0,0.1202
1683.0,0.1202
1684.0,0.1202
1685.0,0.1202
1686.0,0.1202
1687.0,0.1202
1688.0,0.1202
1689.0,0.1202
1690.0,0.1202
1691.0,0.1202
1692.0,0.1202
1693.0,0.1202
1694.0,0.1202
1695.0,0.1202
1696.0,0.1202
1697.0,0.1202
1698.0,0.1202
1699.0,0.1202
1700.0,0.1202
1702.0,0.1202
1705.0,0.1202
1710.0,0.1202
1715.0,0.1202
1720.0,0.1202
1725.0,0.1202
1730.0,0.1202
1735.0,0.1202
1740.0,0.1202
1745.0,0.1202
1750.0,0.1202
1755.0,0.1202
1760.0,0.1202
1765.0,0.1202
1770.0,0.1202
1775.0,0.1202
1780.0,0.1202
1785.0,0.1202
1790.0,0.1202
1795.0,0.1202
1800.0,0.1202
1805.0,0.1202
1810.0,0.1202
1815.0,0.1202
1820.0,0.1202
1825.0,0.1202
1830.0,0.1202
1835.0,0.1202
1840.0,0.1202
1845.0,0.1202
1850.0,0.1202
1855.0,0.1202
1860.0,0.1202
1865.0,0.1202
1870.0,0.1202
1875.0,0.1202
1880.0,0.1202
1885.0,0.1202
1890.0,0.1202
1895.0,0.1202
1900.0,0.1202
1905.0,0.1202
1910.0,0.1202
1915.0,0.1202
1920.0,0.1202
1925.0,0.1202
1930.0,0.1202
1935.0,0.1202
1940.0,0.1202
1945.0,0.1202
1950.0,0.1202
1955.0,0.1202
1960.0,0.1202
1965.0,0.1202
1970.0,0.1202
1975.0,0.1202
1980.0,0.1202
1985.0,0.1202
1990.0,0.1202
1995.0,0.1202
2000.0,0.1202
2005.0,0.1202
2010.0,0.1202
2015.0,0.1202
2020.0,0.1202
2025.0,0.1202
2030.0,0.1202
2035.0,0.1202
2040.0,0.1202
2045.0,0.1202
2050.0,0.1202
2055.0,0.1202
2060.0,0.1202
2065.0,0.1202
2070.0,0.1202
2075.0,0.1202
2080.0,0.1202
2085.0,0.1202
2090.0,0.1202
2095.0,0.1202
2100.0,0.1202
2105.0,0.1202
2110.0,0.1202
2115.0,0.1202
2120.0,0.1202
2125.0,0.1202
2130.0,0.1202
2135.0,0.1202
2140.0,0.1202
2145.0,0.1202
2150.0,0.1202
2155.0,0.1202
2160.0,0.1202
2165.0,0.1202
2170.0,0.1202
2175.0,0.1202
2180.0,0.1202
2185.0,0.1202
2190.0,0.1202
2195.0,0.1202
2200.0,0.1202
2205.0,0.1202
2210.0,0.1202
2215.0,0.1202
2220.0,0.1202
2225.0,0.1202
2230.0,0.1202
2235.0,0.1202
2240.0,0.1202
2245.0,0.1202
2250.0,0.1202
2255.0,0.1202
2260.0,0.1202
2265.0,0.1202
2270.0,0.1202
2275.0,0.1202
2280.0,0.1202
2285.0,0.1202
2290.0,0.1202
2295.0,0.1202
2300.0,0.1202
2305.0,0.1202
2310.0,0.1202
2315.0,0.1202
2320.0,0.1202
2325.0,0.1202
2330.0,0.1202
2335.0,0.1202
2340.0,0.1202
2345.0,0.1202
2350.0,0.1202
2355.0,0.1202
2360.0,0.1202
2365.0,0.1202
2370.0,0.1202
2375.0,0.1202
2380.0,0.1202
2385.0,0.1202
2390.0,0.1202
2395.0,0.1202
2400.0,0.1202
2405.0,0.1202
2410.0,0.1202
2415.0,0.1202
2420.0,0.1202
2425.0,0.1202
2430.0,0.1202
2435.0,0.1202
2440.0,0.1202
2445.0,0.1202
2450.0,0.1202
2455.0,0.1202
2460.0,0.1202
2465.0,0.1202
2470.0,0.1202
2475.0,0.1202
2480.0,0.1202
2485.0,0.1202
2490.0,0.1202
2495.0,0.1202
2500.0,0.1202
2505.0,0.1202
2510.0,0.1202
2515.0,0.1202
2520.0,0.1202
2525.0,0.1202
2530.0,0.1202
2535.0,0.1202
2540.0,0.1202
2545.0,0.1202
2550.0,0.1202
2555.0,0.1202
2560.0,0.1202
2565.0,0.1202
2570.0,0.1202
2575.0,0.1482
2580.0,0.1202
2585.0,0.1482
2590.0,0.1482
2595.0,0.1482
2600.0,0.1482
2605.0,0.1482
2610.0,0.1482
2615.0,0.1482
2620.0,0.1482
2625.0,0.1482
2630.0,0.1482
2635.0,0.1202
2640.0,0.1202
2645.0,0.1202
2650.0,0.1202
2655.0,0.1482
2660.0,0.1482
2665.0,0.1482
2670.0,0.1482
2675.0,0.1482
2680.0,0.1482
2685.0,0.1482
2690.0,0.1482
2695.0,0.1482
2700.0,0.1202
2705.0,0.1202
2710.0,0.1482
2715.0,0.1202
2720.0,0.1482
2725.0,0.1202
2730.0,0.1202
2735.0,0.1202
2740.0,0.1482
2745.0,0.1202
2750.0,0.1202
2755.0,0.1202
2760.0,0.1202
2765.0,0.1202
2770.0,0.1202
2775.0,0.1202
2780.0,0.1202
2785.0,0.1202
2790.0,0.1202
2795.0,0.1202
2800.0,0.1202
2805.0,0.1202
2810.0,0.1202
2815.0,0.1202
2820.0,0.1202
2825.0,0.1202
2830.0,0.1202
2835.0,0.1202
2840.0,0.1202
2845.0,0.1202
2850.0,0.1202
2855.0,0.1202
2860.0,0.1202
2865.0,0.1202
2870.0,0.1202
2875.0,0.1202
2880.0,0.1202
2885.0,0.1202
2890.0,0.1202
2895.0,0.1202
2900.0,0.1202
2905.0,0.1202
2910.0,0.1202
2915.0,0.1202
2920.0,0.1202
2925.0,0.1202
2930.0,0.1202
2935.0,0.1202
2940.0,0.1202
2945.0,0.1202
2950.0,0.1202
2955.0,0.1202
2960.0,0.1202
2965.0,0.1202
2970.0,0.1202
2975.0,0.1202
2980.0,0.1202
2985.0,0.1202
2990.0,0.1202
2995.0,0.1202
3000.0,0.1202
3005.0,0.1202
3010.0,0.1202
3015.0,0.1202
3020.0,0.1202
3025.0,0.1202
3030.0,0.1202
3035.0,0.1202
3040.0,0.1202
3045.0,0.1202
3050.0,0.1202
3055.0,0.1202
3060.0,0.1202
3065.0,0.1202
3070.0,0.1202
3075.0,0.1202
3080.0,0.1202
3085.0,0.1202
3090.0,0.1202
3095.0,0.1202
3100.0,0.1202
3105.0,0.1202
3110.0,0.1202
3115.0,0.1202
3120.0,0.1202
3125.0,0.1202
3130.0,0.1202
3135.0,0.1202
3140.0,0.1202
3145.0,0.1202
3150.0,0.1202
3155.0,0.1202
3160.0,0.1202
3165.0,0.1202
3170.0,0.1202
3175.0,0.1202
3180.0,0.1202
3185.0,0.1202
3190.0,0.1202
3195.0,0.1202
3200.0,0.1202
3205.0,0.1202
3210.0,0.1202
3215.0,0.1202
3220.0,0.1202
3225.0,0.1202
3230.0,0.1202
3235.0,0.1202
3240.0,0.1202
3245.0,0.1202
3250.0,0.1202
3255.0,0.1202
3260.0,0.1202
3265.0,0.1202
3270.0,0.1202
3275.0,0.1202
3280.0,0.1202
3285.0,0.1202
3290.0,0.1202
3295.0,0.1202
3300.0,0.1202
3305.0,0.1202
3310.0,0.1202
3315.0,0.1202
3320.0,0.1202
3325.0,0.1202
3330.0,0.1202
3335.0,0.1202
3340.0,0.1202
3345.0,0.1202
3350.0,0.1202
3355.0,0.1202
3360.0,0.1202
3365.0,0.1202
3370.0,0.1202
3375.0,0.1202
3380.0,0.1202
3385.0,0.1202
3390.0,0.1202
3395.0,0.1202
3400.0,0.1202
3405.0,0.1202
3410.0,0.1202
3415.0,0.1202
3420.0,0.1202
3425.0,0.1202
3430.0,0.1202
3435.0,0.1202
3440.0,0.1202
3445.0,0.1202
3450.0,0.1202
3455.0,0.1202
3460.0,0.1202
3465.0,0.1202
3470.0,0.1202
3475.0,0.1202
3480.0,0.1202
3485.0,0.1202
3490.0,0.1202
3495.0,0.1202
3500.0,0.1202
3505.0,0.1202
3510.0,0.1202
3515.0,0.1202
3520.0,0.1202
3525.0,0.1202
3530.0,0.1202
3535.0,0.1202
3540.0,0.1202
3545.0,0.1202
3550.0,0.1202
3555.0,0.1202
3560.0,0.1202
3565.0,0.1202
3570.0,0.1202
3575.0,0.1202
3580.0,0.1202
3585.0,0.1202
3590.0,0.1202
3595.0,0.1202
3600.0,0.1202
3605.0,0.1202
3610.0,0.1202
3615.0,0.1202
3620.0,0.1202
3625.0,0.1202
3630.0,0.1202
3635.0,0.1202
3640.0,0.1202
3645.0,0.1202
3650.0,0.1202
3655.0,0.1202
3660.0,0.1202
3665.0,0.1202
3670.0,0.1202
3675.0,0.1202
3680.0,0.1202
3685.0,0.1202
3690.0,0.1202
3695.0,0.1202
3700.0,0.1202
3705.0,0.1202
3710.0,0.1202
3715.0,0.1202
3720.0,0.1202
3725.0,0.1202
3730.0,0.1202
3735.0,0.1202
3740.0,0.1202
3745.0,0.1202
3750.0,0.1202
3755.0,0.1202
3760.0,0.1202
3765.0,0.1202
3770.0,0.1202
3775.0,0.1202
3780.0,0.1202
3785.0,0.1202
3790.0,0.1202
3795.0,0.1202
3800.0,0.1202
3805.0,0.1202
3810.0,0.1202
3815.0,0.1202
3820.0,0.1202
3825.0,0.1202
3830.0,0.1202
3835.0,0.1202
3840.0,0.1202
3845.0,0.1202
3850.0,0.1202
3855.0,0.1202
3860.0,0.1202
3865.0,0.1202
3870.0,0.1202
3875.0,0.1202
3880.0,0.1202
3885.0,0.1202
3890.0,0.1202
3895.0,0.1202
3900.0,0.1202
3905.0,0.1202
3910.0,0.1202
3915.0,0.1202
3920.0,0.1202
3925.0,0.1202
3930.0,0.1202
3935.0,0.1202
3940.0,0.1202
3945.0,0.1202
3950.0,0.1202
3955.0,0.1202
3960.0,0.1202
3965.0,0.1202
3970.0,0.1202
3975.0,0.1202
3980.0,0.1202
3985.0,0.1202
3990.0,0.1202
3995.0,0.1202
4000.0,0.1202
