interpolation:linear
wavelength,value
280.0,0.03103
280.5,0.03102
281.0,0.031
281.5,0.03099
282.0,0.03097
282.5,0.03095
283.0,0.03092
283.5,0.03089
284.0,0.03088
284.5,0.03086
285.0,0.03133
285.5,0.03151
286.0,0.03156
286.5,0.03177
287.0,0.03195
287.5,0.03231
288.0,0.03183
288.5,0.03186
289.0,0.03191
289.5,0.03197
290.0,0.03201
290.5,0.03203
291.0,0.03209
291.5,0.03221
292.0,0.03211
292.5,0.03202
293.0,0.03194
293.5,0.03188
294.0,0.03176
294.5,0.03238
295.0,0.03247
295.5,0.03201
296.0,0.03208
296.5,0.03216
297.0,0.03222
297.5,0.03232
298.0,0.0324
298.5,0.03246
299.0,0.03252
299.5,0.03263
300.0,0.03268
300.5,0.03258
301.0,0.03252
301.5,0.03244
302.0,0.03231
302.5,0.03212
303.0,0.03193
303.5,0.03175
304.0,0.03158
304.5,0.03142
305.0,0.03127
305.5,0.03111
306.0,0.03094
306.5,0.03078
307.0,0.03062
307.5,0.03047
308.0,0.0303
308.5,0.03014
309.0,0.03014
309.5,0.02994
310.0,0.02975
310.5,0.02958
311.0,0.0294
311.5,0.02922
312.0,0.02904
312.5,0.02886
313.0,0.02869
313.5,0.02852
314.0,0.02834
314.5,0.02817
315.0,0.02799
315.5,0.02782
316.0,0.02765
316.5,0.02748
317.0,0.02731
317.5,0.02714
318.0,0.02697
318.5,0.02681
319.0,0.02664
319.5,0.02646
320.0,0.02629
320.5,0.02619
321.0,0.0261
321.5,0.02598
322.0,0.02584
322.5,0.02573
323.0,0.02563
323.5,0.02559
324.0,0.02547
324.5,0.02535
325.0,0.02516
325.5,0.02506
326.0,0.02501
326.5,0.02491
327.0,0.02479
327.5,0.02467
328.0,0.02454
328.5,0.02444
329.0,0.02434
329.5,0.02423
330.0,0.02411
330.5,0.02398
331.0,0.02387
331.5,0.02376
332.0,0.02366
332.5,0.02355
333.0,0.02343
333.5,0.02331
334.0,0.02319
334.5,0.02309
335.0,0.02298
335.5,0.02295
336.0,0.02283
336.5,0.02264
337.0,0.02252
337.5,0.02241
338.0,0.0223
338.5,0.02225
339.0,0.02213
339.5,0.02202
340.0,0.02185
340.5,0.02179
341.0,0.02178
341.5,0.0217
342.0,0.02164
342.5,0.02157
343.0,0.02152
343.5,0.02147
344.0,0.02137
344.5,0.02137
345.0,0.02129
345.5,0.02122
346.0,0.02115
346.5,0.02109
347.0,0.02104
347.5,0.02098
348.0,0.02092
348.5,0.02085
349.0,0.02079
349.5,0.02073
350.0,0.02067
350.5,0.02061
351.0,0.02056
351.5,0.02051
352.0,0.02045
352.5,0.02038
353.0,0.02032
353.5,0.02026
354.0,0.0202
354.5,0.02014
355.0,0.02009
355.5,0.02003
356.0,0.01997
356.5,0.01991
357.0,0.01985
357.5,0.0198
358.0,0.01974
358.5,0.01968
359.0,0.01962
359.5,0.01957
360.0,0.01951
360.5,0.0195
361.0,0.01949
361.5,0.01949
362.0,0.01948
362.5,0.01948
363.0,0.01947
363.5,0.01947
364.0,0.01946
364.5,0.01946
365.0,0.01945
365.5,0.01944
366.0,0.01944
366.5,0.01943
367.0,0.01943
367.5,0.01942
368.0,0.01942
368.5,0.01941
369.0,0.01941
369.5,0.0194
370.0,0.0194
370.5,0.01939
371.0,0.01939
371.5,0.01938
372.0,0.01937
372.5,0.01937
373.0,0.01936
373.5,0.01936
374.0,0.01935
374.5,0.01935
375.0,0.01934
375.5,0.01934
376.0,0.01933
376.5,0.01933
377.0,0.01932
377.5,0.01932
378.0,0.01931
378.5,0.01931
379.0,0.0193
379.5,0.0193
380.0,0.01929
380.5,0.01939
381.0,0.01949
381.5,0.01959
382.0,0.01968
382.5,0.01978
383.0,0.01988
383.5,0.01997
384.0,0.02007
384.5,0.02017
385.0,0.02026
385.5,0.02036
386.0,0.02046
386.5,0.02055
387.0,0.02065
387.5,0.02075
388.0,0.02084
388.5,0.02094
389.0,0.02104
389.5,0.02113
390.0,0.02123
390.5,0.02128
391.0,0.02132
391.5,0.02137
392.0,0.02141
392.5,0.02146
393.0,0.02151
393.5,0.02155
394.0,0.0216
394.5,0.02164
395.0,0.02169
395.5,0.02174
396.0,0.02178
396.5,0.02183
397.0,0.02187
397.5,0.02192
398.0,0.02197
398.5,0.02201
399.0,0.02206
399.5,0.0221
400.0,0.02215
401.0,0.02232
402.0,0.02251
403.0,0.0227
404.0,0.02289
405.0,0.02309
406.0,0.02328
407.0,0.02347
408.0,0.02366
409.0,0.02386
410.0,0.02405
411.0,0.02414
412.0,0.02423
413.0,0.02432
414.0,0.02442
415.0,0.02451
416.0,0.0246
417.0,0.02469
418.0,0.02479
419.0,0.02488
420.0,0.02497
421.0,0.02506
422.0,0.02515
423.0,0.02525
424.0,0.02534
425.0,0.02543
426.0,0.02552
427.0,0.02562
428.0,0.02571
429.0,0.0258
430.0,0.02589
431.0,0.02599
432.0,0.02608
433.0,0.02617
434.0,0.02626
435.0,0.02636
436.0,0.02645
437.0,0.02654
438.0,0.02664
439.0,0.02673
440.0,0.02682
441.0,0.02681
442.0,0.02681
443.0,0.0268
444.0,0.02679
445.0,0.02679
446.0,0.02678
447.0,0.02678
448.0,0.02677
449.0,0.02676
450.0,0.02676
451.0,0.02675
452.0,0.02675
453.0,0.02674
454.0,0.02673
455.0,0.02673
456.0,0.02672
457.0,0.02672
458.0,0.02671
459.0,0.02671
460.0,0.0267
461.0,0.02679
462.0,0.02689
463.0,0.02698
464.0,0.02707
465.0,0.02717
466.0,0.02726
467.0,0.02736
468.0,0.02745
469.0,0.02754
470.0,0.02764
471.0,0.02783
472.0,0.02802
473.0,0.02821
474.0,0.02841
475.0,0.0286
476.0,0.02879
477.0,0.02898
478.0,0.02917
479.0,0.02937
480.0,0.02956
481.0,0.02975
482.0,0.02995
483.0,0.03014
484.0,0.03033
485.0,0.03052
486.0,0.03072
487.0,0.03091
488.0,0.0311
489.0,0.03129
490.0,0.03148
491.0,0.03158
492.0,0.03167
493.0,0.03177
494.0,0.03186
495.0,0.03195
496.0,0.03205
497.0,0.03214
498.0,0.03224
499.0,0.03233
500.0,0.03242
501.0,0.03291
502.0,0.0334
503.0,0.03388
504.0,0.03437
505.0,0.03486
506.0,0.03534
507.0,0.03583
508.0,0.03632
509.0,0.0368
510.0,0.03729
511.0,0.03797
512.0,0.03866
513.0,0.03934
514.0,0.04002
515.0,0.0407
516.0,0.04139
517.0,0.04207
518.0,0.04275
519.0,0.04343
520.0,0.04411
521.0,0.04489
522.0,0.04567
523.0,0.04645
524.0,0.04723
525.0,0.04801
526.0,0.04879
527.0,0.04957
528.0,0.05035
529.0,0.05113
530.0,0.05191
531.0,0.05239
532.0,0.05288
533.0,0.05336
534.0,0.05384
535.0,0.05433
536.0,0.05481
537.0,0.0553
538.0,0.05578
539.0,0.05627
540.0,0.05675
541.0,0.05714
542.0,0.05752
543.0,0.05791
544.0,0.0583
545.0,0.05868
546.0,0.05907
547.0,0.05946
548.0,0.05984
549.0,0.06023
550.0,0.06062
551.0,0.06081
552.0,0.061
553.0,0.06119
554.0,0.06138
555.0,0.06157
556.0,0.06176
557.0,0.06195
558.0,0.06214
559.0,0.06233
560.0,0.06252
561.0,0.06261
562.0,0.06271
563.0,0.0628
564.0,0.06289
565.0,0.06298
566.0,0.06308
567.0,0.06317
568.0,0.06326
569.0,0.06335
570.0,0.06344
571.0,0.06334
572.0,0.06324
573.0,0.06314
574.0,0.06303
575.0,0.06293
576.0,0.06283
577.0,0.06273
578.0,0.06263
579.0,0.06253
580.0,0.06243
581.0,0.06233
582.0,0.06223
583.0,0.06212
584.0,0.06202
585.0,0.06192
586.0,0.06182
587.0,0.06172
588.0,0.06161
589.0,0.06151
590.0,0.06141
591.0,0.06102
592.0,0.06062
593.0,0.06023
594.0,0.05983
595.0,0.05944
596.0,0.05905
597.0,0.05866
598.0,0.05826
599.0,0.05787
600.0,0.05748
601.0,0.05728
602.0,0.05708
603.0,0.05689
604.0,0.05669
605.0,0.05649
606.0,0.05629
607.0,0.0561
608.0,0.0559
609.0,0.0557
610.0,0.0555
611.0,0.05501
612.0,0.05452
613.0,0.05403
614.0,0.05354
615.0,0.05305
616.0,0.05257
617.0,0.05208
618.0,0.05159
619.0,0.0511
620.0,0.05061
621.0,0.05031
622.0,0.05002
623.0,0.04972
624.0,0.04943
625.0,0.04914
626.0,0.04884
627.0,0.04855
628.0,0.04824
629.0,0.04796
630.0,0.04766
631.0,0.04737
632.0,0.04708
633.0,0.04678
634.0,0.04649
635.0,0.0462
636.0,0.0459
637.0,0.04561
638.0,0.04532
639.0,0.04502
640.0,0.04473
641.0,0.04453
642.0,0.04434
643.0,0.04414
644.0,0.04395
645.0,0.04375
646.0,0.04355
647.0,0.04335
648.0,0.04316
649.0,0.04296
650.0,0.04277
651.0,0.04257
652.0,0.04237
653.0,0.04218
654.0,0.04198
655.0,0.04179
656.0,0.04159
657.0,0.0414
658.0,0.0412
659.0,0.04101
660.0,0.04081
661.0,0.04071
662.0,0.04061
663.0,0.04051
664.0,0.04042
665.0,0.04032
666.0,0.04022
667.0,0.04012
668.0,0.04002
669.0,0.03993
670.0,0.03983
671.0,0.03983
672.0,0.03982
673.0,0.03982
674.0,0.03982
675.0,0.03982
676.0,0.03982
677.0,0.03982
678.0,0.03982
679.0,0.03982
680.0,0.03982
681.0,0.03981
682.0,0.03981
683.0,0.03981
684.0,0.03981
685.0,0.03981
686.0,0.03981
687.0,0.03978
688.0,0.03979
689.0,0.03979
690.0,0.03979
691.0,0.03999
692.0,0.04018
693.0,0.04038
694.0,0.04057
695.0,0.04077
696.0,0.04096
697.0,0.04116
698.0,0.04135
699.0,0.04154
700.0,0.04173
701.0,0.04222
702.0,0.0427
703.0,0.04319
704.0,0.04367
705.0,0.04416
706.0,0.04464
707.0,0.04512
708.0,0.04561
709.0,0.04609
710.0,0.04658
711.0,0.05007
712.0,0.05357
713.0,0.05706
714.0,0.06055
715.0,0.06404
716.0,0.06754
717.0,0.07102
718.0,0.0745
719.0,0.07799
720.0,0.08148
721.0,0.08596
722.0,0.09043
723.0,0.09489
724.0,0.09934
725.0,0.1038
726.0,0.1083
727.0,0.1127
728.0,0.1172
729.0,0.1217
730.0,0.1261
731.0,0.1312
732.0,0.1362
733.0,0.1413
734.0,0.1463
735.0,0.1514
736.0,0.1564
737.0,0.1615
738.0,0.1665
739.0,0.1716
740.0,0.1766
741.0,0.1822
742.0,0.1877
743.0,0.1932
744.0,0.1988
745.0,0.2043
746.0,0.2098
747.0,0.2154
748.0,0.2209
749.0,0.2264
750.0,0.232
751.0,0.2347
752.0,0.2374
753.0,0.2401
754.0,0.2428
755.0,0.2455
756.0,0.2482
757.0,0.251
758.0,0.2537
759.0,0.2564
760.0,0.2586
761.0,0.2612
762.0,0.2643
763.0,0.2668
764.0,0.2696
765.0,0.2724
766.0,0.2752
767.0,0.278
768.0,0.2808
769.0,0.2835
770.0,0.2862
771.0,0.2879
772.0,0.2895
773.0,0.2912
774.0,0.2928
775.0,0.2945
776.0,0.2961
777.0,0.2978
778.0,0.2994
779.0,0.3011
780.0,0.3027
781.0,0.3037
782.0,0.3046
783.0,0.3056
784.0,0.3066
785.0,0.3075
786.0,0.3085
787.0,0.3095
788.0,0.3104
789.0,0.3114
790.0,0.3123
791.0,0.3128
792.0,0.3133
793.0,0.3138
794.0,0.3143
795.0,0.3148
796.0,0.3152
797.0,0.3157
798.0,0.3162
799.0,0.3167
800.0,0.3171
801.0,0.3171
802.0,0.3171
803.0,0.3171
804.0,0.3171
805.0,0.3171
806.0,0.3171
807.0,0.3171
808.0,0.3171
809.0,0.3171
810.0,0.3171
811.0,0.3168
812.0,0.3165
813.0,0.3162
814.0,0.3158
815.0,0.3155
816.0,0.3152
817.0,0.3149
818.0,0.3146
819.0,0.3144
820.0,0.3141
821.0,0.3136
822.0,0.3131
823.0,0.3125
824.0,0.3121
825.0,0.3117
826.0,0.3112
827.0,0.3107
828.0,0.3101
829.0,0.3097
830.0,0.3092
831.0,0.3087
832.0,0.3082
833.0,0.3077
834.0,0.3072
835.0,0.3068
836.0,0.3063
837.0,0.3058
838.0,0.3053
839.0,0.3048
840.0,0.3043
841.0,0.3043
842.0,0.3043
843.0,0.3043
844.0,0.3043
845.0,0.3043
846.0,0.3043
847.0,0.3043
848.0,0.3043
849.0,0.3043
850.0,0.3043
851.0,0.3047
852.0,0.3051
853.0,0.3055
854.0,0.3058
855.0,0.3062
856.0,0.3066
857.0,0.307
858.0,0.3074
859.0,0.3078
860.0,0.3081
861.0,0.3086
862.0,0.3091
863.0,0.3096
864.0,0.3101
865.0,0.3106
866.0,0.311
867.0,0.3115
868.0,0.312
869.0,0.3125
870.0,0.313
871.0,0.3133
872.0,0.3137
873.0,0.3141
874.0,0.3145
875.0,0.3149
876.0,0.3153
877.0,0.3156
878.0,0.316
879.0,0.3164
880.0,0.3168
881.0,0.3168
882.0,0.3168
883.0,0.3168
884.0,0.3168
885.0,0.3168
886.0,0.3168
887.0,0.3168
888.0,0.3168
889.0,0.3168
890.0,0.3168
891.0,0.3167
892.0,0.3166
893.0,0.3165
894.0,0.3163
895.0,0.3162
896.0,0.3161
897.0,0.316
898.0,0.3159
899.0,0.3158
900.0,0.3157
901.0,0.3151
902.0,0.3145
903.0,0.3139
904.0,0.3134
905.0,0.3128
906.0,0.3122
907.0,0.3116
908.0,0.311
909.0,0.3105
910.0,0.3098
911.0,0.3093
912.0,0.3087
913.0,0.3081
914.0,0.3075
915.0,0.3069
916.0,0.3063
917.0,0.3058
918.0,0.3052
919.0,0.3046
920.0,0.304
921.0,0.3032
922.0,0.3023
923.0,0.3014
924.0,0.3005
925.0,0.2997
926.0,0.2988
927.0,0.2979
928.0,0.297
929.0,0.2961
930.0,0.2952
931.0,0.294
932.0,0.2928
933.0,0.2916
934.0,0.2904
935.0,0.2893
936.0,0.2881
937.0,0.287
938.0,0.2858
939.0,0.2847
940.0,0.2836
941.0,0.282
942.0,0.2805
943.0,0.2789
944.0,0.2773
945.0,0.2758
946.0,0.2742
947.0,0.2727
948.0,0.2711
949.0,0.2696
950.0,0.268
951.0,0.2668
952.0,0.2655
953.0,0.2643
954.0,0.263
955.0,0.2617
956.0,0.2605
957.0,0.2592
958.0,0.258
959.0,0.2567
960.0,0.2555
961.0,0.2549
962.0,0.2543
963.0,0.2537
964.0,0.2532
965.0,0.2526
966.0,0.252
967.0,0.2514
968.0,0.2509
969.0,0.2503
970.0,0.2497
971.0,0.2504
972.0,0.2511
973.0,0.2517
974.0,0.2524
975.0,0.2531
976.0,0.2537
977.0,0.2544
978.0,0.2551
979.0,0.2558
980.0,0.2565
981.0,0.2569
982.0,0.2572
983.0,0.2576
984.0,0.258
985.0,0.2584
986.0,0.2588
987.0,0.2592
988.0,0.2596
989.0,0.26
990.0,0.2603
991.0,0.2603
992.0,0.2603
993.0,0.2603
994.0,0.2603
995.0,0.2603
996.0,0.2603
997.0,0.2603
998.0,0.2603
999.0,0.2603
1000.0,0.2603
1001.0,0.2601
1002.0,0.2599
1003.0,0.2597
1004.0,0.2595
1005.0,0.2594
1006.0,0.2592
1007.0,0.259
1008.0,0.2588
1009.0,0.2586
1010.0,0.2584
1011.0,0.2581
1012.0,0.2578
1013.0,0.2575
1014.0,0.2572
1015.0,0.2569
1016.0,0.2566
1017.0,0.2563
1018.0,0.256
1019.0,0.2558
1020.0,0.2555
1021.0,0.2551
1022.0,0.2547
1023.0,0.2543
1024.0,0.2539
1025.0,0.2535
1026.0,0.2531
1027.0,0.2527
1028.0,0.2524
1029.0,0.252
1030.0,0.2516
1031.0,0.2512
1032.0,0.2508
1033.0,0.2504
1034.0,0.25
1035.0,0.2496
1036.0,0.2492
1037.0,0.2489
1038.0,0.2485
1039.0,0.2481
1040.0,0.2477
1041.0,0.2472
1042.0,0.2467
1043.0,0.2462
1044.0,0.2458
1045.0,0.2453
1046.0,0.2448
1047.0,0.2443
1048.0,0.2438
1049.0,0.2433
1050.0,0.2428
1051.0,0.2423
1052.0,0.2417
1053.0,0.2411
1054.0,0.2405
1055.0,0.2399
1056.0,0.2394
1057.0,0.2388
1058.0,0.2382
1059.0,0.2376
1060.0,0.237
1061.0,0.2362
1062.0,0.2355
1063.0,0.2347
1064.0,0.2339
1065.0,0.2331
1066.0,0.2324
1067.0,0.2316
1068.0,0.2308
1069.0,0.23
1070.0,0.2293
1071.0,0.2286
1072.0,0.2279
1073.0,0.2272
1074.0,0.2266
1075.0,0.2259
1076.0,0.2252
1077.0,0.2245
1078.0,0.2238
1079.0,0.2232
1080.0,0.2225
1081.0,0.2217
1082.0,0.2209
1083.0,0.2202
1084.0,0.2194
1085.0,0.2186
1086.0,0.2178
1087.0,0.2171
1088.0,0.2163
1089.0,0.2155
1090.0,0.2147
1091.0,0.2137
1092.0,0.2126
1093.0,0.2115
1094.0,0.2105
1095.0,0.2094
1096.0,0.2083
1097.0,0.2073
1098.0,0.2062
1099.0,0.2052
1100.0,0.2041
1101.0,0.2028
1102.0,0.2016
1103.0,0.2003
1104.0,0.199
1105.0,0.1978
1106.0,0.1965
1107.0,0.1953
1108.0,0.194
1109.0,0.1928
1110.0,0.1915
1111.0,0.19
1112.0,0.1886
1113.0,0.1871
1114.0,0.1857
1115.0,0.1842
1116.0,0.1828
1117.0,0.1813
1118.0,0.1799
1119.0,0.1784
1120.0,0.1769
1121.0,0.1752
1122.0,0.1734
1123.0,0.1717
1124.0,0.17
1125.0,0.1682
1126.0,0.1665
1127.0,0.1648
1128.0,0.163
1129.0,0.1613
1130.0,0.1595
1131.0,0.1576
1132.0,0.1557
1133.0,0.1537
1134.0,0.1518
1135.0,0.1498
1136.0,0.1479
1137.0,0.146
1138.0,0.1441
1139.0,0.1421
1140.0,0.1402
1141.0,0.1392
1142.0,0.1383
1143.0,0.1373
1144.0,0.1363
1145.0,0.1354
1146.0,0.1344
1147.0,0.1334
1148.0,0.1325
1149.0,0.1315
1150.0,0.1305
1151.0,0.1301
1152.0,0.1298
1153.0,0.1294
1154.0,0.129
1155.0,0.1286
1156.0,0.1282
1157.0,0.1278
1158.0,0.1274
1159.0,0.1271
1160.0,0.1267
1161.0,0.1264
1162.0,0.1261
1163.0,0.1258
1164.0,0.1255
1165.0,0.1252
1166.0,0.1249
1167.0,0.1246
1168.0,0.1244
1169.0,0.1241
1170.0,0.1238
1171.0,0.1237
1172.0,0.1236
1173.0,0.1235
1174.0,0.1234
1175.0,0.1233
1176.0,0.1232
1177.0,0.1231
1178.0,0.123
1179.0,0.1229
1180.0,0.1228
1181.0,0.1228
1182.0,0.1228
1183.0,0.1228
1184.0,0.1228
1185.0,0.1228
1186.0,0.1228
1187.0,0.1228
1188.0,0.1228
1189.0,0.1228
1190.0,0.1228
1191.0,0.1228
1192.0,0.1228
1193.0,0.1228
1194.0,0.1228
1195.0,0.1228
1196.0,0.1228
1197.0,0.1228
1198.0,0.1228
1199.0,0.1228
1200.0,0.1228
1201.0,0.1228
1202.0,0.1228
1203.0,0.1228
1204.0,0.1228
1205.0,0.1228
1206.0,0.1228
1207.0,0.1228
1208.0,0.1228
1209.0,0.1228
1210.0,0.1228
1211.0,0.1228
1212.0,0.1228
1213.0,0.1228
1214.0,0.1228
1215.0,0.1228
1216.0,0.1228
1217.0,0.1228
1218.0,0.1228
1219.0,0.1228
1220.0,0.1228
1221.0,0.1228
1222.0,0.1228
1223.0,0.1228
1224.0,0.1228
1225.0,0.1228
1226.0,0.1228
1227.0,0.1228
1228.0,0.1228
1229.0,0.1228
1230.0,0.1228
1231.0,0.1228
1232.0,0.1228
1233.0,0.1228
1234.0,0.1228
1235.0,0.1228
1236.0,0.1228
1237.0,0.1228
1238.0,0.1228
1239.0,0.1228
1240.0,0.1228
1241.0,0.1228
1242.0,0.1228
1243.0,0.1228
1244.0,0.1228
1245.0,0.1228
1246.0,0.1228
1247.0,0.1228
1248.0,0.1228
1249.0,0.1228
1250.0,0.1228
1251.0,0.1228
1252.0,0.1228
1253.0,0.1228
1254.0,0.1228
1255.0,0.1228
1256.0,0.1228
1257.0,0.1228
1258.0,0.1228
1259.0,0.1228
1260.0,0.1228
1261.0,0.1228
1262.0,0.1228
1263.0,0.1228
1264.0,0.1228
1265.0,0.1228
1266.0,0.1228
1267.0,0.1228
1268.0,0.1228
1269.0,0.1228
1270.0,0.1228
1271.0,0.1228
1272.0,0.1228
1273.0,0.1228
1274.0,0.1228
1275.0,0.1228
1276.0,0.1228
1277.0,0.1228
1278.0,0.1228
1279.0,0.1228
1280.0,0.1228
1281.0,0.1228
1282.0,0.1228
1283.0,0.1228
1284.0,0.1228
1285.0,0.1228
1286.0,0.1228
1287.0,0.1228
1288.0,0.1228
1289.0,0.1228
1290.0,0.1228
1291.0,0.1228
1292.0,0.1228
1293.0,0.1228
1294.0,0.1228
1295.0,0.1228
1296.0,0.1228
1297.0,0.1228
1298.0,0.1228
1299.0,0.1228
1300.0,0.1228
1301.0,0.1228
1302.0,0.1228
1303.0,0.1228
1304.0,0.1228
1305.0,0.1228
1306.0,0.1228
1307.0,0.1228
1308.0,0.1228
1309.0,0.1228
1310.0,0.1228
1311.0,0.1228
1312.0,0.1228
1313.0,0.1228
1314.0,0.1228
1315.0,0.1228
1316.0,0.1228
1317.0,0.1228
1318.0,0.1228
1319.0,0.1228
1320.0,0.1228
1321.0,0.1228
1322.0,0.1228
1323.0,0.1228
1324.0,0.1228
1325.0,0.1228
1326.0,0.1228
1327.0,0.1228
1328.0,0.1228
1329.0,0.1228
1330.0,0.1228
1331.0,0.1228
1332.0,0.1228
1333.0,0.1228
1334.0,0.1228
1335.0,0.1228
1336.0,0.1228
1337.0,0.1228
1338.0,0.1228
1339.0,0.1228
1340.0,0.1228
1341.0,0.1228
1342.0,0.1228
1343.0,0.1228
1344.0,0.1228
1345.0,0.1228
1346.0,0.1228
1347.0,0.1228
1348.0,0.1227
1349.0,0.1227
1350.0,0.1228
1351.0,0.1227
1352.0,0.1227
1353.0,0.1227
1354.0,0.1227
1355.0,0.1227
1356.0,0.1227
1357.0,0.1227
1358.0,0.1227
1359.0,0.1227
1360.0,0.1227
1361.0,0.1227
1362.0,0.1227
1363.0,0.1227
1364.0,0.1227
1365.0,0.1227
1366.0,0.1227
1367.0,0.1227
1368.0,0.1227
1369.0,0.1227
1370.0,0.1227
1371.0,0.1227
1372.0,0.1227
1373.0,0.1227
1374.0,0.1227
1375.0,0.1227
1376.0,0.1227
1377.0,0.1227
1378.0,0.1227
1379.0,0.1227
1380.0,0.1227
1381.0,0.1227
1382.0,0.1227
1383.0,0.1227
1384.0,0.1227
1385.0,0.1227
1386.0,0.1227
1387.0,0.1227
1388.0,0.1227
1389.0,0.1227
1390.0,0.1227
1391.0,0.1227
1392.0,0.1227
1393.0,0.1227
1394.0,0.1227
1395.0,0.1227
1396.0,0.1227
1397.0,0.1227
1398.0,0.1227
1399.0,0.1227
1400.0,0.1227
1401.0,0.1227
1402.0,0.1227
1403.0,0.1227
1404.0,0.1227
1405.0,0.1227
1406.0,0.1227
1407.0,0.1227
1408.0,0.1227
1409.0,0.1227
1410.0,0.1227
1411.0,0.1227
1412.0,0.1227
1413.0,0.1227
1414.0,0.1227
1415.0,0.1227
1416.0,0.1228
1417.0,0.1227
1418.0,0.1227
1419.0,0.1227
1420.0,0.1227
1421.0,0.1227
1422.0,0.1228
1423.0,0.1227
1424.0,0.1227
1425.0,0.1227
1426.0,0.1228
1427.0,0.1228
1428.0,0.1227
1429.0,0.1228
1430.0,0.1228
1431.0,0.1228
1432.0,0.1227
1433.0,0.1228
1434.0,0.1228
1435.0,0.1227
1436.0,0.1228
1437.0,0.1228
1438.0,0.1227
1439.0,0.1228
1440.0,0.1228
1441.0,0.1228
1442.0,0.1228
1443.0,0.1228
1444.0,0.1228
1445.0,0.1228
1446.0,0.1228
1447.0,0.1228
1448.0,0.1228
1449.0,0.1228
1450.0,0.1228
1451.0,0.1227
1452.0,0.1228
1453.0,0.1228
1454.0,0.1228
1455.0,0.1228
1456.0,0.1228
1457.0,0.1228
1458.0,0.1228
1459.0,0.1228
1460.0,0.1228
1461.0,0.1228
1462.0,0.1228
1463.0,0.1228
1464.0,0.1228
1465.0,0.1228
1466.0,0.1228
1467.0,0.1228
1468.0,0.1228
1469.0,0.1228
1470.0,0.1228
1471.0,0.1227
1472.0,0.1228
1473.0,0.1228
1474.0,0.1228
1475.0,0.1228
1476.0,0.1228
1477.0,0.1228
1478.0,0.1228
1479.0,0.1228
1480.0,0.1228
1481.0,0.1228
1482.0,0.1228
1483.0,0.1228
1484.0,0.1228
1485.0,0.1228
1486.0,0.1228
1487.0,0.1228
1488.0,0.1228
1489.0,0.1228
1490.0,0.1228
1491.0,0.1228
1492.0,0.1228
1493.0,0.1228
1494.0,0.1228
1495.0,0.1228
1496.0,0.1228
1497.0,0.1228
1498.0,0.1228
1499.0,0.1228
1500.0,0.1228
1501.0,0.1228
1502.0,0.1228
1503.0,0.1228
1504.0,0.1228
1505.0,0.1228
1506.0,0.1228
1507.0,0.1228
1508.0,0.1228
1509.0,0.1228
1510.0,0.1228
1511.0,0.1228
1512.0,0.1228
1513.0,0.1228
1514.0,0.1228
1515.0,0.1228
1516.0,0.1228
1517.0,0.1228
1518.0,0.1228
1519.0,0.1228
1520.0,0.1228
1521.0,0.1228
1522.0,0.1228
1523.0,0.1228
1524.0,0.1228
1525.0,0.1228
1526.0,0.1228
1527.0,0.1228
1528.0,0.1228
1529.0,0.1228
1530.0,0.1228
1531.0,0.1228
1532.0,0.1228
1533.0,0.1228
1534.0,0.1228
1535.0,0.1228
1536.0,0.1228
1537.0,0.1228
1538.0,0.1228
1539.0,0.1228
1540.0,0.1228
1541.0,0.1228
1542.0,0.1228
1543.0,0.1228
1544.0,0.1228
1545.0,0.1228
1546.0,0.1228
1547.0,0.1228
1548.0,0.1228
1549.0,0.1228
1550.0,0.1228
1551.0,0.1228
1552.0,0.1228
1553.0,0.1228
1554.0,0.1228
1555.0,0.1228
1556.0,0.1228
1557.0,0.1228
1558.0,0.1228
1559.0,0.1228
1560.0,0.1228
1561.0,0.1228
1562.0,0.1228
1563.0,0.1228
1564.0,0.1228
1565.0,0.1228
1566.0,0.1228
1567.0,0.1228
1568.0,0.1228
1569.0,0.1228
1570.0,0.1228
1571.0,0.1228
1572.0,0.1228
1573.0,0.1228
1574.0,0.1228
1575.0,0.1228
1576.0,0.1228
1577.0,0.1228
1578.0,0.1228
1579.0,0.1228
1580.0,0.1228
1581.0,0.1228
1582.0,0.1228
1583.0,0.1228
1584.0,0.1228
1585.0,0.1228
1586.0,0.1228
1587.0,0.1228
1588.0,0.1228
1589.0,0.1228
1590.0,0.1228
1591.0,0.1228
1592.0,0.1228
1593.0,0.1228
1594.0,0.1228
1595.0,0.1228
1596.0,0.1228
1597.0,0.1228
1598.0,0.1228
1599.0,0.1228
1600.0,0.1228
1601.0,0.1228
1602.0,0.1228
1603.0,0.1228
1604.0,0.1228
1605.0,0.1228
1606.0,0.1228
1607.0,0.1228
1608.0,0.1228
1609.0,0.1228
1610.0,0.1228
1611.0,0.1228
1612.0,0.1228
1613.0,0.1228
1614.0,0.1228
1615.0,0.1228
1616.0,0.1228
1617.0,0.1228
1618.0,0.1228
1619.0,0.1228
1620.0,0.1228
1621.0,0.1228
1622.0,0.1228
1623.0,0.1228
1624.0,0.1228
1625.0,0.1228
1626.0,0.1228
1627.0,0.1228
1628.0,0.1228
1629.0,0.1228
1630.0,0.1228
1631.0,0.1228
1632.0,0.1228
1633.0,0.1228
1634.0,0.1228
1635.0,0.1228
1636.0,0.1228
1637.0,0.1228
1638.0,0.1228
1639.0,0.1228
1640.0,0.1228
1641.0,0.1228
1642.0,0.1228
1643.0,0.1228
1644.0,0.1228
1645.0,0.1228
1646.0,0.1228
1647.0,0.1228
1648.0,0.1228
1649.0,0.1228
1650.0,0.1228
1651.0,0.1228
1652.0,0.1228
1653.0,0.1228
1654.0,0.1228
1655.0,0.1228
1656.0,0.1228
1657.0,0.1228
1658.0,0.1228
1659.0,0.1228
1660.0,0.1228
1661.0,0.1228
1662.0,0.1228
1663.0,0.1228
1664.0,0.1228
1665.0,0.1228
1666.0,0.1228
1667.0,0.1228
1668.0,0.1228
1669.0,0.1228
1670.0,0.1228
1671.0,0.1228
1672.0,0.1228
1673.0,0.1228
1674.0,0.1228
1675.0,0.1228
1676.0,0.1228
1677.0,0.1228
1678.0,0.1228
1679.0,0.1228
1680.0,0.1228
1681.0,0.1228
1682.0,0.1228
1683.0,0.1228
1684.0,0.1228
1685.0,0.1228
1686.0,0.1228
1687.0,0.1228
1688.0,0.1228
1689.0,0.1228
1690.0,0.1228
1691.0,0.1228
1692.0,0.1228
1693.0,0.1228
1694.0,0.1228
1695.0,0.1228
1696.0,0.1228
1697.0,0.1228
1698.0,0.1228
1699.0,0.1228
1700.0,0.1228
1702.0,0.1228
1705.0,0.1228
1710.0,0.1228
1715.0,0.1228
1720.0,0.1228
1725.0,0.1228
1730.0,0.1228
1735.0,0.1228
1740.0,0.1228
1745.0,0.1228
1750.0,0.1228
1755.0,0.1227
1760.0,0.1227
1765.0,0.1227
1770.0,0.1227
1775.0,0.1227
1780.0,0.1227
1785.0,0.1227
1790.0,0.1227
1795.0,0.1227
1800.0,0.1227
1805.0,0.1227
1810.0,0.1227
1815.0,0.1227
1820.0,0.1227
1825.0,0.1227
1830.0,0.1227
1835.0,0.1227
1840.0,0.1227
1845.0,0.1227
1850.0,0.1227
1855.0,0.1227
1860.0,0.1227
1865.0,0.1227
1870.0,0.1227
1875.0,0.1227
1880.0,0.1227
1885.0,0.1227
1890.0,0.1227
1895.0,0.1227
1900.0,0.1227
1905.0,0.1227
1910.0,0.1227
1915.0,0.1227
1920.0,0.1227
1925.0,0.1227
1930.0,0.1227
1935.0,0.1227
1940.0,0.1227
1945.0,0.1227
1950.0,0.1227
1955.0,0.1227
1960.0,0.1227
1965.0,0.1227
1970.0,0.1227
1975.0,0.1227
1980.0,0.1227
1985.0,0.1227
1990.0,0.1227
1995.0,0.1227
2000.0,0.1227
2005.0,0.1227
2010.0,0.1227
2015.0,0.1227
2020.0,0.1227
2025.0,0.1227
2030.0,0.1227
2035.0,0.1227
2040.0,0.1227
2045.0,0.1227
2050.0,0.1227
2055.0,0.1227
2060.0,0.1227
2065.0,0.1227
2070.0,0.1227
2075.0,0.1227
2080.0,0.1227
2085.0,0.1227
2090.0,0.1227
2095.0,0.1227
2100.0,0.1227
2105.0,0.1227
2110.0,0.1227
2115.0,0.1227
2120.0,0.1227
2125.0,0.1227
2130.0,0.1227
2135.0,0.1227
2140.0,0.1227
2145.0,0.1227
2150.0,0.1227
2155.0,0.1227
2160.0,0.1227
2165.0,0.1227
2170.0,0.1227
2175.0,0.1227
2180.0,0.1227
2185.0,0.1227
2190.0,0.1227
2195.0,0.1227
2200.0,0.1227
2205.0,0.1227
2210.0,0.1227
2215.0,0.1227
2220.0,0.1227
2225.0,0.1227
2230.0,0.1227
2235.0,0.1227
2240.0,0.1227
2245.0,0.1227
2250.0,0.1227
2255.0,0.1227
2260.0,0.1227
2265.0,0.1227
2270.0,0.1227
2275.0,0.1227
2280.0,0.1227
2285.0,0.1227
2290.0,0.1227
2295.0,0.1227
2300.0,0.1227
2305.0,0.1227
2310.0,0.1227
2315.0,0.1227
2320.0,0.1227
2325.0,0.1227
2330.0,0.1227
2335.0,0.1227
2340.0,0.1227
2345.0,0.1227
2350.0,0.1227
2355.0,0.1227
2360.0,0.1227
2365.0,0.1227
2370.0,0.1227
2375.0,0.1227
2380.0,0.1227
2385.0,0.1227
2390.0,0.1227
2395.0,0.1227
2400.0,0.1227
2405.0,0.1227
2410.0,0.1227
2415.0,0.1227
2420.0,0.1227
2425.0,0.1227
2430.0,0.1227
2435.0,0.1227
2440.0,0.1227
2445.0,0.1227
2450.0,0.1227
2455.0,0.1227
2460.0,0.1227
2465.0,0.1227
2470.0,0.1227
2475.0,0.1227
2480.0,0.1227
2485.0,0.1227
2490.0,0.1227
2495.0,0.1227
2500.0,0.1227
2505.0,0.1227
2510.0,0.1227
2515.0,0.1227
2520.0,0.1227
2525.0,0.1227
2530.0,0.1227
2535.0,0.1227
2540.0,0.1227
2545.0,0.1227
2550.0,0.1227
2555.0,0.1227
2560.0,0.1227
2565.0,0.1227
2570.0,0.1227
2575.0,0.1482
2580.0,0.1227
2585.0,0.1482
2590.0,0.1482
2595.0,0.1482
2600.0,0.1482
2605.0,0.1482
2610.0,0.1482
2615.0,0.1482
2620.0,0.1482
2625.0,0.1482
2630.0,0.1482
2635.0,0.1227
2640.0,0.1227
2645.0,0.1227
2650.0,0.1227
2655.0,0.1482
2660.0,0.1482
2665.0,0.1482
2670.0,0.1482
2675.0,0.1482
2680.0,0.1482
2685.0,0.1482
2690.0,0.1482
2695.0,0.1482
2700.0,0.1227
2705.0,0.1227
2710.0,0.1482
2715.0,0.1227
2720.0,0.1482
2725.0,0.1227
2730.0,0.1227
2735.0,0.1227
2740.0,0.1482
2745.0,0.1227
2750.0,0.1227
2755.0,0.1227
2760.0,0.1227
2765.0,0.1227
2770.0,0.1227
2775.0,0.1227
2780.0,0.1227
2785.0,0.1227
2790.0,0.1227
2795.0,0.1227
2800.0,0.1227
2805.0,0.1227
2810.0,0.1227
2815.0,0.1227
2820.0,0.1227
2825.0,0.1227
2830.0,0.1227
2835.0,0.1227
2840.0,0.1227
2845.0,0.1227
2850.0,0.1227
2855.0,0.1227
2860.0,0.1227
2865.0,0.1227
2870.0,0.1227
2875.0,0.1227
2880.0,0.1227
2885.0,0.1227
2890.0,0.1227
2895.0,0.1227
2900.0,0.1227
2905.0,0.1227
2910.0,0.1227
2915.0,0.1227
2920.0,0.1227
2925.0,0.1227
2930.0,0.1227
2935.0,0.1227
2940.0,0.1227
2945.0,0.1227
2950.0,0.1227
2955.0,0.1227
2960.0,0.1227
2965.0,0.1227
2970.0,0.1227
2975.0,0.1227
2980.0,0.1227
2985.0,0.1227
2990.0,0.1227
2995.0,0.1227
3000.0,0.1227
3005.0,0.1227
3010.0,0.1227
3015.0,0.1227
3020.0,0.1227
3025.0,0.1227
3030.0,0.1227
3035.0,0.1227
3040.0,0.1227
3045.0,0.1227
3050.0,0.1227
3055.0,0.1227
3060.0,0.1227
3065.0,0.1227
3070.0,0.1227
3075.0,0.1227
3080.0,0.1227
3085.0,0.1227
3090.0,0.1227
3095.0,0.1227
3100.0,0.1227
3105.0,0.1227
3110.0,0.1227
3115.0,0.1227
3120.0,0.1227
3125.0,0.1227
3130.0,0.1227
3135.0,0.1227
3140.0,0.1227
3145.0,0.1227
3150.0,0.1227
3155.0,0.1227
3160.0,0.1227
3165.0,0.1227
3170.0,0.1227
3175.0,0.1227
3180.0,0.1227
3185.0,0.1227
3190.0,0.1227
3195.0,0.1227
3200.0,0.1227
3205.0,0.1227
3210.0,0.1227
3215.0,0.1227
3220.0,0.1227
3225.0,0.1227
3230.0,0.1227
3235.0,0.1227
3240.0,0.1227
3245.0,0.1227
3250.0,0.1227
3255.0,0.1227
3260.0,0.1227
3265.0,0.1227
3270.0,0.1227
3275.0,0.1227
3280.0,0.1227
3285.0,0.1227
3290.0,0.1227
3295.0,0.1227
3300.0,0.1227
3305.0,0.1227
3310.0,0.1227
3315.0,0.1227
3320.0,0.1227
3325.0,0.1227
3330.0,0.1227
3335.0,0.1227
3340.0,0.1227
3345.0,0.1227
3350.0,0.1227
3355.0,0.1227
3360.0,0.1227
3365.0,0.1227
3370.0,0.1227
3375.0,0.1227
3380.0,0.1227
3385.0,0.1227
3390.0,0.1227
3395.0,0.1227
3400.0,0.1227
3405.0,0.1227
3410.0,0.1227
3415.0,0.1227
3420.0,0.1227
3425.0,0.1227
3430.0,0.1227
3435.0,0.1227
3440.0,0.1227
3445.0,0.1227
3450.0,0.1227
3455.0,0.1227
3460.0,0.1227
3465.0,0.1227
3470.0,0.1227
3475.0,0.1227
3480.0,0.1227
3485.0,0.1227
3490.0,0.1227
3495.0,0.1227
3500.0,0.1227
3505.0,0.1227
3510.0,0.1227
3515.0,0.1227
3520.0,0.1227
3525.0,0.1227
3530.0,0.1227
3535.0,0.1227
3540.0,0.1227
3545.0,0.1227
3550.0,0.1227
3555.0,0.1227
3560.0,0.1227
3565.0,0.1227
3570.0,0.1227
3575.0,0.1227
3580.0,0.1227
3585.0,0.1227
3590.0,0.1227
3595.0,0.1227
3600.0,0.1227
3605.0,0.1227
3610.0,0.1227
3615.0,0.1227
3620.0,0.1227
3625.0,0.1227
3630.0,0.1227
3635.0,0.1227
3640.0,0.1227
3645.0,0.1227
3650.0,0.1227
3655.0,0.1227
3660.0,0.1227
3665.0,0.1227
3670.0,0.1227
3675.0,0.1227
3680.0,0.1227
3685.0,0.1227
3690.0,0.1227
3695.0,0.1227
3700.0,0.1227
3705.0,0.1227
3710.0,0.1227
3715.0,0.1227
3720.0,0.1227
3725.0,0.1227
3730.0,0.1227
3735.0,0.1227
3740.0,0.1227
3745.0,0.1227
3750.0,0.1227
3755.0,0.1227
3760.0,0.1227
3765.0,0.1227
3770.0,0.1227
3775.0,0.1227
3780.0,0.1227
3785.0,0.1227
3790.0,0.1227
3795.0,0.1227
3800.0,0.1227
3805.0,0.1227
3810.0,0.1227
3815.0,0.1227
3820.0,0.1227
3825.0,0.1227
3830.0,0.1227
3835.0,0.1227
3840.0,0.1227
3845.0,0.1227
3850.0,0.1227
3855.0,0.1227
3860.0,0.1227
3865.0,0.1227
3870.0,0.1227
3875.0,0.1227
3880.0,0.1227
3885.0,0.1227
3890.0,0.1227
3895.0,0.1227
3900.0,0.1227
3905.0,0.1227
3910.0,0.1227
3915.0,0.1227
3920.0,0.1227
3925.0,0.1227
3930.0,0.1227
3935.0,0.1227
3940.0,0.1227
3945.0,0.1227
3950.0,0.1227
3955.0,0.1227
3960.0,0.1227
3965.0,0.1227
3970.0,0.1227
3975.0,0.1227
3980.0,0.1227
3985.0,0.1227
3990.0,0.1227
3995.0,0.1227
4000.0,0.1227
