interpolation:linear
wavelength,value
280.0,1.886e-23
280.5,6.454999999999999e-22
281.0,3.509e-21
281.5,1.16e-19
282.0,4.57e-19
282.5,1.091e-18
283.0,3.418e-18
283.5,5.561e-18
284.0,9.33e-17
284.5,2.755e-16
285.0,1.385e-15
285.5,4.065e-15
286.0,1.505e-14
286.5,6.1e-14
287.0,1.674e-13
287.5,6.224e-13
288.0,1.744e-12
288.5,4.855e-12
289.0,1.235e-11
289.5,3.623e-11
290.0,9.918e-11
290.5,2.006e-10
291.0,4.282e-10
291.5,1.226e-09
292.0,2.398e-09
292.5,3.295e-09
293.0,6.909e-09
293.5,1.641e-08
294.0,2.526e-08
294.5,2.315e-08
295.0,3.9e-08
295.5,6.696e-08
296.0,1.234e-07
296.5,1.646e-07
297.0,2.137e-07
297.5,5.371e-07
298.0,7.978e-07
298.5,7.651e-07
299.0,1.607e-06
299.5,2.44e-06
300.0,2.546e-06
300.5,3.489e-06
301.0,5.756e-06
301.5,8.409e-06
302.0,6.872e-06
302.5,1.334e-05
303.0,2.145e-05
303.5,2.543e-05
304.0,2.338e-05
304.5,3.337e-05
305.0,4.874e-05
305.5,5.523e-05
306.0,5.335e-05
306.5,6.644e-05
307.0,9.99e-05
307.5,0.0001365
308.0,0.000145
308.5,0.0001745
309.0,0.0001408
309.5,0.0001938
310.0,0.0002126
310.5,0.00036
311.0,0.0004865
311.5,0.000485
312.0,0.0005721
312.5,0.0007791
313.0,0.0008971
313.5,0.0008238
314.0,0.001183
314.5,0.001267
315.0,0.001723
315.5,0.001312
316.0,0.00134
316.5,0.00221
317.0,0.002736
317.5,0.002735
318.0,0.002347
318.5,0.003516
319.0,0.004596
319.5,0.003206
320.0,0.003783
320.5,0.005756
321.0,0.006147
321.5,0.006001
322.0,0.005257
322.5,0.004617
323.0,0.005218
323.5,0.01004
324.0,0.01218
324.5,0.01118
325.0,0.006706
325.5,0.009582
326.0,0.01725
326.5,0.0195
327.0,0.01858
327.5,0.01693
328.0,0.01271
328.5,0.01638
329.0,0.02283
329.5,0.02709
330.0,0.02634
330.5,0.01875
331.0,0.01833
331.5,0.02034
332.0,0.02485
332.5,0.02595
333.0,0.02507
333.5,0.02072
334.0,0.0209
334.5,0.02671
335.0,0.02659
335.5,0.03238
336.0,0.0224
336.5,0.02443
337.0,0.0192
337.5,0.02349
338.0,0.02492
338.5,0.03033
339.0,0.03019
339.5,0.02892
340.0,0.03228
340.5,0.02933
341.0,0.02994
341.5,0.02778
342.0,0.0333
342.5,0.03124
343.0,0.03412
343.5,0.03197
344.0,0.02254
344.5,0.02365
345.0,0.03169
345.5,0.03252
346.0,0.02774
346.5,0.03147
347.0,0.03358
347.5,0.02709
348.0,0.0311
348.5,0.03121
349.0,0.029
349.5,0.02869
350.0,0.0355
350.5,0.03743
351.0,0.03331
351.5,0.03208
352.0,0.03464
352.5,0.02715
353.0,0.03429
353.5,0.03673
354.0,0.03818
354.5,0.03871
355.0,0.03852
355.5,0.03483
356.0,0.03647
356.5,0.03114
357.0,0.02572
357.5,0.03149
358.0,0.02497
358.5,0.02134
359.0,0.02982
359.5,0.0379
360.0,0.0402
360.5,0.03216
361.0,0.02934
361.5,0.0338
362.0,0.02924
362.5,0.04047
363.0,0.03634
363.5,0.03347
364.0,0.04093
364.5,0.03497
365.0,0.0356
365.5,0.04468
366.0,0.04734
366.5,0.04448
367.0,0.04332
367.5,0.04495
368.0,0.03932
368.5,0.03966
369.0,0.04282
369.5,0.04564
370.0,0.04865
370.5,0.03776
371.0,0.04034
371.5,0.05046
372.0,0.03348
372.5,0.04014
373.0,0.04082
373.5,0.02655
374.0,0.03858
374.5,0.03194
375.0,0.03104
375.5,0.04634
376.0,0.0384
376.5,0.03979
377.0,0.04212
377.5,0.04927
378.0,0.05339
378.5,0.05045
379.0,0.04162
379.5,0.03801
380.0,0.03951
380.5,0.04784
381.0,0.04793
381.5,0.03798
382.0,0.03372
382.5,0.02874
383.0,0.0266
383.5,0.02562
384.0,0.02825
384.5,0.04154
385.0,0.04118
385.5,0.03834
386.0,0.03283
386.5,0.04311
387.0,0.03581
387.5,0.04021
388.0,0.03711
388.5,0.03668
389.0,0.03958
389.5,0.04792
390.0,0.04807
390.5,0.04423
391.0,0.05204
391.5,0.05307
392.0,0.04468
392.5,0.03999
393.0,0.02224
393.5,0.01616
394.0,0.03288
394.5,0.04178
395.0,0.05097
395.5,0.05175
396.0,0.04485
396.5,0.02621
397.0,0.01967
397.5,0.03998
398.0,0.05597
398.5,0.05782
399.0,0.06259
399.5,0.06236
400.0,0.06472
401.0,0.06385
402.0,0.06729
403.0,0.06386
404.0,0.06281
405.0,0.06273
406.0,0.06164
407.0,0.06055
408.0,0.0628
409.0,0.06711
410.0,0.05857
411.0,0.06336
412.0,0.06798
413.0,0.06623
414.0,0.06695
415.0,0.067
416.0,0.06805
417.0,0.06625
418.0,0.06492
419.0,0.0657
420.0,0.06531
421.0,0.06819
422.0,0.06466
423.0,0.06299
424.0,0.06644
425.0,0.06617
426.0,0.06434
427.0,0.06305
428.0,0.06136
429.0,0.05804
430.0,0.0507
431.0,0.05012
432.0,0.06452
433.0,0.06471
434.0,0.05997
435.0,0.06253
436.0,0.07033
437.0,0.06921
438.0,0.06281
439.0,0.06469
440.0,0.0665
441.0,0.06862
442.0,0.07333
443.0,0.07124
444.0,0.07268
445.0,0.07104
446.0,0.06776
447.0,0.07312
448.0,0.07401
449.0,0.074
450.0,0.07576
451.0,0.07833
452.0,0.07531
453.0,0.07069
454.0,0.07363
455.0,0.07376
456.0,0.07519
457.0,0.07602
458.0,0.07298
459.0,0.07213
460.0,0.07188
461.0,0.07317
462.0,0.07353
463.0,0.07295
464.0,0.07176
465.0,0.07084
466.0,0.0714
467.0,0.06984
468.0,0.07029
469.0,0.07026
470.0,0.06772
471.0,0.06743
472.0,0.07087
473.0,0.06975
474.0,0.06956
475.0,0.06975
476.0,0.06716
477.0,0.06681
478.0,0.0681
479.0,0.06708
480.0,0.06663
481.0,0.06735
482.0,0.06736
483.0,0.06638
484.0,0.06496
485.0,0.0619
486.0,0.05411
487.0,0.05661
488.0,0.06187
489.0,0.06173
490.0,0.06457
491.0,0.06311
492.0,0.05933
493.0,0.06104
494.0,0.06142
495.0,0.06169
496.0,0.06172
497.0,0.06223
498.0,0.05879
499.0,0.05895
500.0,0.05665
501.0,0.05502
502.0,0.05363
503.0,0.05523
504.0,0.0533
505.0,0.0549
506.0,0.05644
507.0,0.05358
508.0,0.05186
509.0,0.05327
510.0,0.05292
511.0,0.05418
512.0,0.05453
513.0,0.05133
514.0,0.05066
515.0,0.04983
516.0,0.04941
517.0,0.04366
518.0,0.04565
519.0,0.04761
520.0,0.04902
521.0,0.04913
522.0,0.04878
523.0,0.04758
524.0,0.04881
525.0,0.04888
526.0,0.04625
527.0,0.04311
528.0,0.04513
529.0,0.04714
530.0,0.04606
531.0,0.04635
532.0,0.04444
533.0,0.0429
534.0,0.04397
535.0,0.04477
536.0,0.04504
537.0,0.0431
538.0,0.04367
539.0,0.04306
540.0,0.04102
541.0,0.04099
542.0,0.04194
543.0,0.0412
544.0,0.04161
545.0,0.04123
546.0,0.04115
547.0,0.0409
548.0,0.04019
549.0,0.0401
550.0,0.04035
551.0,0.03964
552.0,0.03968
553.0,0.03874
554.0,0.03941
555.0,0.03922
556.0,0.03843
557.0,0.03694
558.0,0.03633
559.0,0.03531
560.0,0.03541
561.0,0.03553
562.0,0.03493
563.0,0.03555
564.0,0.03431
565.0,0.03375
566.0,0.03303
567.0,0.0334
568.0,0.03282
569.0,0.03174
570.0,0.03149
571.0,0.03107
572.0,0.03154
573.0,0.03167
574.0,0.03139
575.0,0.03065
576.0,0.03026
577.0,0.0305
578.0,0.02998
579.0,0.03006
580.0,0.03061
581.0,0.03075
582.0,0.03128
583.0,0.0313
584.0,0.03149
585.0,0.03062
586.0,0.02987
587.0,0.03037
588.0,0.02941
589.0,0.02576
590.0,0.02679
591.0,0.02826
592.0,0.02763
593.0,0.02787
594.0,0.02741
595.0,0.02641
596.0,0.02736
597.0,0.02676
598.0,0.02648
599.0,0.02629
600.0,0.02615
601.0,0.02579
602.0,0.02548
603.0,0.02581
604.0,0.02616
605.0,0.02597
606.0,0.02583
607.0,0.02607
608.0,0.02578
609.0,0.02583
610.0,0.02565
611.0,0.0258
612.0,0.02573
613.0,0.02541
614.0,0.02506
615.0,0.0256
616.0,0.02474
617.0,0.02467
618.0,0.0256
619.0,0.0253
620.0,0.02541
621.0,0.02538
622.0,0.02503
623.0,0.02459
624.0,0.02409
625.0,0.02398
626.0,0.02427
627.0,0.02446
628.0,0.02239
629.0,0.02362
630.0,0.02301
631.0,0.02362
632.0,0.02332
633.0,0.02404
634.0,0.02382
635.0,0.02418
636.0,0.02385
637.0,0.02423
638.0,0.02447
639.0,0.02419
640.0,0.02394
641.0,0.02391
642.0,0.02379
643.0,0.02408
644.0,0.02398
645.0,0.02395
646.0,0.02329
647.0,0.02284
648.0,0.02284
649.0,0.0223
650.0,0.02252
651.0,0.02347
652.0,0.0223
653.0,0.02306
654.0,0.02276
655.0,0.02178
656.0,0.01931
657.0,0.0198
658.0,0.02219
659.0,0.02232
660.0,0.02237
661.0,0.02252
662.0,0.02253
663.0,0.02203
664.0,0.02225
665.0,0.02223
666.0,0.02221
667.0,0.02216
668.0,0.02214
669.0,0.02244
670.0,0.02229
671.0,0.02224
672.0,0.02202
673.0,0.02232
674.0,0.02218
675.0,0.02193
676.0,0.02203
677.0,0.02177
678.0,0.02178
679.0,0.02138
680.0,0.02149
681.0,0.02128
682.0,0.02118
683.0,0.02106
684.0,0.02088
685.0,0.021
686.0,0.0208
687.0,0.01279
688.0,0.0151
689.0,0.01512
690.0,0.01593
691.0,0.01692
692.0,0.0177
693.0,0.01752
694.0,0.01741
695.0,0.01827
696.0,0.01826
697.0,0.01956
698.0,0.01919
699.0,0.0185
700.0,0.01822
701.0,0.01789
702.0,0.01802
703.0,0.01804
704.0,0.01865
705.0,0.01859
706.0,0.01853
707.0,0.0185
708.0,0.01846
709.0,0.01849
710.0,0.01837
711.0,0.01831
712.0,0.01823
713.0,0.01793
714.0,0.01794
715.0,0.01722
716.0,0.01715
717.0,0.01433
718.0,0.0131
719.0,0.01191
720.0,0.0124
721.0,0.01386
722.0,0.01611
723.0,0.01479
724.0,0.01311
725.0,0.01283
726.0,0.0134
727.0,0.01363
728.0,0.01265
729.0,0.01321
730.0,0.01389
731.0,0.01321
732.0,0.01425
733.0,0.01517
734.0,0.01554
735.0,0.01511
736.0,0.01501
737.0,0.01501
738.0,0.01534
739.0,0.01498
740.0,0.01535
741.0,0.01515
742.0,0.01513
743.0,0.01545
744.0,0.01535
745.0,0.0153
746.0,0.0153
747.0,0.01527
748.0,0.01517
749.0,0.01494
750.0,0.01488
751.0,0.01469
752.0,0.01471
753.0,0.01474
754.0,0.01473
755.0,0.01459
756.0,0.01454
757.0,0.0145
758.0,0.01426
759.0,0.01379
760.0,0.002171
761.0,0.001157
762.0,0.006377
763.0,0.003231
764.0,0.004778
765.0,0.006294
766.0,0.007715
767.0,0.009883
768.0,0.01178
769.0,0.01213
770.0,0.01269
771.0,0.01283
772.0,0.01283
773.0,0.01286
774.0,0.01273
775.0,0.01257
776.0,0.01266
777.0,0.01242
778.0,0.01228
779.0,0.01223
780.0,0.01211
781.0,0.01208
782.0,0.01212
783.0,0.01187
784.0,0.0119
785.0,0.01177
786.0,0.01185
787.0,0.01152
788.0,0.0113
789.0,0.01127
790.0,0.01084
791.0,0.01098
792.0,0.01087
793.0,0.01065
794.0,0.01088
795.0,0.011
796.0,0.01048
797.0,0.01043
798.0,0.01083
799.0,0.0107
800.0,0.01043
801.0,0.01032
802.0,0.01023
803.0,0.01009
804.0,0.01008
805.0,0.01004
806.0,0.01035
807.0,0.01016
808.0,0.01011
809.0,0.009814
810.0,0.009663
811.0,0.009582
812.0,0.009149
813.0,0.008905
814.0,0.00764
815.0,0.007573
816.0,0.006966
817.0,0.00706
818.0,0.006746
819.0,0.007619
820.0,0.007128
821.0,0.008535
822.0,0.008215
823.0,0.005298
824.0,0.007845
825.0,0.008297
826.0,0.007857
827.0,0.008361
828.0,0.006839
829.0,0.007754
830.0,0.00762
831.0,0.007609
832.0,0.007305
833.0,0.00785
834.0,0.007499
835.0,0.008378
836.0,0.007849
837.0,0.008324
838.0,0.007981
839.0,0.008114
840.0,0.008275
841.0,0.008089
842.0,0.008116
843.0,0.008133
844.0,0.007957
845.0,0.008218
846.0,0.008156
847.0,0.007979
848.0,0.007866
849.0,0.007603
850.0,0.007246
851.0,0.007603
852.0,0.007522
853.0,0.007221
854.0,0.006193
855.0,0.006801
856.0,0.007397
857.0,0.007552
858.0,0.007464
859.0,0.007455
860.0,0.00745
861.0,0.007383
862.0,0.007481
863.0,0.007635
864.0,0.007231
865.0,0.007145
866.0,0.006402
867.0,0.006658
868.0,0.007219
869.0,0.007044
870.0,0.007219
871.0,0.007093
872.0,0.007042
873.0,0.007
874.0,0.006889
875.0,0.00672
876.0,0.006759
877.0,0.006801
878.0,0.006842
879.0,0.006709
880.0,0.006538
881.0,0.006401
882.0,0.006507
883.0,0.006511
884.0,0.006448
885.0,0.006465
886.0,0.006107
887.0,0.006169
888.0,0.006219
889.0,0.006291
890.0,0.006175
891.0,0.006159
892.0,0.005917
893.0,0.005671
894.0,0.005363
895.0,0.004955
896.0,0.004605
897.0,0.00386
898.0,0.004225
899.0,0.003119
900.0,0.004336
901.0,0.003256
902.0,0.003878
903.0,0.003879
904.0,0.00509
905.0,0.004872
906.0,0.004508
907.0,0.003511
908.0,0.003603
909.0,0.003923
910.0,0.003385
911.0,0.003667
912.0,0.00381
913.0,0.003394
914.0,0.00337
915.0,0.003634
916.0,0.003045
917.0,0.003938
918.0,0.003092
919.0,0.003997
920.0,0.004102
921.0,0.004249
922.0,0.003717
923.0,0.00408
924.0,0.003758
925.0,0.003656
926.0,0.003677
927.0,0.004156
928.0,0.002884
929.0,0.002598
930.0,0.001993
931.0,0.001877
932.0,0.001331
933.0,0.001073
934.0,0.0005809
935.0,0.001092
936.0,0.0006744
937.0,0.0006802
938.0,0.000834
939.0,0.001756
940.0,0.002122
941.0,0.001573
942.0,0.00182
943.0,0.00118
944.0,0.001246
945.0,0.001597
946.0,0.0007975
947.0,0.001589
948.0,0.001161
949.0,0.002139
950.0,0.0005743
951.0,0.00209
952.0,0.001098
953.0,0.001424
954.0,0.001756
955.0,0.001433
956.0,0.001408
957.0,0.001079
958.0,0.002003
959.0,0.001554
960.0,0.00174
961.0,0.00197
962.0,0.001855
963.0,0.002163
964.0,0.001963
965.0,0.00213
966.0,0.002129
967.0,0.002106
968.0,0.002998
969.0,0.003086
970.0,0.002807
971.0,0.003301
972.0,0.003112
973.0,0.002608
974.0,0.002464
975.0,0.002563
976.0,0.002382
977.0,0.002815
978.0,0.002611
979.0,0.002746
980.0,0.00256
981.0,0.003161
982.0,0.00298
983.0,0.002828
984.0,0.003277
985.0,0.002925
986.0,0.003349
987.0,0.003238
988.0,0.003229
989.0,0.003325
990.0,0.003169
991.0,0.003292
992.0,0.003306
993.0,0.003189
994.0,0.003288
995.0,0.003281
996.0,0.003248
997.0,0.003246
998.0,0.003217
999.0,0.003196
1000.0,0.003151
1001.0,0.00319
1002.0,0.003041
1003.0,0.003108
1004.0,0.003006
1005.0,0.002903
1006.0,0.002998
1007.0,0.003053
1008.0,0.003017
1009.0,0.002981
1010.0,0.002953
1011.0,0.002992
1012.0,0.002948
1013.0,0.002966
1014.0,0.002934
1015.0,0.002902
1016.0,0.002877
1017.0,0.002871
1018.0,0.002856
1019.0,0.002766
1020.0,0.002816
1021.0,0.002805
1022.0,0.002766
1023.0,0.002785
1024.0,0.002721
1025.0,0.002767
1026.0,0.00274
1027.0,0.002725
1028.0,0.002707
1029.0,0.002663
1030.0,0.002677
1031.0,0.002654
1032.0,0.002638
1033.0,0.002589
1034.0,0.002579
1035.0,0.002578
1036.0,0.002579
1037.0,0.002529
1038.0,0.002529
1039.0,0.002517
1040.0,0.002497
1041.0,0.002496
1042.0,0.002469
1043.0,0.002451
1044.0,0.002449
1045.0,0.002405
1046.0,0.002368
1047.0,0.00238
1048.0,0.002383
1049.0,0.002364
1050.0,0.002343
1051.0,0.002329
1052.0,0.00231
1053.0,0.002281
1054.0,0.002275
1055.0,0.002266
1056.0,0.002247
1057.0,0.002229
1058.0,0.002164
1059.0,0.002156
1060.0,0.002144
1061.0,0.002132
1062.0,0.002133
1063.0,0.002102
1064.0,0.00212
1065.0,0.002091
1066.0,0.002046
1067.0,0.002064
1068.0,0.002008
1069.0,0.001942
1070.0,0.001999
1071.0,0.002033
1072.0,0.001995
1073.0,0.00196
1074.0,0.002017
1075.0,0.001886
1076.0,0.002
1077.0,0.001946
1078.0,0.001893
1079.0,0.001953
1080.0,0.001889
1081.0,0.001813
1082.0,0.001856
1083.0,0.001862
1084.0,0.001781
1085.0,0.001863
1086.0,0.001659
1087.0,0.001733
1088.0,0.001824
1089.0,0.001731
1090.0,0.001676
1091.0,0.00179
1092.0,0.001782
1093.0,0.001445
1094.0,0.001611
1095.0,0.001495
1096.0,0.001413
1097.0,0.001711
1098.0,0.001375
1099.0,0.001433
1100.0,0.001308
1101.0,0.00133
1102.0,0.001253
1103.0,0.001226
1104.0,0.001227
1105.0,0.001361
1106.0,0.0009872
1107.0,0.001277
1108.0,0.001044
1109.0,0.001041
1110.0,0.001237
1111.0,0.0007959
1112.0,0.001024
1113.0,0.000622
1114.0,0.0006933
1115.0,0.00057
1116.0,0.0004471
1117.0,0.00016
1118.0,0.0004843
1119.0,0.000236
1120.0,0.0002958
1121.0,0.0003928
1122.0,0.0001625
1123.0,0.0002645
1124.0,0.0002225
1125.0,0.00029
1126.0,9.843e-05
1127.0,0.000325
1128.0,0.0001913
1129.0,0.0002026
1130.0,0.000132
1131.0,0.0006166
1132.0,0.0004798
1133.0,0.0002991
1134.0,7.447e-05
1135.0,2.79e-05
1136.0,0.0002458
1137.0,0.0005918
1138.0,0.0004139
1139.0,0.0006282
1140.0,0.0005173
1141.0,0.0003894
1142.0,0.0004483
1143.0,0.0006411
1144.0,0.0002182
1145.0,0.0002768
1146.0,0.0002975
1147.0,0.0001022
1148.0,0.0005436
1149.0,0.0004292
1150.0,0.0002305
1151.0,0.0003928
1152.0,0.0004854
1153.0,0.0004744
1154.0,0.00026
1155.0,0.000621
1156.0,0.0005542
1157.0,0.0006292
1158.0,0.0006204
1159.0,0.0006695
1160.0,0.0005691
1161.0,0.0007146
1162.0,0.0007139
1163.0,0.001005
1164.0,0.0008417
1165.0,0.0007804
1166.0,0.0007817
1167.0,0.0008559
1168.0,0.0008646
1169.0,0.0008863
1170.0,0.0009747
1171.0,0.0009436
1172.0,0.0009699
1173.0,0.0009617
1174.0,0.0006555
1175.0,0.0009442
1176.0,0.001061
1177.0,0.0009985
1178.0,0.0007181
1179.0,0.001058
1180.0,0.0009131
1181.0,0.0009408
1182.0,0.0006159
1183.0,0.0009256
1184.0,0.0008511
1185.0,0.0008095
1186.0,0.0009924
1187.0,0.0009281
1188.0,0.0006108
1189.0,0.0008567
1190.0,0.0009599
1191.0,0.0008863
1192.0,0.0009704
1193.0,0.0009167
1194.0,0.0009486
1195.0,0.000879
1196.0,0.0008354
1197.0,0.0009451
1198.0,0.0008562
1199.0,0.0006956
1200.0,0.0008863
1201.0,0.0008382
1202.0,0.0008435
1203.0,0.0008251
1204.0,0.0007076
1205.0,0.0008618
1206.0,0.0009677
1207.0,0.0008232
1208.0,0.0008172
1209.0,0.0008297
1210.0,0.0008714
1211.0,0.0008175
1212.0,0.0007866
1213.0,0.0009035
1214.0,0.0008061
1215.0,0.0007873
1216.0,0.000896
1217.0,0.0008632
1218.0,0.0008825
1219.0,0.0008638
1220.0,0.0008778
1221.0,0.0008924
1222.0,0.0008601
1223.0,0.0008467
1224.0,0.0008307
1225.0,0.0008712
1226.0,0.0008811
1227.0,0.0007893
1228.0,0.0008818
1229.0,0.0008723
1230.0,0.0008519
1231.0,0.0008834
1232.0,0.0008748
1233.0,0.0008271
1234.0,0.0008788
1235.0,0.000867
1236.0,0.0008733
1237.0,0.0008524
1238.0,0.0008649
1239.0,0.0008509
1240.0,0.0008525
1241.0,0.0008406
1242.0,0.0008406
1243.0,0.0008315
1244.0,0.000833
1245.0,0.0008349
1246.0,0.0008277
1247.0,0.0008202
1248.0,0.0008144
1249.0,0.0008167
1250.0,0.0008075
1251.0,0.0007913
1252.0,0.0007932
1253.0,0.0007767
1254.0,0.0007614
1255.0,0.000783
1256.0,0.0007453
1257.0,0.0007363
1258.0,0.0007579
1259.0,0.0007095
1260.0,0.0007131
1261.0,0.0006523
1262.0,0.0006228
1263.0,0.0006217
1264.0,0.0005583
1265.0,0.0006141
1266.0,0.0005803
1267.0,0.0005946
1268.0,0.0005532
1269.0,0.0003257
1270.0,0.0005845
1271.0,0.0006331
1272.0,0.000634
1273.0,0.0006235
1274.0,0.0006264
1275.0,0.0006363
1276.0,0.0006442
1277.0,0.0006521
1278.0,0.0006698
1279.0,0.0006629
1280.0,0.000652
1281.0,0.0006244
1282.0,0.0006063
1283.0,0.0006495
1284.0,0.0006622
1285.0,0.0006659
1286.0,0.0006761
1287.0,0.0006573
1288.0,0.0006578
1289.0,0.0006232
1290.0,0.000648
1291.0,0.0006576
1292.0,0.0005973
1293.0,0.0006367
1294.0,0.0006293
1295.0,0.0006166
1296.0,0.0005782
1297.0,0.0005383
1298.0,0.0005915
1299.0,0.0006265
1300.0,0.0005042
1301.0,0.00052
1302.0,0.0005845
1303.0,0.0004938
1304.0,0.0004051
1305.0,0.0005642
1306.0,0.0005587
1307.0,0.0004136
1308.0,0.0004884
1309.0,0.0005456
1310.0,0.0004001
1311.0,0.0004604
1312.0,0.0004466
1313.0,0.0004295
1314.0,0.0003762
1315.0,0.0003694
1316.0,0.0004437
1317.0,0.0004154
1318.0,0.0004576
1319.0,0.0003403
1320.0,0.0003291
1321.0,0.0003893
1322.0,0.0003889
1323.0,0.0002824
1324.0,0.0003295
1325.0,0.0004208
1326.0,0.0003532
1327.0,0.0003334
1328.0,0.0002822
1329.0,0.0002068
1330.0,0.0002715
1331.0,0.0001603
1332.0,0.0001652
1333.0,0.0002301
1334.0,0.0001963
1335.0,0.0002701
1336.0,0.0002106
1337.0,0.0001857
1338.0,0.0002003
1339.0,0.0001988
1340.0,0.0001934
1341.0,0.0001866
1342.0,0.0001957
1343.0,0.000131
1344.0,7.818e-05
1345.0,0.0001124
1346.0,5.539e-05
1347.0,5.611e-05
1348.0,3.617e-06
1349.0,1.298e-05
1350.0,1.345e-05
1351.0,3.252e-06
1352.0,8.747e-07
1353.0,4.451e-08
1354.0,1.53e-07
1355.0,1.232e-09
1356.0,2.156e-08
1357.0,3.276e-08
1358.0,1.446e-09
1359.0,1.822e-10
1360.0,6.586e-10
1361.0,7.367e-13
1362.0,2.015e-15
1363.0,8.856e-10
1364.0,3.656e-10
1365.0,7.036e-16
1366.0,3.838e-09
1367.0,1.567e-09
1368.0,5.433e-18
1369.0,1.347e-10
1370.0,6.635e-11
1371.0,3.761e-12
1372.0,8.497e-10
1373.0,1.712e-08
1374.0,7.94e-08
1375.0,1.44e-07
1376.0,1.292e-07
1377.0,5.9e-08
1378.0,5.768e-07
1379.0,2.465e-08
1380.0,3.543e-08
1381.0,9.228e-10
1382.0,7.449e-10
1383.0,1.114e-11
1384.0,1.46e-10
1385.0,6.982e-10
1386.0,6.568e-10
1387.0,7.944e-08
1388.0,1.562e-09
1389.0,2.682e-07
1390.0,2.302e-07
1391.0,1.531e-07
1392.0,9.924e-09
1393.0,5.258e-08
1394.0,2.71e-08
1395.0,1.986e-10
1396.0,9.597e-13
1397.0,2.07e-08
1398.0,6.121e-07
1399.0,3.872e-07
1400.0,4.104e-13
1401.0,1.703e-12
1402.0,1.073e-06
1403.0,1.344e-06
1404.0,4.082e-07
1405.0,9.404e-11
1406.0,1.055e-06
1407.0,9.298e-08
1408.0,8.584e-07
1409.0,2.861e-07
1410.0,2.291e-07
1411.0,1.155e-06
1412.0,1.559e-06
1413.0,1.622e-05
1414.0,1.789e-07
1415.0,8.542e-08
1416.0,2.681e-05
1417.0,7.917e-06
1418.0,8.965e-06
1419.0,1.38e-06
1420.0,5.448e-06
1421.0,5.877e-06
1422.0,3.446e-05
1423.0,6.61e-06
1424.0,1.241e-05
1425.0,1.812e-05
1426.0,2.074e-05
1427.0,3.859e-05
1428.0,2.7e-06
1429.0,2.842e-05
1430.0,4.904e-05
1431.0,5.392e-05
1432.0,2.098e-06
1433.0,3.382e-05
1434.0,1.701e-05
1435.0,1.648e-05
1436.0,3.247e-05
1437.0,2.482e-05
1438.0,1.025e-05
1439.0,4.413e-05
1440.0,3.295e-05
1441.0,2.464e-05
1442.0,2.73e-05
1443.0,3.482e-05
1444.0,4.849e-05
1445.0,3.724e-05
1446.0,1.652e-05
1447.0,2.604e-05
1448.0,9.237e-05
1449.0,7.935e-05
1450.0,1.919e-05
1451.0,7.554e-06
1452.0,4.666e-05
1453.0,6.15e-05
1454.0,0.0001086
1455.0,4.981e-05
1456.0,6.64e-05
1457.0,9.062e-05
1458.0,0.0001087
1459.0,0.0001282
1460.0,6.529e-05
1461.0,6.709e-05
1462.0,0.0001
1463.0,3.119e-05
1464.0,0.0001197
1465.0,7.14e-05
1466.0,4.71e-05
1467.0,2.409e-05
1468.0,5.576e-05
1469.0,6.924e-05
1470.0,3.321e-05
1471.0,1.178e-05
1472.0,3.157e-05
1473.0,4.91e-05
1474.0,7.303e-05
1475.0,0.0001415
1476.0,4.885e-05
1477.0,4.877e-05
1478.0,4.561e-05
1479.0,8.917e-05
1480.0,4.177e-05
1481.0,8.425e-05
1482.0,4.087e-05
1483.0,0.0001101
1484.0,0.0001034
1485.0,9.107e-05
1486.0,8.864e-05
1487.0,3.936e-05
1488.0,7.068e-05
1489.0,0.0001434
1490.0,0.000133
1491.0,0.0001517
1492.0,0.0001211
1493.0,0.0001356
1494.0,0.0001561
1495.0,0.0001362
1496.0,0.0001262
1497.0,0.0001821
1498.0,0.0001439
1499.0,0.00017
1500.0,0.0002024
1501.0,0.0002118
1502.0,0.0001763
1503.0,0.0001449
1504.0,0.000113
1505.0,0.0001394
1506.0,0.0002112
1507.0,0.0002017
1508.0,0.000191
1509.0,0.0001396
1510.0,0.0002192
1511.0,0.0002086
1512.0,0.0002093
1513.0,0.0001862
1514.0,0.0001713
1515.0,0.0002145
1516.0,0.0002032
1517.0,0.0001947
1518.0,0.0001955
1519.0,0.0001881
1520.0,0.0002053
1521.0,0.0002259
1522.0,0.0002098
1523.0,0.0002287
1524.0,0.0002189
1525.0,0.0002044
1526.0,0.0002065
1527.0,0.0002064
1528.0,0.0002238
1529.0,0.000211
1530.0,0.0002035
1531.0,0.0002108
1532.0,0.0002224
1533.0,0.0002227
1534.0,0.0002177
1535.0,0.0002148
1536.0,0.0002195
1537.0,0.0002132
1538.0,0.0002167
1539.0,0.0002116
1540.0,0.0002129
1541.0,0.0002135
1542.0,0.0002097
1543.0,0.0002141
1544.0,0.0002101
1545.0,0.000215
1546.0,0.00021
1547.0,0.0002074
1548.0,0.0002069
1549.0,0.0002088
1550.0,0.0002065
1551.0,0.0002072
1552.0,0.0002044
1553.0,0.0002037
1554.0,0.0002011
1555.0,0.0002015
1556.0,0.0002007
1557.0,0.0002028
1558.0,0.0002012
1559.0,0.0001993
1560.0,0.0002001
1561.0,0.0002011
1562.0,0.0001976
1563.0,0.0001957
1564.0,0.000196
1565.0,0.0001964
1566.0,0.000193
1567.0,0.0001931
1568.0,0.0001904
1569.0,0.0001916
1570.0,0.0001927
1571.0,0.0001936
1572.0,0.0001919
1573.0,0.0001899
1574.0,0.0001824
1575.0,0.0001796
1576.0,0.0001758
1577.0,0.0001707
1578.0,0.0001785
1579.0,0.0001789
1580.0,0.0001803
1581.0,0.0001773
1582.0,0.0001735
1583.0,0.0001736
1584.0,0.0001776
1585.0,0.0001793
1586.0,0.0001765
1587.0,0.0001733
1588.0,0.0001689
1589.0,0.0001634
1590.0,0.0001663
1591.0,0.0001702
1592.0,0.0001742
1593.0,0.0001771
1594.0,0.0001759
1595.0,0.0001736
1596.0,0.0001678
1597.0,0.0001711
1598.0,0.0001739
1599.0,0.0001716
1600.0,0.0001703
1601.0,0.0001672
1602.0,0.0001669
1603.0,0.0001688
1604.0,0.000167
1605.0,0.0001666
1606.0,0.0001643
1607.0,0.0001654
1608.0,0.0001643
1609.0,0.0001599
1610.0,0.0001562
1611.0,0.0001585
1612.0,0.0001602
1613.0,0.0001597
1614.0,0.0001595
1615.0,0.0001557
1616.0,0.0001528
1617.0,0.0001551
1618.0,0.0001578
1619.0,0.0001539
1620.0,0.0001509
1621.0,0.0001521
1622.0,0.0001541
1623.0,0.000156
1624.0,0.0001535
1625.0,0.0001525
1626.0,0.0001524
1627.0,0.0001534
1628.0,0.0001523
1629.0,0.0001509
1630.0,0.0001494
1631.0,0.0001476
1632.0,0.0001473
1633.0,0.0001411
1634.0,0.0001456
1635.0,0.0001414
1636.0,0.000141
1637.0,0.0001397
1638.0,0.0001284
1639.0,0.0001359
1640.0,0.0001265
1641.0,0.0001339
1642.0,0.0001369
1643.0,0.0001245
1644.0,0.0001365
1645.0,0.0001295
1646.0,0.000124
1647.0,0.0001375
1648.0,0.0001231
1649.0,0.0001325
1650.0,0.0001335
1651.0,0.0001188
1652.0,0.000131
1653.0,0.0001325
1654.0,0.0001214
1655.0,0.0001318
1656.0,0.0001277
1657.0,0.000129
1658.0,0.0001317
1659.0,0.0001301
1660.0,0.0001309
1661.0,0.0001297
1662.0,0.0001245
1663.0,0.000129
1664.0,0.0001271
1665.0,0.0001164
1666.0,8.926e-05
1667.0,0.0001147
1668.0,0.0001218
1669.0,0.0001223
1670.0,0.0001249
1671.0,0.0001203
1672.0,0.0001192
1673.0,0.000122
1674.0,0.0001176
1675.0,0.0001159
1676.0,0.0001171
1677.0,0.000116
1678.0,0.0001111
1679.0,0.0001156
1680.0,0.0001103
1681.0,0.0001052
1682.0,0.0001127
1683.0,0.0001149
1684.0,0.0001021
1685.0,0.0001156
1686.0,0.0001149
1687.0,0.0001082
1688.0,0.0001133
1689.0,0.0001119
1690.0,0.0001108
1691.0,9.784e-05
1692.0,0.0001094
1693.0,0.0001135
1694.0,0.000107
1695.0,0.0001113
1696.0,0.0001114
1697.0,8.875e-05
1698.0,0.0001093
1699.0,0.0001077
1700.0,0.0001035
1702.0,0.0001058
1705.0,0.0001006
1710.0,9.381e-05
1715.0,9.317e-05
1720.0,9.15e-05
1725.0,8.288e-05
1730.0,8.134e-05
1735.0,7.498e-05
1740.0,7.488e-05
1745.0,6.93e-05
1750.0,7.321e-05
1755.0,6.598e-05
1760.0,6.838e-05
1765.0,5.389e-05
1770.0,5.7e-05
1775.0,4.42e-05
1780.0,3.696e-05
1785.0,2.704e-05
1790.0,3.113e-05
1795.0,1.486e-05
1800.0,1.023e-05
1805.0,4.057e-06
1810.0,2.633e-06
1815.0,7.62e-07
1820.0,1.906e-07
1825.0,2.487e-07
1830.0,6.063e-10
1835.0,9.18e-10
1840.0,5.357e-12
1845.0,5.728e-10
1850.0,2.585e-10
1855.0,2.471e-11
1860.0,1.416e-09
1865.0,1.973e-09
1870.0,1.08e-14
1875.0,1.951e-14
1880.0,1.039e-08
1885.0,5.538e-09
1890.0,3.037e-08
1895.0,1.762e-08
1900.0,7.533e-11
1905.0,5.131e-11
1910.0,2.485e-09
1915.0,2.421e-09
1920.0,6.35e-08
1925.0,1.492e-07
1930.0,8.615e-08
1935.0,6.567e-07
1940.0,6.521e-07
1945.0,2.686e-06
1950.0,5.225e-06
1955.0,4.657e-06
1960.0,8.2e-06
1965.0,1.2e-05
1970.0,1.701e-05
1975.0,1.922e-05
1980.0,1.924e-05
1985.0,2.073e-05
1990.0,2.134e-05
1995.0,2.251e-05
2000.0,2.382e-05
2005.0,1.944e-05
2010.0,2.923e-05
2015.0,2.185e-05
2020.0,2.351e-05
2025.0,2.591e-05
2030.0,2.321e-05
2035.0,2.578e-05
2040.0,2.406e-05
2045.0,2.467e-05
2050.0,2.512e-05
2055.0,2.359e-05
2060.0,2.249e-05
2065.0,2.279e-05
2070.0,2.223e-05
2075.0,2.287e-05
2080.0,2.207e-05
2085.0,2.172e-05
2090.0,2.184e-05
2095.0,2.092e-05
2100.0,1.908e-05
2105.0,2.071e-05
2110.0,1.949e-05
2115.0,1.999e-05
2120.0,1.837e-05
2125.0,1.86e-05
2130.0,1.88e-05
2135.0,1.88e-05
2140.0,1.882e-05
2145.0,1.844e-05
2150.0,1.681e-05
2155.0,1.667e-05
2160.0,1.64e-05
2165.0,1.476e-05
2170.0,1.571e-05
2175.0,1.503e-05
2180.0,1.544e-05
2185.0,1.347e-05
2190.0,1.46e-05
2195.0,1.429e-05
2200.0,1.204e-05
2205.0,1.286e-05
2210.0,1.419e-05
2215.0,1.327e-05
2220.0,1.349e-05
2225.0,1.29e-05
2230.0,1.286e-05
2235.0,1.237e-05
2240.0,1.211e-05
2245.0,1.138e-05
2250.0,1.167e-05
2255.0,1.057e-05
2260.0,1.028e-05
2265.0,1.058e-05
2270.0,9.691e-06
2275.0,9.438e-06
2280.0,9.988e-06
2285.0,9.104e-06
2290.0,9.043e-06
2295.0,8.708e-06
2300.0,8.087e-06
2305.0,8.107e-06
2310.0,9.109e-06
2315.0,7.84e-06
2320.0,6.699e-06
2325.0,7.652e-06
2330.0,7.51e-06
2335.0,7.683e-06
2340.0,5.691e-06
2345.0,6.429e-06
2350.0,4.98e-06
2355.0,5.792e-06
2360.0,6.156e-06
2365.0,6.088e-06
2370.0,3.374e-06
2375.0,5.167e-06
2380.0,4.92e-06
2385.0,3.415e-06
2390.0,4.071e-06
2395.0,4.475e-06
2400.0,4.895e-06
2405.0,3.637e-06
2410.0,3.616e-06
2415.0,2.829e-06
2420.0,2.723e-06
2425.0,3.423e-06
2430.0,4.71e-06
2435.0,1.428e-06
2440.0,4.533e-06
2445.0,2.007e-06
2450.0,1.259e-06
2455.0,2.409e-06
2460.0,3.235e-06
2465.0,2.252e-06
2470.0,1.485e-06
2475.0,1.439e-06
2480.0,6.724e-07
2485.0,4.378e-07
2490.0,2.518e-07
2495.0,2.178e-07
2500.0,5.404e-07
2505.0,1.099e-07
2510.0,1.615e-07
2515.0,3.421e-08
2520.0,1.924e-08
2525.0,2.194e-09
2530.0,1.527e-11
2535.0,3.377e-12
2540.0,8.012e-12
2545.0,6.214e-16
2550.0,2.519e-18
2555.0,1.209e-14
2560.0,3.629e-16
2565.0,8.124000000000001e-20
2570.0,2.419e-24
2575.0,1.53e-34
2580.0,1.596e-28
2585.0,3.335e-42
2590.0,2.081e-38
2595.0,4.049e-40
2600.0,3.333e-35
2605.0,3.684e-42
2610.0,1.2679999999999999e-41
2615.0,1.4009999999999999e-45
2620.0,1.117e-35
2625.0,2.046e-35
2630.0,0.0
2635.0,1.066e-21
2640.0,2.307e-22
2645.0,1.005e-24
2650.0,1.001e-25
2655.0,1.204e-34
2660.0,1.014e-31
2665.0,9.808999999999999e-45
2670.0,0.0
2675.0,4.905e-44
2680.0,2.056e-30
2685.0,1.964e-31
2690.0,7.349000000000001e-31
2695.0,2.883e-33
2700.0,8.398e-29
2705.0,2.3810000000000003e-26
2710.0,1.896e-31
2715.0,2.3949999999999998e-29
2720.0,0.0
2725.0,5.362e-27
2730.0,1.563e-24
2735.0,1.7820000000000002e-26
2740.0,3.22e-32
2745.0,4.152e-27
2750.0,2.327e-26
2755.0,3.7440000000000003e-28
2760.0,5.608999999999999e-23
2765.0,2.632e-29
2770.0,1.2940000000000002e-26
2775.0,1.597e-23
2780.0,7.435e-21
2785.0,2.7920000000000004e-20
2790.0,6.366e-18
2795.0,1.4e-18
2800.0,4.47e-15
2805.0,8.359e-17
2810.0,3.352e-13
2815.0,9.997e-14
2820.0,1.221e-15
2825.0,1.072e-11
2830.0,2.33e-10
2835.0,3.209e-15
2840.0,6.867e-12
2845.0,2.377e-09
2850.0,4.113e-11
2855.0,1.643e-11
2860.0,8.542e-10
2865.0,6.299e-09
2870.0,1.597e-10
2875.0,1.533e-08
2880.0,9.661e-09
2885.0,1.592e-08
2890.0,6.766e-09
2895.0,1.153e-07
2900.0,3.214e-08
2905.0,3.721e-09
2910.0,1.176e-07
2915.0,4.992e-08
2920.0,1.239e-07
2925.0,4.416e-08
2930.0,2.673e-07
2935.0,2.947e-07
2940.0,6.598e-08
2945.0,5.666e-08
2950.0,2.287e-07
2955.0,1.018e-07
2960.0,2.02e-07
2965.0,3.42e-07
2970.0,1.34e-08
2975.0,3.395e-08
2980.0,5.283e-08
2985.0,3.108e-07
2990.0,4.708e-07
2995.0,1.788e-07
3000.0,3.399e-07
3005.0,1.157e-07
3010.0,2.975e-07
3015.0,2.306e-07
3020.0,2.084e-08
3025.0,3.178e-07
3030.0,2.503e-07
3035.0,9.517e-08
3040.0,7.438e-08
3045.0,1.598e-07
3050.0,3.621e-08
3055.0,8.859e-09
3060.0,2.486e-07
3065.0,1.053e-07
3070.0,5.915e-08
3075.0,2.318e-07
3080.0,1.346e-07
3085.0,5.946e-08
3090.0,8.085e-08
3095.0,1.989e-08
3100.0,1.616e-07
3105.0,3.028e-08
3110.0,2.535e-08
3115.0,7.605e-08
3120.0,3.727e-07
3125.0,1.095e-07
3130.0,2.173e-07
3135.0,4.356e-07
3140.0,1.158e-07
3145.0,1.136e-07
3150.0,2.397e-07
3155.0,2.017e-07
3160.0,3.345e-07
3165.0,5.257e-07
3170.0,4.655e-07
3175.0,3.266e-07
3180.0,3.857e-07
3185.0,2.696e-07
3190.0,1.413e-07
3195.0,7.845e-08
3200.0,1.107e-08
3205.0,7.233e-09
3210.0,3.014e-09
3215.0,1.225e-08
3220.0,4.301e-08
3225.0,4.946e-09
3230.0,8.214e-09
3235.0,2.302e-07
3240.0,1.047e-07
3245.0,1.987e-08
3250.0,7.328e-08
3255.0,3.14e-07
3260.0,3.134e-08
3265.0,6.787e-08
3270.0,3.196e-08
3275.0,1.929e-07
3280.0,8.191e-08
3285.0,3.551e-07
3290.0,2.669e-07
3295.0,3.284e-08
3300.0,4.88e-08
3305.0,1.121e-07
3310.0,1.064e-07
3315.0,1.542e-10
3320.0,9.718e-10
3325.0,8.936e-08
3330.0,1.358e-07
3335.0,2.628e-07
3340.0,9.681e-08
3345.0,9.4e-08
3350.0,2.344e-07
3355.0,9.509e-08
3360.0,1.46e-07
3365.0,2.059e-07
3370.0,9.966e-08
3375.0,2.419e-07
3380.0,1.312e-07
3385.0,2.081e-07
3390.0,2.733e-07
3395.0,2.651e-07
3400.0,3.588e-07
3405.0,1.093e-07
3410.0,1.922e-07
3415.0,1.866e-07
3420.0,3.74e-07
3425.0,2.666e-07
3430.0,2.247e-07
3435.0,3.207e-07
3440.0,2.046e-07
3445.0,3.052e-07
3450.0,2.975e-07
3455.0,2.119e-07
3460.0,3.392e-07
3465.0,2.498e-07
3470.0,3.276e-07
3475.0,2.832e-07
3480.0,2.899e-07
3485.0,3.159e-07
3490.0,2.626e-07
3495.0,3.17e-07
3500.0,3.059e-07
3505.0,3.016e-07
3510.0,3.05e-07
3515.0,2.892e-07
3520.0,3.073e-07
3525.0,2.85e-07
3530.0,2.749e-07
3535.0,2.237e-07
3540.0,2.112e-07
3545.0,2.234e-07
3550.0,2.524e-07
3555.0,2.109e-07
3560.0,2.576e-07
3565.0,2.563e-07
3570.0,1.924e-07
3575.0,1.981e-07
3580.0,2.391e-07
3585.0,2.077e-07
3590.0,2.171e-07
3595.0,2.222e-07
3600.0,2.375e-07
3605.0,2.358e-07
3610.0,2.131e-07
3615.0,2.138e-07
3620.0,2.679e-07
3625.0,2.268e-07
3630.0,2.207e-07
3635.0,2.273e-07
3640.0,2.577e-07
3645.0,2.297e-07
3650.0,2.181e-07
3655.0,2.391e-07
3660.0,2.369e-07
3665.0,2.161e-07
3670.0,1.618e-07
3675.0,9.142e-08
3680.0,1.672e-07
3685.0,1.927e-07
3690.0,1.984e-07
3695.0,2.083e-07
3700.0,2.27e-07
3705.0,2.222e-07
3710.0,1.876e-07
3715.0,1.844e-07
3720.0,2.118e-07
3725.0,2.175e-07
3730.0,1.835e-07
3735.0,1.65e-07
3740.0,1.699e-07
3745.0,2.023e-07
3750.0,1.804e-07
3755.0,1.732e-07
3760.0,1.69e-07
3765.0,1.619e-07
3770.0,1.748e-07
3775.0,1.718e-07
3780.0,1.83e-07
3785.0,1.641e-07
3790.0,1.419e-07
3795.0,1.651e-07
3800.0,1.877e-07
3805.0,1.737e-07
3810.0,1.498e-07
3815.0,1.389e-07
3820.0,1.797e-07
3825.0,1.747e-07
3830.0,1.771e-07
3835.0,1.341e-07
3840.0,1.615e-07
3845.0,1.559e-07
3850.0,1.564e-07
3855.0,1.48e-07
3860.0,1.355e-07
3865.0,1.361e-07
3870.0,1.207e-07
3875.0,1.078e-07
3880.0,1.031e-07
3885.0,1.069e-07
3890.0,1.082e-07
3895.0,1.2e-07
3900.0,1.287e-07
3905.0,1.277e-07
3910.0,1.115e-07
3915.0,1.079e-07
3920.0,1.073e-07
3925.0,1.048e-07
3930.0,1.085e-07
3935.0,1.135e-07
3940.0,1.147e-07
3945.0,1.167e-07
3950.0,1.185e-07
3955.0,1.196e-07
3960.0,1.204e-07
3965.0,1.212e-07
3970.0,1.191e-07
3975.0,1.148e-07
3980.0,1.124e-07
3985.0,1.125e-07
3990.0,1.103e-07
3995.0,1.07e-07
4000.0,1.019e-07
