interpolation:linear
wavelength,value
280.0,3.253e-23
280.5,1.101e-21
281.0,5.9850000000000004e-21
281.5,1.959e-19
282.0,4.674e-19
282.5,1.063e-18
283.0,3.253e-18
283.5,5.274e-18
284.0,8.616e-17
284.5,2.532e-16
285.0,9.946e-16
285.5,3.4e-15
286.0,1.29e-14
286.5,5.361e-14
287.0,1.491e-13
287.5,5.603e-13
288.0,1.599e-12
288.5,4.524e-12
289.0,1.164e-11
289.5,3.447e-11
290.0,9.516e-11
290.5,1.942e-10
291.0,4.18e-10
291.5,1.206e-09
292.0,2.472e-09
292.5,3.433e-09
293.0,7.277e-09
293.5,1.746e-08
294.0,2.722e-08
294.5,3.182e-08
295.0,5.344e-08
295.5,9e-08
296.0,1.675e-07
296.5,2.256e-07
297.0,2.953e-07
297.5,7.516e-07
298.0,1.128e-06
298.5,1.091e-06
299.0,2.309e-06
299.5,3.554e-06
300.0,3.736e-06
300.5,5.157e-06
301.0,8.604e-06
301.5,1.269e-05
302.0,1.042e-05
302.5,1.958e-05
303.0,3.323e-05
303.5,4.074e-05
304.0,3.847e-05
304.5,5.856e-05
305.0,9.237e-05
305.5,0.0001091
306.0,0.000107
306.5,0.0001364
307.0,0.0002144
307.5,0.0003036
308.0,0.000324
308.5,0.0003956
309.0,0.0003892
309.5,0.0005514
310.0,0.0006119
310.5,0.001041
311.0,0.001419
311.5,0.001419
312.0,0.001698
312.5,0.00233
313.0,0.002692
313.5,0.002463
314.0,0.003561
314.5,0.00384
315.0,0.005223
315.5,0.003967
316.0,0.004064
316.5,0.006705
317.0,0.008298
317.5,0.00829
318.0,0.007111
318.5,0.01062
319.0,0.01383
319.5,0.009682
320.0,0.01143
320.5,0.01728
321.0,0.01829
321.5,0.01783
322.0,0.01576
322.5,0.01383
323.0,0.01553
323.5,0.02389
324.0,0.02855
324.5,0.02718
325.0,0.0199
325.5,0.02824
326.0,0.03996
326.5,0.04325
327.0,0.04184
327.5,0.0389
328.0,0.03107
328.5,0.03715
329.0,0.04909
329.5,0.05737
330.0,0.05644
330.5,0.0418
331.0,0.04144
331.5,0.04457
332.0,0.05221
332.5,0.05353
333.0,0.05221
333.5,0.04445
334.0,0.04505
334.5,0.05561
335.0,0.05431
335.5,0.06485
336.0,0.04483
336.5,0.05028
337.0,0.04005
337.5,0.04924
338.0,0.05082
338.5,0.0604
339.0,0.05995
339.5,0.05749
340.0,0.0656
340.5,0.05942
341.0,0.05936
341.5,0.05483
342.0,0.0656
342.5,0.06145
343.0,0.06723
343.5,0.06308
344.0,0.04542
344.5,0.04678
345.0,0.06232
345.5,0.06379
346.0,0.0543
346.5,0.06153
347.0,0.06575
347.5,0.05305
348.0,0.06071
348.5,0.0608
349.0,0.05643
349.5,0.05579
350.0,0.06898
350.5,0.07269
351.0,0.06473
351.5,0.0625
352.0,0.06731
352.5,0.05264
353.0,0.06637
353.5,0.071
354.0,0.07371
354.5,0.07469
355.0,0.0743
355.5,0.06711
356.0,0.07021
356.5,0.0599
357.0,0.04944
357.5,0.06049
358.0,0.04792
358.5,0.04092
359.0,0.05715
359.5,0.07263
360.0,0.07697
360.5,0.06151
361.0,0.05606
361.5,0.06452
362.0,0.05576
362.5,0.07712
363.0,0.06921
363.5,0.06368
364.0,0.07781
364.5,0.06644
365.0,0.06759
365.5,0.08476
366.0,0.08973
366.5,0.08424
367.0,0.08197
367.5,0.08498
368.0,0.07429
368.5,0.07487
369.0,0.08078
369.5,0.08602
370.0,0.09162
370.5,0.07104
371.0,0.07584
371.5,0.09478
372.0,0.06284
372.5,0.07527
373.0,0.07649
373.5,0.04971
374.0,0.07216
374.5,0.05969
375.0,0.05797
375.5,0.08645
376.0,0.07159
376.5,0.0741
377.0,0.07837
377.5,0.09159
378.0,0.09917
378.5,0.09362
379.0,0.07717
379.5,0.0704
380.0,0.07311
380.5,0.08845
381.0,0.08853
381.5,0.0701
382.0,0.06218
382.5,0.05294
383.0,0.04895
383.5,0.0471
384.0,0.05189
384.5,0.07623
385.0,0.07551
385.5,0.07024
386.0,0.06008
386.5,0.07882
387.0,0.06541
387.5,0.07337
388.0,0.06766
388.5,0.06679
389.0,0.07201
389.5,0.0871
390.0,0.0873
390.5,0.08024
391.0,0.09432
391.5,0.09608
392.0,0.08081
392.5,0.07225
393.0,0.04015
393.5,0.02915
394.0,0.05923
394.5,0.0752
395.0,0.09164
395.5,0.09296
396.0,0.08049
396.5,0.04699
397.0,0.03522
397.5,0.07152
398.0,0.1
398.5,0.1032
399.0,0.1116
399.5,0.1111
400.0,0.1152
401.0,0.1135
402.0,0.1193
403.0,0.113
404.0,0.1109
405.0,0.1106
406.0,0.1084
407.0,0.1063
408.0,0.11
409.0,0.1173
410.0,0.1022
411.0,0.1103
412.0,0.1181
413.0,0.1148
414.0,0.1159
415.0,0.1157
416.0,0.1173
417.0,0.114
418.0,0.1114
419.0,0.1125
420.0,0.1116
421.0,0.1163
422.0,0.1101
423.0,0.107
424.0,0.1127
425.0,0.112
426.0,0.1087
427.0,0.1063
428.0,0.1032
429.0,0.0974
430.0,0.08491
431.0,0.08377
432.0,0.1076
433.0,0.1077
434.0,0.09963
435.0,0.1037
436.0,0.1164
437.0,0.1143
438.0,0.1036
439.0,0.1065
440.0,0.1093
441.0,0.1126
442.0,0.1201
443.0,0.1164
444.0,0.1185
445.0,0.1156
446.0,0.11
447.0,0.1185
448.0,0.1197
449.0,0.1195
450.0,0.1221
451.0,0.126
452.0,0.1209
453.0,0.1132
454.0,0.1177
455.0,0.1177
456.0,0.1198
457.0,0.121
458.0,0.116
459.0,0.1145
460.0,0.114
461.0,0.1159
462.0,0.1162
463.0,0.1151
464.0,0.1129
465.0,0.1112
466.0,0.1119
467.0,0.1092
468.0,0.1098
469.0,0.1096
470.0,0.1055
471.0,0.1048
472.0,0.11
473.0,0.108
474.0,0.1075
475.0,0.1077
476.0,0.1036
477.0,0.103
478.0,0.1049
479.0,0.1032
480.0,0.1025
481.0,0.1035
482.0,0.1034
483.0,0.1017
484.0,0.09931
485.0,0.09442
486.0,0.08234
487.0,0.08598
488.0,0.09381
489.0,0.09348
490.0,0.09768
491.0,0.09536
492.0,0.08952
493.0,0.09196
494.0,0.09239
495.0,0.09266
496.0,0.09261
497.0,0.09329
498.0,0.0881
499.0,0.08831
500.0,0.08485
501.0,0.08239
502.0,0.0803
503.0,0.08266
504.0,0.07972
505.0,0.08206
506.0,0.08425
507.0,0.07983
508.0,0.07712
509.0,0.07908
510.0,0.07841
511.0,0.08017
512.0,0.08059
513.0,0.07577
514.0,0.07472
515.0,0.07346
516.0,0.07277
517.0,0.06424
518.0,0.06711
519.0,0.06993
520.0,0.07196
521.0,0.07207
522.0,0.07147
523.0,0.06962
524.0,0.07137
525.0,0.07143
526.0,0.06753
527.0,0.06291
528.0,0.0658
529.0,0.06868
530.0,0.06706
531.0,0.06742
532.0,0.06456
533.0,0.06223
534.0,0.06368
535.0,0.06473
536.0,0.06498
537.0,0.06208
538.0,0.06278
539.0,0.06183
540.0,0.05884
541.0,0.05872
542.0,0.06001
543.0,0.0589
544.0,0.05943
545.0,0.05883
546.0,0.05863
547.0,0.0582
548.0,0.05711
549.0,0.05691
550.0,0.05719
551.0,0.05609
552.0,0.05609
553.0,0.05468
554.0,0.05556
555.0,0.05523
556.0,0.05406
557.0,0.05191
558.0,0.05101
559.0,0.04954
560.0,0.04966
561.0,0.04979
562.0,0.04892
563.0,0.04975
564.0,0.04797
565.0,0.04714
566.0,0.04606
567.0,0.04652
568.0,0.04567
569.0,0.04413
570.0,0.04379
571.0,0.0432
572.0,0.04383
573.0,0.04398
574.0,0.04357
575.0,0.04251
576.0,0.04192
577.0,0.04221
578.0,0.04145
579.0,0.04151
580.0,0.04223
581.0,0.04236
582.0,0.04305
583.0,0.04303
584.0,0.04326
585.0,0.04203
586.0,0.04095
587.0,0.04159
588.0,0.04022
589.0,0.03518
590.0,0.03658
591.0,0.0386
592.0,0.03773
593.0,0.03807
594.0,0.03743
595.0,0.03608
596.0,0.03738
597.0,0.0366
598.0,0.03623
599.0,0.03597
600.0,0.0358
601.0,0.0353
602.0,0.03486
603.0,0.03527
604.0,0.03571
605.0,0.03541
606.0,0.03518
607.0,0.03547
608.0,0.03503
609.0,0.03504
610.0,0.03475
611.0,0.03489
612.0,0.03475
613.0,0.03426
614.0,0.03374
615.0,0.03442
616.0,0.03323
617.0,0.03309
618.0,0.03429
619.0,0.03385
620.0,0.03396
621.0,0.03386
622.0,0.03334
623.0,0.03271
624.0,0.03204
625.0,0.03186
626.0,0.03223
627.0,0.03243
628.0,0.02962
629.0,0.03125
630.0,0.03041
631.0,0.0312
632.0,0.03077
633.0,0.0317
634.0,0.03138
635.0,0.03181
636.0,0.03134
637.0,0.0318
638.0,0.03207
639.0,0.03166
640.0,0.0313
641.0,0.03122
642.0,0.03103
643.0,0.03137
644.0,0.03121
645.0,0.03114
646.0,0.03025
647.0,0.02963
648.0,0.02958
649.0,0.02888
650.0,0.02913
651.0,0.03032
652.0,0.02877
653.0,0.02974
654.0,0.02932
655.0,0.02803
656.0,0.02483
657.0,0.02544
658.0,0.02849
659.0,0.02863
660.0,0.02867
661.0,0.02879
662.0,0.02873
663.0,0.02808
664.0,0.02837
665.0,0.02834
666.0,0.02829
667.0,0.0282
668.0,0.02816
669.0,0.02851
670.0,0.0283
671.0,0.02822
672.0,0.02791
673.0,0.02827
674.0,0.02807
675.0,0.02773
676.0,0.02783
677.0,0.02748
678.0,0.02748
679.0,0.02695
680.0,0.02707
681.0,0.02679
682.0,0.02665
683.0,0.02649
684.0,0.02625
685.0,0.02638
686.0,0.02611
687.0,0.0157
688.0,0.01879
689.0,0.01881
690.0,0.01989
691.0,0.02117
692.0,0.02217
693.0,0.0219
694.0,0.02171
695.0,0.02278
696.0,0.02274
697.0,0.02437
698.0,0.0239
699.0,0.02302
700.0,0.02265
701.0,0.02224
702.0,0.0224
703.0,0.02238
704.0,0.02313
705.0,0.02306
706.0,0.02299
707.0,0.02293
708.0,0.02287
709.0,0.0229
710.0,0.02275
711.0,0.02267
712.0,0.02256
713.0,0.02218
714.0,0.02218
715.0,0.02128
716.0,0.02119
717.0,0.01763
718.0,0.01606
719.0,0.01458
720.0,0.01518
721.0,0.01702
722.0,0.01986
723.0,0.01818
724.0,0.01605
725.0,0.01569
726.0,0.0164
727.0,0.01668
728.0,0.01545
729.0,0.01615
730.0,0.01699
731.0,0.01614
732.0,0.01744
733.0,0.01859
734.0,0.01902
735.0,0.0185
736.0,0.01838
737.0,0.01837
738.0,0.01877
739.0,0.01832
740.0,0.01876
741.0,0.01852
742.0,0.01848
743.0,0.01887
744.0,0.01874
745.0,0.01867
746.0,0.01866
747.0,0.01862
748.0,0.0185
749.0,0.01821
750.0,0.01813
751.0,0.01789
752.0,0.0179
753.0,0.01793
754.0,0.0179
755.0,0.01773
756.0,0.01766
757.0,0.01761
758.0,0.01731
759.0,0.01675
760.0,0.00247
761.0,0.001315
762.0,0.007428
763.0,0.003682
764.0,0.005487
765.0,0.007324
766.0,0.00915
767.0,0.01194
768.0,0.01432
769.0,0.01473
770.0,0.01538
771.0,0.01554
772.0,0.01552
773.0,0.01555
774.0,0.0154
775.0,0.0152
776.0,0.01531
777.0,0.01503
778.0,0.01485
779.0,0.01479
780.0,0.01464
781.0,0.0146
782.0,0.01464
783.0,0.01434
784.0,0.01436
785.0,0.01419
786.0,0.01429
787.0,0.0139
788.0,0.01364
789.0,0.01358
790.0,0.01306
791.0,0.01322
792.0,0.01309
793.0,0.01281
794.0,0.01308
795.0,0.01322
796.0,0.0126
797.0,0.01255
798.0,0.01302
799.0,0.01285
800.0,0.01254
801.0,0.0124
802.0,0.0123
803.0,0.01213
804.0,0.01211
805.0,0.01206
806.0,0.01242
807.0,0.01219
808.0,0.01214
809.0,0.01179
810.0,0.01161
811.0,0.01152
812.0,0.011
813.0,0.01069
814.0,0.009138
815.0,0.009053
816.0,0.008316
817.0,0.008439
818.0,0.008052
819.0,0.009142
820.0,0.008518
821.0,0.01024
822.0,0.009854
823.0,0.006269
824.0,0.009394
825.0,0.009919
826.0,0.009397
827.0,0.009999
828.0,0.008153
829.0,0.009258
830.0,0.009087
831.0,0.00908
832.0,0.008709
833.0,0.00938
834.0,0.008935
835.0,0.009995
836.0,0.009364
837.0,0.009934
838.0,0.009514
839.0,0.00969
840.0,0.009879
841.0,0.009661
842.0,0.009687
843.0,0.009694
844.0,0.009486
845.0,0.009798
846.0,0.009719
847.0,0.009508
848.0,0.009378
849.0,0.009065
850.0,0.008641
851.0,0.009073
852.0,0.008974
853.0,0.008613
854.0,0.007388
855.0,0.008109
856.0,0.008818
857.0,0.008999
858.0,0.008894
859.0,0.008878
860.0,0.008867
861.0,0.008785
862.0,0.008898
863.0,0.009079
864.0,0.008596
865.0,0.008491
866.0,0.007606
867.0,0.007908
868.0,0.008573
869.0,0.008363
870.0,0.008569
871.0,0.008418
872.0,0.008356
873.0,0.008305
874.0,0.008172
875.0,0.00797
876.0,0.008017
877.0,0.008065
878.0,0.008114
879.0,0.007956
880.0,0.007753
881.0,0.007592
882.0,0.00772
883.0,0.007723
884.0,0.007648
885.0,0.007669
886.0,0.007243
887.0,0.007317
888.0,0.007378
889.0,0.007459
890.0,0.007325
891.0,0.007304
892.0,0.00702
893.0,0.006724
894.0,0.00636
895.0,0.00587
896.0,0.005453
897.0,0.004545
898.0,0.004994
899.0,0.00365
900.0,0.005141
901.0,0.003819
902.0,0.004594
903.0,0.004579
904.0,0.006046
905.0,0.005778
906.0,0.005341
907.0,0.004129
908.0,0.004237
909.0,0.004639
910.0,0.003972
911.0,0.004311
912.0,0.00449
913.0,0.00398
914.0,0.003949
915.0,0.004273
916.0,0.00356
917.0,0.004648
918.0,0.003619
919.0,0.004726
920.0,0.004847
921.0,0.005033
922.0,0.004383
923.0,0.004833
924.0,0.004434
925.0,0.004317
926.0,0.004339
927.0,0.004926
928.0,0.003367
929.0,0.003017
930.0,0.002287
931.0,0.00215
932.0,0.0015
933.0,0.001201
934.0,0.0006411
935.0,0.001226
936.0,0.0007488
937.0,0.0007553
938.0,0.000929
939.0,0.00201
940.0,0.002454
941.0,0.001794
942.0,0.002088
943.0,0.001332
944.0,0.00142
945.0,0.001825
946.0,0.0008903
947.0,0.001811
948.0,0.001314
949.0,0.002467
950.0,0.0006365
951.0,0.002411
952.0,0.001236
953.0,0.001619
954.0,0.002019
955.0,0.001632
956.0,0.001615
957.0,0.001213
958.0,0.002329
959.0,0.00178
960.0,0.001998
961.0,0.002281
962.0,0.002146
963.0,0.00252
964.0,0.002279
965.0,0.002483
966.0,0.002478
967.0,0.002448
968.0,0.003531
969.0,0.003645
970.0,0.003301
971.0,0.003904
972.0,0.003677
973.0,0.003065
974.0,0.002889
975.0,0.003012
976.0,0.00279
977.0,0.003311
978.0,0.00307
979.0,0.003237
980.0,0.003007
981.0,0.003736
982.0,0.003511
983.0,0.00333
984.0,0.003871
985.0,0.003452
986.0,0.003952
987.0,0.003824
988.0,0.003806
989.0,0.003921
990.0,0.003747
991.0,0.003886
992.0,0.003901
993.0,0.003764
994.0,0.003879
995.0,0.003869
996.0,0.00383
997.0,0.003827
998.0,0.003793
999.0,0.003768
1000.0,0.003716
1001.0,0.003761
1002.0,0.003594
1003.0,0.003664
1004.0,0.003547
1005.0,0.003422
1006.0,0.003534
1007.0,0.003599
1008.0,0.003558
1009.0,0.003516
1010.0,0.003483
1011.0,0.003528
1012.0,0.003476
1013.0,0.003497
1014.0,0.003459
1015.0,0.003422
1016.0,0.003392
1017.0,0.003386
1018.0,0.003366
1019.0,0.003263
1020.0,0.00332
1021.0,0.003306
1022.0,0.003261
1023.0,0.003283
1024.0,0.00321
1025.0,0.003262
1026.0,0.003231
1027.0,0.003212
1028.0,0.003192
1029.0,0.003141
1030.0,0.003157
1031.0,0.00313
1032.0,0.003111
1033.0,0.003052
1034.0,0.003041
1035.0,0.003039
1036.0,0.003041
1037.0,0.002981
1038.0,0.002983
1039.0,0.002969
1040.0,0.002946
1041.0,0.002945
1042.0,0.002913
1043.0,0.002892
1044.0,0.00289
1045.0,0.002839
1046.0,0.002795
1047.0,0.002809
1048.0,0.002813
1049.0,0.002792
1050.0,0.002767
1051.0,0.002752
1052.0,0.002729
1053.0,0.002696
1054.0,0.00269
1055.0,0.002679
1056.0,0.002657
1057.0,0.002636
1058.0,0.00256
1059.0,0.002551
1060.0,0.002537
1061.0,0.002523
1062.0,0.002524
1063.0,0.002489
1064.0,0.00251
1065.0,0.002477
1066.0,0.002423
1067.0,0.002444
1068.0,0.002378
1069.0,0.0023
1070.0,0.002366
1071.0,0.002406
1072.0,0.00236
1073.0,0.00232
1074.0,0.002387
1075.0,0.002229
1076.0,0.002365
1077.0,0.002298
1078.0,0.002237
1079.0,0.002309
1080.0,0.002234
1081.0,0.002142
1082.0,0.002195
1083.0,0.002202
1084.0,0.002105
1085.0,0.002204
1086.0,0.001957
1087.0,0.002047
1088.0,0.002155
1089.0,0.002048
1090.0,0.00198
1091.0,0.002116
1092.0,0.002108
1093.0,0.001702
1094.0,0.001905
1095.0,0.001765
1096.0,0.001665
1097.0,0.002024
1098.0,0.001618
1099.0,0.00169
1100.0,0.001538
1101.0,0.001564
1102.0,0.00147
1103.0,0.001438
1104.0,0.001438
1105.0,0.001608
1106.0,0.001142
1107.0,0.001501
1108.0,0.001215
1109.0,0.001215
1110.0,0.001457
1111.0,0.0009161
1112.0,0.001195
1113.0,0.0007065
1114.0,0.0007896
1115.0,0.0006454
1116.0,0.0004989
1117.0,0.0001747
1118.0,0.0005418
1119.0,0.000259
1120.0,0.0003245
1121.0,0.000433
1122.0,0.0001769
1123.0,0.0002901
1124.0,0.0002437
1125.0,0.0003189
1126.0,0.0001069
1127.0,0.0003578
1128.0,0.0002085
1129.0,0.0002209
1130.0,0.0001438
1131.0,0.0006934
1132.0,0.0005351
1133.0,0.0003281
1134.0,8.084e-05
1135.0,3.029e-05
1136.0,0.0002685
1137.0,0.0006634
1138.0,0.0004602
1139.0,0.0007172
1140.0,0.0005829
1141.0,0.0004329
1142.0,0.0005012
1143.0,0.0007281
1144.0,0.0002398
1145.0,0.0003033
1146.0,0.0003261
1147.0,0.0001109
1148.0,0.0006139
1149.0,0.0004795
1150.0,0.0002544
1151.0,0.0004366
1152.0,0.0005451
1153.0,0.0005358
1154.0,0.0002855
1155.0,0.0007093
1156.0,0.0006284
1157.0,0.0007218
1158.0,0.0007111
1159.0,0.0007724
1160.0,0.0006515
1161.0,0.0008293
1162.0,0.0008267
1163.0,0.001185
1164.0,0.0009846
1165.0,0.0009067
1166.0,0.0009113
1167.0,0.001002
1168.0,0.001009
1169.0,0.001036
1170.0,0.001144
1171.0,0.001109
1172.0,0.00114
1173.0,0.00113
1174.0,0.0007571
1175.0,0.00111
1176.0,0.00125
1177.0,0.001173
1178.0,0.0008349
1179.0,0.001246
1180.0,0.001071
1181.0,0.001106
1182.0,0.0007133
1183.0,0.001088
1184.0,0.0009975
1185.0,0.0009467
1186.0,0.001168
1187.0,0.001092
1188.0,0.0007073
1189.0,0.001007
1190.0,0.001129
1191.0,0.00104
1192.0,0.001141
1193.0,0.001078
1194.0,0.001116
1195.0,0.001033
1196.0,0.0009804
1197.0,0.001115
1198.0,0.001006
1199.0,0.0008134
1200.0,0.001043
1201.0,0.0009865
1202.0,0.0009904
1203.0,0.0009724
1204.0,0.0008274
1205.0,0.001014
1206.0,0.001143
1207.0,0.0009684
1208.0,0.0009626
1209.0,0.0009792
1210.0,0.001028
1211.0,0.0009621
1212.0,0.0009261
1213.0,0.001069
1214.0,0.0009502
1215.0,0.0009272
1216.0,0.001058
1217.0,0.001019
1218.0,0.001042
1219.0,0.001021
1220.0,0.001037
1221.0,0.001052
1222.0,0.001015
1223.0,0.0009991
1224.0,0.0009808
1225.0,0.001029
1226.0,0.00104
1227.0,0.0009321
1228.0,0.001042
1229.0,0.00103
1230.0,0.001005
1231.0,0.001044
1232.0,0.001033
1233.0,0.0009772
1234.0,0.001037
1235.0,0.001024
1236.0,0.001031
1237.0,0.001007
1238.0,0.001021
1239.0,0.001004
1240.0,0.001006
1241.0,0.0009928
1242.0,0.000992
1243.0,0.000981
1244.0,0.000983
1245.0,0.000985
1246.0,0.0009764
1247.0,0.0009679
1248.0,0.0009615
1249.0,0.0009638
1250.0,0.0009533
1251.0,0.0009347
1252.0,0.0009361
1253.0,0.0009181
1254.0,0.0009006
1255.0,0.0009244
1256.0,0.0008821
1257.0,0.0008718
1258.0,0.0008958
1259.0,0.000841
1260.0,0.0008452
1261.0,0.0007736
1262.0,0.0007379
1263.0,0.0007366
1264.0,0.0006578
1265.0,0.0007278
1266.0,0.0006859
1267.0,0.0007042
1268.0,0.0006528
1269.0,0.0003633
1270.0,0.0006921
1271.0,0.0007518
1272.0,0.0007534
1273.0,0.0007408
1274.0,0.0007441
1275.0,0.0007561
1276.0,0.0007654
1277.0,0.0007738
1278.0,0.0007946
1279.0,0.0007856
1280.0,0.0007729
1281.0,0.0007396
1282.0,0.0007175
1283.0,0.0007689
1284.0,0.0007836
1285.0,0.0007876
1286.0,0.0007996
1287.0,0.0007777
1288.0,0.0007776
1289.0,0.0007372
1290.0,0.0007663
1291.0,0.0007771
1292.0,0.0007051
1293.0,0.0007519
1294.0,0.0007432
1295.0,0.0007295
1296.0,0.0006818
1297.0,0.000634
1298.0,0.0006994
1299.0,0.0007405
1300.0,0.0005927
1301.0,0.0006134
1302.0,0.0006905
1303.0,0.000581
1304.0,0.0004718
1305.0,0.0006671
1306.0,0.0006616
1307.0,0.0004834
1308.0,0.0005757
1309.0,0.0006458
1310.0,0.0004672
1311.0,0.000541
1312.0,0.0005239
1313.0,0.0005044
1314.0,0.0004397
1315.0,0.0004309
1316.0,0.000521
1317.0,0.0004865
1318.0,0.0005386
1319.0,0.0003942
1320.0,0.0003822
1321.0,0.0004553
1322.0,0.0004548
1323.0,0.0003238
1324.0,0.0003815
1325.0,0.000495
1326.0,0.0004113
1327.0,0.0003872
1328.0,0.0003255
1329.0,0.0002333
1330.0,0.0003103
1331.0,0.0001779
1332.0,0.0001842
1333.0,0.0002587
1334.0,0.0002224
1335.0,0.0003093
1336.0,0.0002376
1337.0,0.0002086
1338.0,0.0002251
1339.0,0.0002238
1340.0,0.0002186
1341.0,0.0002083
1342.0,0.0002192
1343.0,0.0001433
1344.0,8.542e-05
1345.0,0.0001228
1346.0,5.987e-05
1347.0,6.061e-05
1348.0,3.901e-06
1349.0,1.4e-05
1350.0,1.451e-05
1351.0,3.507e-06
1352.0,9.433e-07
1353.0,4.801e-08
1354.0,1.65e-07
1355.0,1.329e-09
1356.0,2.325e-08
1357.0,3.533e-08
1358.0,1.56e-09
1359.0,1.965e-10
1360.0,7.101e-10
1361.0,7.943e-13
1362.0,2.173e-15
1363.0,9.549e-10
1364.0,3.942e-10
1365.0,7.587e-16
1366.0,4.138e-09
1367.0,1.689e-09
1368.0,5.858e-18
1369.0,1.453e-10
1370.0,7.154e-11
1371.0,4.055e-12
1372.0,9.161e-10
1373.0,1.846e-08
1374.0,8.56e-08
1375.0,1.553e-07
1376.0,1.392e-07
1377.0,6.36e-08
1378.0,6.218e-07
1379.0,2.657e-08
1380.0,3.819e-08
1381.0,9.948e-10
1382.0,8.029e-10
1383.0,1.2e-11
1384.0,1.574e-10
1385.0,7.526e-10
1386.0,7.079e-10
1387.0,8.562e-08
1388.0,1.684e-09
1389.0,2.891e-07
1390.0,2.481e-07
1391.0,1.65e-07
1392.0,1.07e-08
1393.0,5.667e-08
1394.0,2.921e-08
1395.0,2.14e-10
1396.0,1.034e-12
1397.0,2.231e-08
1398.0,6.597e-07
1399.0,4.173e-07
1400.0,4.423e-13
1401.0,1.835e-12
1402.0,1.156e-06
1403.0,1.448e-06
1404.0,4.398e-07
1405.0,1.013e-10
1406.0,1.137e-06
1407.0,1.002e-07
1408.0,9.25e-07
1409.0,3.083e-07
1410.0,2.469e-07
1411.0,1.245e-06
1412.0,1.68e-06
1413.0,1.748e-05
1414.0,1.927e-07
1415.0,9.204e-08
1416.0,2.892e-05
1417.0,8.532e-06
1418.0,9.66e-06
1419.0,1.487e-06
1420.0,5.87e-06
1421.0,6.333e-06
1422.0,3.717e-05
1423.0,7.125e-06
1424.0,1.338e-05
1425.0,1.954e-05
1426.0,2.239e-05
1427.0,4.17e-05
1428.0,2.909e-06
1429.0,3.066e-05
1430.0,5.312e-05
1431.0,5.847e-05
1432.0,2.261e-06
1433.0,3.657e-05
1434.0,1.836e-05
1435.0,1.777e-05
1436.0,3.506e-05
1437.0,2.679e-05
1438.0,1.105e-05
1439.0,4.768e-05
1440.0,3.562e-05
1441.0,2.657e-05
1442.0,2.942e-05
1443.0,3.759e-05
1444.0,5.251e-05
1445.0,4.02e-05
1446.0,1.78e-05
1447.0,2.809e-05
1448.0,0.0001011
1449.0,8.66e-05
1450.0,2.071e-05
1451.0,8.143e-06
1452.0,5.052e-05
1453.0,6.672e-05
1454.0,0.0001199
1455.0,5.411e-05
1456.0,7.219e-05
1457.0,9.931e-05
1458.0,0.0001205
1459.0,0.0001425
1460.0,7.147e-05
1461.0,7.299e-05
1462.0,0.0001102
1463.0,3.38e-05
1464.0,0.0001332
1465.0,7.862e-05
1466.0,5.1e-05
1467.0,2.601e-05
1468.0,6.054e-05
1469.0,7.561e-05
1470.0,3.583e-05
1471.0,1.271e-05
1472.0,3.404e-05
1473.0,5.32e-05
1474.0,8.008e-05
1475.0,0.0001587
1476.0,5.311e-05
1477.0,5.29e-05
1478.0,4.976e-05
1479.0,9.843e-05
1480.0,4.528e-05
1481.0,9.261e-05
1482.0,4.45e-05
1483.0,0.0001225
1484.0,0.0001154
1485.0,0.0001011
1486.0,9.775e-05
1487.0,4.271e-05
1488.0,7.795e-05
1489.0,0.0001623
1490.0,0.0001505
1491.0,0.0001732
1492.0,0.0001357
1493.0,0.000153
1494.0,0.0001778
1495.0,0.0001547
1496.0,0.0001429
1497.0,0.00021
1498.0,0.000164
1499.0,0.0001951
1500.0,0.0002333
1501.0,0.000244
1502.0,0.0002029
1503.0,0.0001655
1504.0,0.000128
1505.0,0.000159
1506.0,0.0002442
1507.0,0.0002324
1508.0,0.0002202
1509.0,0.0001589
1510.0,0.0002533
1511.0,0.0002407
1512.0,0.0002413
1513.0,0.0002137
1514.0,0.0001963
1515.0,0.0002473
1516.0,0.0002342
1517.0,0.0002247
1518.0,0.000225
1519.0,0.0002167
1520.0,0.0002368
1521.0,0.0002605
1522.0,0.0002418
1523.0,0.0002636
1524.0,0.0002527
1525.0,0.0002358
1526.0,0.0002392
1527.0,0.0002379
1528.0,0.0002583
1529.0,0.0002433
1530.0,0.0002356
1531.0,0.0002431
1532.0,0.0002563
1533.0,0.0002565
1534.0,0.0002507
1535.0,0.0002475
1536.0,0.0002529
1537.0,0.0002457
1538.0,0.0002495
1539.0,0.0002438
1540.0,0.0002451
1541.0,0.0002459
1542.0,0.0002416
1543.0,0.0002465
1544.0,0.0002419
1545.0,0.0002475
1546.0,0.000242
1547.0,0.0002388
1548.0,0.0002382
1549.0,0.0002402
1550.0,0.0002377
1551.0,0.0002387
1552.0,0.0002355
1553.0,0.0002345
1554.0,0.0002316
1555.0,0.000232
1556.0,0.0002311
1557.0,0.0002334
1558.0,0.0002315
1559.0,0.0002294
1560.0,0.0002304
1561.0,0.0002315
1562.0,0.0002276
1563.0,0.0002254
1564.0,0.0002258
1565.0,0.0002261
1566.0,0.0002223
1567.0,0.0002223
1568.0,0.0002194
1569.0,0.0002206
1570.0,0.0002219
1571.0,0.0002231
1572.0,0.0002211
1573.0,0.0002189
1574.0,0.0002104
1575.0,0.0002072
1576.0,0.000203
1577.0,0.0001972
1578.0,0.0002062
1579.0,0.000207
1580.0,0.0002085
1581.0,0.000205
1582.0,0.0002006
1583.0,0.0002008
1584.0,0.000205
1585.0,0.000207
1586.0,0.0002038
1587.0,0.0002001
1588.0,0.0001948
1589.0,0.0001884
1590.0,0.0001919
1591.0,0.0001963
1592.0,0.000201
1593.0,0.0002043
1594.0,0.000203
1595.0,0.0002002
1596.0,0.0001937
1597.0,0.0001976
1598.0,0.0002006
1599.0,0.0001979
1600.0,0.0001964
1601.0,0.0001929
1602.0,0.0001927
1603.0,0.0001947
1604.0,0.0001927
1605.0,0.0001921
1606.0,0.0001895
1607.0,0.0001907
1608.0,0.0001897
1609.0,0.0001845
1610.0,0.0001802
1611.0,0.0001829
1612.0,0.0001848
1613.0,0.0001843
1614.0,0.000184
1615.0,0.0001796
1616.0,0.0001763
1617.0,0.000179
1618.0,0.000182
1619.0,0.0001777
1620.0,0.0001741
1621.0,0.0001755
1622.0,0.0001778
1623.0,0.00018
1624.0,0.0001772
1625.0,0.0001761
1626.0,0.000176
1627.0,0.000177
1628.0,0.0001759
1629.0,0.0001741
1630.0,0.0001725
1631.0,0.0001706
1632.0,0.0001701
1633.0,0.0001634
1634.0,0.0001681
1635.0,0.0001638
1636.0,0.000163
1637.0,0.0001613
1638.0,0.000149
1639.0,0.000157
1640.0,0.0001468
1641.0,0.0001547
1642.0,0.0001581
1643.0,0.0001448
1644.0,0.0001575
1645.0,0.0001502
1646.0,0.0001441
1647.0,0.0001587
1648.0,0.0001431
1649.0,0.0001532
1650.0,0.0001543
1651.0,0.0001382
1652.0,0.0001514
1653.0,0.000153
1654.0,0.0001411
1655.0,0.0001522
1656.0,0.0001479
1657.0,0.0001493
1658.0,0.0001521
1659.0,0.0001502
1660.0,0.0001512
1661.0,0.0001498
1662.0,0.0001441
1663.0,0.0001489
1664.0,0.0001468
1665.0,0.0001351
1666.0,0.0001031
1667.0,0.0001332
1668.0,0.0001408
1669.0,0.0001412
1670.0,0.0001441
1671.0,0.0001389
1672.0,0.0001375
1673.0,0.0001407
1674.0,0.000136
1675.0,0.0001339
1676.0,0.000135
1677.0,0.0001339
1678.0,0.0001285
1679.0,0.0001332
1680.0,0.0001272
1681.0,0.0001217
1682.0,0.0001299
1683.0,0.0001323
1684.0,0.0001183
1685.0,0.0001332
1686.0,0.0001324
1687.0,0.0001251
1688.0,0.0001307
1689.0,0.000129
1690.0,0.0001278
1691.0,0.0001126
1692.0,0.0001262
1693.0,0.0001308
1694.0,0.0001237
1695.0,0.0001284
1696.0,0.0001284
1697.0,0.000102
1698.0,0.0001261
1699.0,0.0001241
1700.0,0.0001195
1702.0,0.000122
1705.0,0.0001162
1710.0,0.0001082
1715.0,0.0001074
1720.0,0.0001055
1725.0,9.558e-05
1730.0,9.374e-05
1735.0,8.643e-05
1740.0,8.634e-05
1745.0,7.966e-05
1750.0,8.465e-05
1755.0,7.599e-05
1760.0,7.903e-05
1765.0,6.185e-05
1770.0,6.559e-05
1775.0,5.033e-05
1780.0,4.179e-05
1785.0,3.014e-05
1790.0,3.491e-05
1795.0,1.61e-05
1800.0,1.111e-05
1805.0,4.361e-06
1810.0,2.833e-06
1815.0,8.187e-07
1820.0,2.048e-07
1825.0,2.673e-07
1830.0,6.514e-10
1835.0,9.863e-10
1840.0,5.755e-12
1845.0,6.153e-10
1850.0,2.778e-10
1855.0,2.655e-11
1860.0,1.521e-09
1865.0,2.12e-09
1870.0,1.16e-14
1875.0,2.096e-14
1880.0,1.116e-08
1885.0,5.949e-09
1890.0,3.263e-08
1895.0,1.893e-08
1900.0,8.092e-11
1905.0,5.512e-11
1910.0,2.669e-09
1915.0,2.601e-09
1920.0,6.82e-08
1925.0,1.602e-07
1930.0,9.253e-08
1935.0,7.054e-07
1940.0,7.006e-07
1945.0,2.888e-06
1950.0,5.646e-06
1955.0,5.014e-06
1960.0,8.918e-06
1965.0,1.325e-05
1970.0,1.905e-05
1975.0,2.166e-05
1980.0,2.177e-05
1985.0,2.356e-05
1990.0,2.422e-05
1995.0,2.567e-05
2000.0,2.716e-05
2005.0,2.205e-05
2010.0,3.344e-05
2015.0,2.486e-05
2020.0,2.677e-05
2025.0,2.956e-05
2030.0,2.641e-05
2035.0,2.935e-05
2040.0,2.731e-05
2045.0,2.806e-05
2050.0,2.855e-05
2055.0,2.682e-05
2060.0,2.557e-05
2065.0,2.594e-05
2070.0,2.531e-05
2075.0,2.597e-05
2080.0,2.504e-05
2085.0,2.467e-05
2090.0,2.48e-05
2095.0,2.376e-05
2100.0,2.165e-05
2105.0,2.354e-05
2110.0,2.216e-05
2115.0,2.272e-05
2120.0,2.089e-05
2125.0,2.114e-05
2130.0,2.135e-05
2135.0,2.135e-05
2140.0,2.138e-05
2145.0,2.096e-05
2150.0,1.913e-05
2155.0,1.897e-05
2160.0,1.867e-05
2165.0,1.679e-05
2170.0,1.787e-05
2175.0,1.71e-05
2180.0,1.757e-05
2185.0,1.531e-05
2190.0,1.66e-05
2195.0,1.626e-05
2200.0,1.372e-05
2205.0,1.464e-05
2210.0,1.613e-05
2215.0,1.509e-05
2220.0,1.536e-05
2225.0,1.469e-05
2230.0,1.465e-05
2235.0,1.409e-05
2240.0,1.379e-05
2245.0,1.297e-05
2250.0,1.327e-05
2255.0,1.202e-05
2260.0,1.169e-05
2265.0,1.201e-05
2270.0,1.1e-05
2275.0,1.071e-05
2280.0,1.134e-05
2285.0,1.033e-05
2290.0,1.026e-05
2295.0,9.878e-06
2300.0,9.151e-06
2305.0,9.177e-06
2310.0,1.033e-05
2315.0,8.877e-06
2320.0,7.535e-06
2325.0,8.656e-06
2330.0,8.501e-06
2335.0,8.71e-06
2340.0,6.372e-06
2345.0,7.247e-06
2350.0,5.557e-06
2355.0,6.51e-06
2360.0,6.946e-06
2365.0,6.868e-06
2370.0,3.699e-06
2375.0,5.794e-06
2380.0,5.513e-06
2385.0,3.776e-06
2390.0,4.536e-06
2395.0,5.005e-06
2400.0,5.499e-06
2405.0,4.042e-06
2410.0,4.017e-06
2415.0,3.109e-06
2420.0,2.997e-06
2425.0,3.79e-06
2430.0,5.282e-06
2435.0,1.548e-06
2440.0,5.082e-06
2445.0,2.188e-06
2450.0,1.361e-06
2455.0,2.642e-06
2460.0,3.566e-06
2465.0,2.453e-06
2470.0,1.603e-06
2475.0,1.553e-06
2480.0,7.234e-07
2485.0,4.701e-07
2490.0,2.702e-07
2495.0,2.338e-07
2500.0,5.804e-07
2505.0,1.179e-07
2510.0,1.735e-07
2515.0,3.672e-08
2520.0,2.064e-08
2525.0,2.354e-09
2530.0,1.639e-11
2535.0,3.624e-12
2540.0,8.598e-12
2545.0,6.668e-16
2550.0,2.704e-18
2555.0,1.298e-14
2560.0,3.895e-16
2565.0,8.719000000000001e-20
2570.0,2.596e-24
2575.0,1.6420000000000002e-34
2580.0,1.7120000000000001e-28
2585.0,3.579e-42
2590.0,2.2329999999999999e-38
2595.0,4.345e-40
2600.0,3.577e-35
2605.0,3.9530000000000005e-42
2610.0,1.361e-41
2615.0,1.4009999999999999e-45
2620.0,1.1990000000000001e-35
2625.0,2.196e-35
2630.0,0.0
2635.0,1.143e-21
2640.0,2.4749999999999996e-22
2645.0,1.079e-24
2650.0,1.075e-25
2655.0,1.292e-34
2660.0,1.088e-31
2665.0,9.808999999999999e-45
2670.0,0.0
2675.0,5.185e-44
2680.0,2.206e-30
2685.0,2.1080000000000002e-31
2690.0,7.886e-31
2695.0,3.0939999999999996e-33
2700.0,9.010999999999999e-29
2705.0,2.556e-26
2710.0,2.0350000000000003e-31
2715.0,2.57e-29
2720.0,0.0
2725.0,5.754e-27
2730.0,1.677e-24
2735.0,1.9130000000000003e-26
2740.0,3.455e-32
2745.0,4.455e-27
2750.0,2.4970000000000002e-26
2755.0,4.0170000000000003e-28
2760.0,6.018999999999999e-23
2765.0,2.825e-29
2770.0,1.388e-26
2775.0,1.714e-23
2780.0,7.979e-21
2785.0,2.996e-20
2790.0,6.83e-18
2795.0,1.503e-18
2800.0,4.797e-15
2805.0,8.969e-17
2810.0,3.596e-13
2815.0,1.073e-13
2820.0,1.311e-15
2825.0,1.15e-11
2830.0,2.5e-10
2835.0,3.444e-15
2840.0,7.369e-12
2845.0,2.55e-09
2850.0,4.414e-11
2855.0,1.763e-11
2860.0,9.166e-10
2865.0,6.758e-09
2870.0,1.714e-10
2875.0,1.645e-08
2880.0,1.037e-08
2885.0,1.708e-08
2890.0,7.259e-09
2895.0,1.237e-07
2900.0,3.449e-08
2905.0,3.992e-09
2910.0,1.262e-07
2915.0,5.356e-08
2920.0,1.329e-07
2925.0,4.738e-08
2930.0,2.868e-07
2935.0,3.163e-07
2940.0,7.08e-08
2945.0,6.079e-08
2950.0,2.454e-07
2955.0,1.093e-07
2960.0,2.168e-07
2965.0,3.672e-07
2970.0,1.438e-08
2975.0,3.643e-08
2980.0,5.668e-08
2985.0,3.336e-07
2990.0,5.058e-07
2995.0,1.919e-07
3000.0,3.649e-07
3005.0,1.241e-07
3010.0,3.194e-07
3015.0,2.475e-07
3020.0,2.236e-08
3025.0,3.412e-07
3030.0,2.687e-07
3035.0,1.021e-07
3040.0,7.981e-08
3045.0,1.714e-07
3050.0,3.885e-08
3055.0,9.505e-09
3060.0,2.67e-07
3065.0,1.13e-07
3070.0,6.347e-08
3075.0,2.488e-07
3080.0,1.445e-07
3085.0,6.38e-08
3090.0,8.675e-08
3095.0,2.134e-08
3100.0,1.734e-07
3105.0,3.249e-08
3110.0,2.719e-08
3115.0,8.16e-08
3120.0,4.006e-07
3125.0,1.175e-07
3130.0,2.335e-07
3135.0,4.686e-07
3140.0,1.243e-07
3145.0,1.219e-07
3150.0,2.575e-07
3155.0,2.167e-07
3160.0,3.598e-07
3165.0,5.672e-07
3170.0,5.022e-07
3175.0,3.514e-07
3180.0,4.156e-07
3185.0,2.897e-07
3190.0,1.518e-07
3195.0,8.418e-08
3200.0,1.188e-08
3205.0,7.761e-09
3210.0,3.233e-09
3215.0,1.314e-08
3220.0,4.614e-08
3225.0,5.306e-09
3230.0,8.813e-09
3235.0,2.474e-07
3240.0,1.123e-07
3245.0,2.132e-08
3250.0,7.865e-08
3255.0,3.381e-07
3260.0,3.363e-08
3265.0,7.282e-08
3270.0,3.428e-08
3275.0,2.072e-07
3280.0,8.791e-08
3285.0,3.833e-07
3290.0,2.872e-07
3295.0,3.524e-08
3300.0,5.237e-08
3305.0,1.203e-07
3310.0,1.142e-07
3315.0,1.655e-10
3320.0,1.043e-09
3325.0,9.589e-08
3330.0,1.461e-07
3335.0,2.831e-07
3340.0,1.041e-07
3345.0,1.009e-07
3350.0,2.527e-07
3355.0,1.021e-07
3360.0,1.569e-07
3365.0,2.219e-07
3370.0,1.07e-07
3375.0,2.608e-07
3380.0,1.409e-07
3385.0,2.24e-07
3390.0,2.944e-07
3395.0,2.858e-07
3400.0,3.878e-07
3405.0,1.173e-07
3410.0,2.069e-07
3415.0,2.006e-07
3420.0,4.042e-07
3425.0,2.872e-07
3430.0,2.418e-07
3435.0,3.465e-07
3440.0,2.2e-07
3445.0,3.296e-07
3450.0,3.213e-07
3455.0,2.282e-07
3460.0,3.669e-07
3465.0,2.694e-07
3470.0,3.545e-07
3475.0,3.061e-07
3480.0,3.135e-07
3485.0,3.419e-07
3490.0,2.837e-07
3495.0,3.434e-07
3500.0,3.312e-07
3505.0,3.266e-07
3510.0,3.305e-07
3515.0,3.133e-07
3520.0,3.338e-07
3525.0,3.093e-07
3530.0,2.986e-07
3535.0,2.423e-07
3540.0,2.287e-07
3545.0,2.421e-07
3550.0,2.743e-07
3555.0,2.287e-07
3560.0,2.805e-07
3565.0,2.792e-07
3570.0,2.087e-07
3575.0,2.147e-07
3580.0,2.604e-07
3585.0,2.258e-07
3590.0,2.362e-07
3595.0,2.42e-07
3600.0,2.59e-07
3605.0,2.572e-07
3610.0,2.321e-07
3615.0,2.33e-07
3620.0,2.928e-07
3625.0,2.474e-07
3630.0,2.408e-07
3635.0,2.481e-07
3640.0,2.818e-07
3645.0,2.51e-07
3650.0,2.381e-07
3655.0,2.614e-07
3660.0,2.589e-07
3665.0,2.362e-07
3670.0,1.76e-07
3675.0,9.868e-08
3680.0,1.819e-07
3685.0,2.103e-07
3690.0,2.169e-07
3695.0,2.278e-07
3700.0,2.487e-07
3705.0,2.434e-07
3710.0,2.051e-07
3715.0,2.016e-07
3720.0,2.32e-07
3725.0,2.384e-07
3730.0,2.008e-07
3735.0,1.804e-07
3740.0,1.859e-07
3745.0,2.219e-07
3750.0,1.977e-07
3755.0,1.897e-07
3760.0,1.851e-07
3765.0,1.772e-07
3770.0,1.917e-07
3775.0,1.883e-07
3780.0,2.008e-07
3785.0,1.798e-07
3790.0,1.552e-07
3795.0,1.81e-07
3800.0,2.064e-07
3805.0,1.908e-07
3810.0,1.641e-07
3815.0,1.52e-07
3820.0,1.976e-07
3825.0,1.919e-07
3830.0,1.948e-07
3835.0,1.468e-07
3840.0,1.777e-07
3845.0,1.714e-07
3850.0,1.72e-07
3855.0,1.627e-07
3860.0,1.488e-07
3865.0,1.495e-07
3870.0,1.321e-07
3875.0,1.175e-07
3880.0,1.124e-07
3885.0,1.167e-07
3890.0,1.182e-07
3895.0,1.316e-07
3900.0,1.415e-07
3905.0,1.405e-07
3910.0,1.222e-07
3915.0,1.181e-07
3920.0,1.175e-07
3925.0,1.147e-07
3930.0,1.189e-07
3935.0,1.247e-07
3940.0,1.261e-07
3945.0,1.285e-07
3950.0,1.305e-07
3955.0,1.318e-07
3960.0,1.328e-07
3965.0,1.337e-07
3970.0,1.314e-07
3975.0,1.266e-07
3980.0,1.24e-07
3985.0,1.241e-07
3990.0,1.217e-07
3995.0,1.18e-07
4000.0,1.122e-07
