interpolation:linear
wavelength,value
280.0,8.872e-21
280.5,2.678e-19
281.0,1.396e-18
281.5,4.761e-19
282.0,1.484e-18
282.5,3.923e-18
283.0,1.264e-17
283.5,2.066e-17
284.0,3.272e-16
284.5,9.322e-16
285.0,1.835e-15
285.5,9.665e-15
286.0,3.938e-14
286.5,1.774e-13
287.0,5.061e-13
287.5,1.922e-12
288.0,5.048e-12
288.5,1.801e-11
289.0,5.422e-11
289.5,1.807e-10
290.0,5.345e-10
290.5,1.14e-09
291.0,2.558e-09
291.5,7.849e-09
292.0,1.857e-08
292.5,2.891e-08
293.0,7.099e-08
293.5,2.094e-07
294.0,3.78e-07
294.5,4.576e-07
295.0,8.929e-07
295.5,2.348e-06
296.0,4.545e-06
296.5,6.396e-06
297.0,8.714e-06
297.5,2.377e-05
298.0,3.82e-05
298.5,3.913e-05
299.0,8.812e-05
299.5,0.0001536
300.0,0.0001745
300.5,0.0002625
301.0,0.0005125
301.5,0.0008882
302.0,0.0007976
302.5,0.001515
303.0,0.002624
303.5,0.003231
304.0,0.003002
304.5,0.004386
305.0,0.006474
305.5,0.007284
306.0,0.006985
306.5,0.00859
307.0,0.01247
307.5,0.01625
308.0,0.01705
308.5,0.0199
309.0,0.0201
309.5,0.02223
310.0,0.02196
310.5,0.0352
311.0,0.04357
311.5,0.04172
312.0,0.04073
312.5,0.04878
313.0,0.05238
313.5,0.05092
314.0,0.06257
314.5,0.0544
315.0,0.07101
315.5,0.05956
316.0,0.05121
316.5,0.07259
317.0,0.08976
317.5,0.09325
318.0,0.07204
318.5,0.08824
319.0,0.1039
319.5,0.08489
320.0,0.1023
320.5,0.1264
321.0,0.1114
321.5,0.1063
322.0,0.1136
322.5,0.09835
323.0,0.09715
323.5,0.1198
324.0,0.1392
324.5,0.141
325.0,0.1202
325.5,0.1535
326.0,0.1888
326.5,0.1881
327.0,0.1868
327.5,0.1798
328.0,0.1599
328.5,0.1668
329.0,0.1987
329.5,0.2246
330.0,0.2257
330.5,0.18
331.0,0.1828
331.5,0.1848
332.0,0.1988
332.5,0.1959
333.0,0.1945
333.5,0.1754
334.0,0.1789
334.5,0.2056
335.0,0.1925
335.5,0.2286
336.0,0.1576
336.5,0.18
337.0,0.147
337.5,0.1821
338.0,0.1772
338.5,0.2071
339.0,0.2032
339.5,0.1954
340.0,0.2252
340.5,0.2022
341.0,0.199
341.5,0.1805
342.0,0.2145
342.5,0.1996
343.0,0.2195
343.5,0.2066
344.0,0.1506
344.5,0.1541
345.0,0.201
345.5,0.2037
346.0,0.1721
346.5,0.1938
347.0,0.2079
347.5,0.1677
348.0,0.1896
348.5,0.1883
349.0,0.1739
349.5,0.1715
350.0,0.2112
350.5,0.2219
351.0,0.1977
351.5,0.1925
352.0,0.2051
352.5,0.159
353.0,0.1992
353.5,0.212
354.0,0.2191
354.5,0.2213
355.0,0.2198
355.5,0.1977
356.0,0.2059
356.5,0.1751
357.0,0.1441
357.5,0.1756
358.0,0.1386
358.5,0.1179
359.0,0.1643
359.5,0.2087
360.0,0.2203
360.5,0.1753
361.0,0.1591
361.5,0.1824
362.0,0.1571
362.5,0.2165
363.0,0.1937
363.5,0.1777
364.0,0.2164
364.5,0.1843
365.0,0.1869
365.5,0.2336
366.0,0.2465
366.5,0.2307
367.0,0.2237
367.5,0.2312
368.0,0.2015
368.5,0.2025
369.0,0.2178
369.5,0.2312
370.0,0.2455
370.5,0.1898
371.0,0.202
371.5,0.2516
372.0,0.1663
372.5,0.1986
373.0,0.2012
373.5,0.1304
374.0,0.1887
374.5,0.1557
375.0,0.1507
375.5,0.2241
376.0,0.185
376.5,0.191
377.0,0.2014
377.5,0.2346
378.0,0.2533
378.5,0.2384
379.0,0.1959
379.5,0.1782
380.0,0.1844
380.5,0.2224
381.0,0.2219
381.5,0.1752
382.0,0.1549
382.5,0.1315
383.0,0.1212
383.5,0.1163
384.0,0.1277
384.5,0.1871
385.0,0.1848
385.5,0.1714
386.0,0.1462
386.5,0.1913
387.0,0.1583
387.5,0.177
388.0,0.1628
388.5,0.1602
389.0,0.1722
389.5,0.2077
390.0,0.2076
390.5,0.1903
391.0,0.223
391.5,0.2265
392.0,0.19
392.5,0.1694
393.0,0.09386
393.5,0.06795
394.0,0.1377
394.5,0.1744
395.0,0.2119
395.5,0.2144
396.0,0.1851
396.5,0.1078
397.0,0.08055
397.5,0.1631
398.0,0.2275
398.5,0.2342
399.0,0.2526
399.5,0.2507
400.0,0.2593
401.0,0.2547
402.0,0.2664
403.0,0.251
404.0,0.2451
405.0,0.2431
406.0,0.2372
407.0,0.2314
408.0,0.2384
409.0,0.2532
410.0,0.2195
411.0,0.2359
412.0,0.2513
413.0,0.2431
414.0,0.2441
415.0,0.2428
416.0,0.245
417.0,0.237
418.0,0.2307
419.0,0.2318
420.0,0.2288
421.0,0.2374
422.0,0.2238
423.0,0.2167
424.0,0.2273
425.0,0.225
426.0,0.2174
427.0,0.2117
428.0,0.2046
429.0,0.1923
430.0,0.167
431.0,0.1641
432.0,0.2101
433.0,0.2095
434.0,0.1929
435.0,0.1999
436.0,0.2236
437.0,0.2189
438.0,0.1978
439.0,0.203
440.0,0.2078
441.0,0.2135
442.0,0.2271
443.0,0.2194
444.0,0.2225
445.0,0.216
446.0,0.2045
447.0,0.2194
448.0,0.2209
449.0,0.22
450.0,0.2243
451.0,0.2307
452.0,0.2205
453.0,0.2058
454.0,0.2132
455.0,0.2128
456.0,0.2161
457.0,0.2178
458.0,0.2087
459.0,0.2059
460.0,0.2048
461.0,0.2078
462.0,0.2079
463.0,0.205
464.0,0.2003
465.0,0.1963
466.0,0.1967
467.0,0.1915
468.0,0.1921
469.0,0.1915
470.0,0.184
471.0,0.1824
472.0,0.1908
473.0,0.1869
474.0,0.1857
475.0,0.1858
476.0,0.1787
477.0,0.1777
478.0,0.1811
479.0,0.1784
480.0,0.1773
481.0,0.179
482.0,0.1785
483.0,0.175
484.0,0.1702
485.0,0.161
486.0,0.1397
487.0,0.1453
488.0,0.1582
489.0,0.1574
490.0,0.1644
491.0,0.1603
492.0,0.1502
493.0,0.154
494.0,0.1544
495.0,0.1545
496.0,0.1543
497.0,0.1555
498.0,0.147
499.0,0.1477
500.0,0.1422
501.0,0.1384
502.0,0.1352
503.0,0.1395
504.0,0.1348
505.0,0.1387
506.0,0.1421
507.0,0.1343
508.0,0.1292
509.0,0.1319
510.0,0.1304
511.0,0.1329
512.0,0.1334
513.0,0.1253
514.0,0.1235
515.0,0.1214
516.0,0.1202
517.0,0.1061
518.0,0.1107
519.0,0.1153
520.0,0.1185
521.0,0.1188
522.0,0.118
523.0,0.115
524.0,0.1183
525.0,0.1188
526.0,0.1126
527.0,0.1052
528.0,0.1104
529.0,0.1155
530.0,0.1131
531.0,0.1139
532.0,0.1092
533.0,0.1053
534.0,0.1077
535.0,0.1093
536.0,0.1096
537.0,0.1045
538.0,0.1056
539.0,0.1041
540.0,0.09915
541.0,0.09909
542.0,0.1014
543.0,0.09964
544.0,0.1007
545.0,0.09983
546.0,0.09957
547.0,0.09882
548.0,0.09697
549.0,0.09662
550.0,0.09712
551.0,0.09528
552.0,0.09527
553.0,0.09292
554.0,0.0945
555.0,0.09405
556.0,0.09216
557.0,0.08864
558.0,0.08731
559.0,0.08503
560.0,0.08546
561.0,0.08592
562.0,0.08466
563.0,0.08634
564.0,0.08341
565.0,0.08213
566.0,0.08035
567.0,0.08128
568.0,0.07998
569.0,0.07751
570.0,0.07698
571.0,0.07601
572.0,0.07727
573.0,0.0776
574.0,0.07689
575.0,0.075
576.0,0.07385
577.0,0.0742
578.0,0.07268
579.0,0.07257
580.0,0.07356
581.0,0.07351
582.0,0.07447
583.0,0.07427
584.0,0.07453
585.0,0.07229
586.0,0.07033
587.0,0.07138
588.0,0.06917
589.0,0.06077
590.0,0.0632
591.0,0.06656
592.0,0.06524
593.0,0.06582
594.0,0.06489
595.0,0.06283
596.0,0.065
597.0,0.06387
598.0,0.0633
599.0,0.06294
600.0,0.06266
601.0,0.0618
602.0,0.06101
603.0,0.06165
604.0,0.06231
605.0,0.06165
606.0,0.06108
607.0,0.06137
608.0,0.06036
609.0,0.06014
610.0,0.05941
611.0,0.05942
612.0,0.05895
613.0,0.0579
614.0,0.05681
615.0,0.05775
616.0,0.05557
617.0,0.05518
618.0,0.05701
619.0,0.05614
620.0,0.0562
621.0,0.05595
622.0,0.05499
623.0,0.05383
624.0,0.05262
625.0,0.05225
626.0,0.05277
627.0,0.05305
628.0,0.04899
629.0,0.05113
630.0,0.04967
631.0,0.05061
632.0,0.04976
633.0,0.05108
634.0,0.05037
635.0,0.05089
636.0,0.04997
637.0,0.05054
638.0,0.05079
639.0,0.04998
640.0,0.04924
641.0,0.04896
642.0,0.04852
643.0,0.04895
644.0,0.04857
645.0,0.04838
646.0,0.04696
647.0,0.0461
648.0,0.04587
649.0,0.04475
650.0,0.04483
651.0,0.04655
652.0,0.04425
653.0,0.04546
654.0,0.04475
655.0,0.04278
656.0,0.03777
657.0,0.03861
658.0,0.0431
659.0,0.04321
660.0,0.04317
661.0,0.04324
662.0,0.04312
663.0,0.04208
664.0,0.04239
665.0,0.04223
666.0,0.04206
667.0,0.04183
668.0,0.04165
669.0,0.04209
670.0,0.04169
671.0,0.04149
672.0,0.04097
673.0,0.04143
674.0,0.04106
675.0,0.04048
676.0,0.04057
677.0,0.03999
678.0,0.03993
679.0,0.0391
680.0,0.03923
681.0,0.03878
682.0,0.03854
683.0,0.03828
684.0,0.03789
685.0,0.03801
686.0,0.03761
687.0,0.0239
688.0,0.0283
689.0,0.02827
690.0,0.02965
691.0,0.03124
692.0,0.03239
693.0,0.03194
694.0,0.03146
695.0,0.03273
696.0,0.0326
697.0,0.0347
698.0,0.034
699.0,0.03288
700.0,0.03232
701.0,0.03182
702.0,0.03195
703.0,0.03184
704.0,0.03277
705.0,0.03265
706.0,0.0325
707.0,0.03238
708.0,0.03229
709.0,0.03221
710.0,0.03203
711.0,0.03189
712.0,0.0317
713.0,0.03121
714.0,0.03115
715.0,0.02997
716.0,0.02984
717.0,0.02532
718.0,0.02295
719.0,0.02074
720.0,0.02172
721.0,0.02415
722.0,0.02796
723.0,0.02564
724.0,0.02273
725.0,0.02224
726.0,0.0233
727.0,0.02351
728.0,0.02188
729.0,0.02273
730.0,0.02405
731.0,0.02279
732.0,0.02445
733.0,0.02594
734.0,0.02647
735.0,0.02577
736.0,0.02563
737.0,0.0256
738.0,0.02596
739.0,0.02532
740.0,0.02588
741.0,0.02552
742.0,0.02543
743.0,0.02594
744.0,0.02574
745.0,0.02562
746.0,0.02562
747.0,0.02556
748.0,0.02537
749.0,0.02495
750.0,0.02482
751.0,0.02446
752.0,0.02446
753.0,0.02446
754.0,0.02439
755.0,0.02414
756.0,0.02403
757.0,0.02395
758.0,0.02354
759.0,0.0229
760.0,0.003278
761.0,0.001669
762.0,0.01076
763.0,0.005053
764.0,0.007792
765.0,0.0106
766.0,0.01327
767.0,0.01704
768.0,0.0199
769.0,0.0203
770.0,0.02099
771.0,0.0211
772.0,0.02106
773.0,0.02109
774.0,0.02088
775.0,0.02063
776.0,0.02079
777.0,0.02041
778.0,0.02018
779.0,0.0201
780.0,0.01989
781.0,0.01982
782.0,0.01985
783.0,0.01942
784.0,0.01943
785.0,0.0192
786.0,0.01932
787.0,0.01886
788.0,0.01852
789.0,0.01842
790.0,0.01779
791.0,0.01791
792.0,0.0177
793.0,0.01732
794.0,0.0176
795.0,0.0178
796.0,0.01709
797.0,0.01705
798.0,0.01754
799.0,0.01733
800.0,0.01693
801.0,0.01678
802.0,0.01666
803.0,0.01645
804.0,0.0164
805.0,0.01629
806.0,0.0167
807.0,0.01641
808.0,0.01636
809.0,0.01595
810.0,0.01573
811.0,0.01566
812.0,0.01508
813.0,0.01465
814.0,0.01262
815.0,0.01248
816.0,0.01144
817.0,0.01163
818.0,0.01112
819.0,0.01257
820.0,0.0117
821.0,0.01393
822.0,0.01341
823.0,0.008609
824.0,0.01285
825.0,0.0134
826.0,0.01275
827.0,0.01351
828.0,0.01115
829.0,0.01252
830.0,0.01229
831.0,0.01229
832.0,0.0118
833.0,0.01268
834.0,0.01211
835.0,0.0134
836.0,0.01268
837.0,0.01332
838.0,0.01282
839.0,0.01301
840.0,0.01325
841.0,0.01299
842.0,0.01298
843.0,0.01294
844.0,0.01269
845.0,0.01308
846.0,0.01296
847.0,0.01267
848.0,0.01253
849.0,0.01212
850.0,0.01156
851.0,0.01217
852.0,0.01203
853.0,0.01153
854.0,0.009906
855.0,0.01085
856.0,0.0118
857.0,0.01203
858.0,0.01189
859.0,0.01185
860.0,0.01182
861.0,0.01171
862.0,0.01185
863.0,0.01208
864.0,0.01143
865.0,0.01129
866.0,0.01011
867.0,0.0105
868.0,0.01138
869.0,0.0111
870.0,0.01137
871.0,0.01117
872.0,0.01108
873.0,0.01101
874.0,0.01083
875.0,0.01056
876.0,0.01063
877.0,0.01069
878.0,0.01076
879.0,0.01055
880.0,0.01028
881.0,0.01008
882.0,0.01026
883.0,0.01025
884.0,0.01016
885.0,0.01019
886.0,0.009653
887.0,0.00973
888.0,0.009823
889.0,0.009909
890.0,0.009762
891.0,0.009717
892.0,0.00938
893.0,0.00901
894.0,0.008597
895.0,0.008014
896.0,0.007424
897.0,0.006213
898.0,0.006842
899.0,0.00497
900.0,0.007005
901.0,0.005251
902.0,0.006286
903.0,0.006295
904.0,0.008184
905.0,0.007826
906.0,0.007243
907.0,0.00566
908.0,0.005784
909.0,0.006341
910.0,0.005456
911.0,0.005858
912.0,0.006145
913.0,0.005471
914.0,0.005404
915.0,0.005916
916.0,0.004855
917.0,0.006395
918.0,0.004966
919.0,0.006468
920.0,0.006532
921.0,0.006845
922.0,0.005983
923.0,0.006558
924.0,0.006103
925.0,0.005923
926.0,0.005988
927.0,0.006777
928.0,0.004695
929.0,0.004214
930.0,0.003176
931.0,0.002976
932.0,0.00204
933.0,0.001608
934.0,0.00082
935.0,0.001641
936.0,0.0009678
937.0,0.0009769
938.0,0.001223
939.0,0.002785
940.0,0.003436
941.0,0.002487
942.0,0.002923
943.0,0.001804
944.0,0.001912
945.0,0.002525
946.0,0.001172
947.0,0.002512
948.0,0.001766
949.0,0.003488
950.0,0.0008171
951.0,0.003408
952.0,0.001665
953.0,0.002223
954.0,0.002814
955.0,0.002249
956.0,0.002159
957.0,0.001638
958.0,0.003199
959.0,0.002437
960.0,0.00277
961.0,0.003156
962.0,0.002952
963.0,0.003474
964.0,0.003125
965.0,0.003435
966.0,0.003423
967.0,0.003388
968.0,0.004777
969.0,0.005006
970.0,0.00451
971.0,0.00528
972.0,0.004986
973.0,0.004217
974.0,0.003957
975.0,0.004114
976.0,0.003855
977.0,0.004482
978.0,0.004199
979.0,0.004425
980.0,0.004094
981.0,0.005051
982.0,0.004771
983.0,0.004533
984.0,0.00519
985.0,0.004702
986.0,0.005265
987.0,0.005121
988.0,0.005089
989.0,0.005203
990.0,0.005024
991.0,0.005171
992.0,0.005184
993.0,0.005028
994.0,0.005148
995.0,0.005126
996.0,0.005079
997.0,0.005069
998.0,0.005025
999.0,0.00499
1000.0,0.004931
1001.0,0.004981
1002.0,0.004801
1003.0,0.004854
1004.0,0.00471
1005.0,0.004528
1006.0,0.004681
1007.0,0.004764
1008.0,0.004717
1009.0,0.00467
1010.0,0.00463
1011.0,0.004671
1012.0,0.004607
1013.0,0.004626
1014.0,0.004577
1015.0,0.004529
1016.0,0.00449
1017.0,0.004483
1018.0,0.004451
1019.0,0.00433
1020.0,0.004392
1021.0,0.00437
1022.0,0.004316
1023.0,0.004346
1024.0,0.004265
1025.0,0.004314
1026.0,0.004277
1027.0,0.004251
1028.0,0.004226
1029.0,0.004161
1030.0,0.004177
1031.0,0.004142
1032.0,0.004115
1033.0,0.004037
1034.0,0.004022
1035.0,0.004019
1036.0,0.004024
1037.0,0.003944
1038.0,0.003947
1039.0,0.00393
1040.0,0.003899
1041.0,0.003899
1042.0,0.003857
1043.0,0.003831
1044.0,0.00383
1045.0,0.003764
1046.0,0.003707
1047.0,0.003726
1048.0,0.003733
1049.0,0.003706
1050.0,0.003675
1051.0,0.003655
1052.0,0.003626
1053.0,0.003584
1054.0,0.003578
1055.0,0.003566
1056.0,0.003539
1057.0,0.003514
1058.0,0.003415
1059.0,0.003405
1060.0,0.003387
1061.0,0.00337
1062.0,0.003374
1063.0,0.003328
1064.0,0.003356
1065.0,0.003317
1066.0,0.003241
1067.0,0.00327
1068.0,0.003185
1069.0,0.003076
1070.0,0.003167
1071.0,0.003211
1072.0,0.003157
1073.0,0.003102
1074.0,0.003179
1075.0,0.002989
1076.0,0.003152
1077.0,0.003072
1078.0,0.002999
1079.0,0.00307
1080.0,0.002987
1081.0,0.002878
1082.0,0.00293
1083.0,0.002931
1084.0,0.00283
1085.0,0.002947
1086.0,0.002636
1087.0,0.002747
1088.0,0.00287
1089.0,0.002754
1090.0,0.002664
1091.0,0.002824
1092.0,0.002811
1093.0,0.002311
1094.0,0.002548
1095.0,0.002408
1096.0,0.002277
1097.0,0.002701
1098.0,0.002223
1099.0,0.00232
1100.0,0.002115
1101.0,0.002145
1102.0,0.002028
1103.0,0.00199
1104.0,0.001987
1105.0,0.002212
1106.0,0.001599
1107.0,0.002066
1108.0,0.001689
1109.0,0.001688
1110.0,0.002022
1111.0,0.001274
1112.0,0.00166
1113.0,0.0009728
1114.0,0.001101
1115.0,0.0008856
1116.0,0.0006786
1117.0,0.0002187
1118.0,0.0007434
1119.0,0.0003353
1120.0,0.0004305
1121.0,0.0005907
1122.0,0.0002229
1123.0,0.0003805
1124.0,0.0003147
1125.0,0.000423
1126.0,0.0001301
1127.0,0.0004796
1128.0,0.0002673
1129.0,0.000285
1130.0,0.0001787
1131.0,0.0009875
1132.0,0.0007438
1133.0,0.0004393
1134.0,9.676e-05
1135.0,3.449e-05
1136.0,0.0003532
1137.0,0.0009472
1138.0,0.0006333
1139.0,0.001007
1140.0,0.000813
1141.0,0.000592
1142.0,0.0006931
1143.0,0.001036
1144.0,0.0003111
1145.0,0.0004051
1146.0,0.0004387
1147.0,0.0001362
1148.0,0.0008623
1149.0,0.0006618
1150.0,0.0003306
1151.0,0.0006002
1152.0,0.0007619
1153.0,0.0007395
1154.0,0.0003789
1155.0,0.001002
1156.0,0.0008831
1157.0,0.001008
1158.0,0.0009924
1159.0,0.001086
1160.0,0.0008996
1161.0,0.00115
1162.0,0.001147
1163.0,0.001632
1164.0,0.001358
1165.0,0.001261
1166.0,0.00125
1167.0,0.001376
1168.0,0.001388
1169.0,0.001428
1170.0,0.001566
1171.0,0.001513
1172.0,0.001541
1173.0,0.001545
1174.0,0.001037
1175.0,0.001502
1176.0,0.001669
1177.0,0.001584
1178.0,0.001129
1179.0,0.001667
1180.0,0.001451
1181.0,0.001502
1182.0,0.000971
1183.0,0.001476
1184.0,0.001355
1185.0,0.001293
1186.0,0.001576
1187.0,0.001483
1188.0,0.0009751
1189.0,0.001364
1190.0,0.001516
1191.0,0.00142
1192.0,0.001531
1193.0,0.001451
1194.0,0.0015
1195.0,0.001404
1196.0,0.001339
1197.0,0.001498
1198.0,0.001347
1199.0,0.001114
1200.0,0.001406
1201.0,0.001343
1202.0,0.001331
1203.0,0.001324
1204.0,0.001123
1205.0,0.001358
1206.0,0.001523
1207.0,0.001311
1208.0,0.001295
1209.0,0.001317
1210.0,0.001377
1211.0,0.001295
1212.0,0.001271
1213.0,0.001438
1214.0,0.001299
1215.0,0.001266
1216.0,0.001419
1217.0,0.001371
1218.0,0.001398
1219.0,0.001374
1220.0,0.001391
1221.0,0.001404
1222.0,0.001357
1223.0,0.001339
1224.0,0.001324
1225.0,0.001377
1226.0,0.001384
1227.0,0.001259
1228.0,0.001384
1229.0,0.001371
1230.0,0.001341
1231.0,0.001382
1232.0,0.001369
1233.0,0.001309
1234.0,0.001369
1235.0,0.001355
1236.0,0.001361
1237.0,0.001335
1238.0,0.001348
1239.0,0.001326
1240.0,0.001327
1241.0,0.001315
1242.0,0.001309
1243.0,0.001294
1244.0,0.001298
1245.0,0.0013
1246.0,0.001288
1247.0,0.001279
1248.0,0.001273
1249.0,0.001274
1250.0,0.001261
1251.0,0.00124
1252.0,0.001238
1253.0,0.001221
1254.0,0.001203
1255.0,0.001224
1256.0,0.001181
1257.0,0.001169
1258.0,0.001191
1259.0,0.001137
1260.0,0.00114
1261.0,0.001064
1262.0,0.001024
1263.0,0.001023
1264.0,0.0009301
1265.0,0.001011
1266.0,0.000963
1267.0,0.0009814
1268.0,0.0009206
1269.0,0.0005279
1270.0,0.0009682
1271.0,0.001033
1272.0,0.001034
1273.0,0.001019
1274.0,0.00102
1275.0,0.001033
1276.0,0.001042
1277.0,0.001047
1278.0,0.001068
1279.0,0.001054
1280.0,0.001038
1281.0,0.000989
1282.0,0.0009528
1283.0,0.001022
1284.0,0.001043
1285.0,0.001047
1286.0,0.001059
1287.0,0.001037
1288.0,0.001034
1289.0,0.0009923
1290.0,0.001019
1291.0,0.00103
1292.0,0.0009537
1293.0,0.001001
1294.0,0.0009897
1295.0,0.0009804
1296.0,0.0009255
1297.0,0.0008655
1298.0,0.0009411
1299.0,0.0009842
1300.0,0.0008069
1301.0,0.0008345
1302.0,0.0009276
1303.0,0.0007897
1304.0,0.0006533
1305.0,0.0008966
1306.0,0.0008942
1307.0,0.0006633
1308.0,0.0007783
1309.0,0.0008785
1310.0,0.0006432
1311.0,0.0007349
1312.0,0.0007126
1313.0,0.0006931
1314.0,0.0006059
1315.0,0.0005981
1316.0,0.0007119
1317.0,0.0006654
1318.0,0.0007321
1319.0,0.0005463
1320.0,0.0005252
1321.0,0.0006261
1322.0,0.0006311
1323.0,0.0004517
1324.0,0.0005263
1325.0,0.0006807
1326.0,0.0005679
1327.0,0.0005356
1328.0,0.00045
1329.0,0.0003229
1330.0,0.0004352
1331.0,0.000243
1332.0,0.0002518
1333.0,0.0003656
1334.0,0.0003015
1335.0,0.0004344
1336.0,0.00033
1337.0,0.0002857
1338.0,0.0003118
1339.0,0.00031
1340.0,0.0002991
1341.0,0.0002897
1342.0,0.0003055
1343.0,0.0001949
1344.0,0.0001098
1345.0,0.0001645
1346.0,7.536e-05
1347.0,7.638e-05
1348.0,4.274e-06
1349.0,1.603e-05
1350.0,1.666e-05
1351.0,3.83e-06
1352.0,1.006e-06
1353.0,5.024e-08
1354.0,1.735e-07
1355.0,1.384e-09
1356.0,2.429e-08
1357.0,3.694e-08
1358.0,1.625e-09
1359.0,2.046e-10
1360.0,7.396e-10
1361.0,8.268e-13
1362.0,2.262e-15
1363.0,9.945e-10
1364.0,4.105e-10
1365.0,7.896e-16
1366.0,4.313e-09
1367.0,1.76e-09
1368.0,6.097e-18
1369.0,1.512e-10
1370.0,7.446e-11
1371.0,4.22e-12
1372.0,9.541e-10
1373.0,1.927e-08
1374.0,8.974e-08
1375.0,1.632e-07
1376.0,1.463e-07
1377.0,6.661e-08
1378.0,6.603e-07
1379.0,2.777e-08
1380.0,3.993e-08
1381.0,1.036e-09
1382.0,8.36e-10
1383.0,1.249e-11
1384.0,1.638e-10
1385.0,7.836e-10
1386.0,7.37e-10
1387.0,8.974e-08
1388.0,1.754e-09
1389.0,3.049e-07
1390.0,2.615e-07
1391.0,1.735e-07
1392.0,1.116e-08
1393.0,5.931e-08
1394.0,3.051e-08
1395.0,2.227e-10
1396.0,1.076e-12
1397.0,2.33e-08
1398.0,7.007e-07
1399.0,4.414e-07
1400.0,4.601e-13
1401.0,1.909e-12
1402.0,1.237e-06
1403.0,1.555e-06
1404.0,4.656e-07
1405.0,1.054e-10
1406.0,1.216e-06
1407.0,1.051e-07
1408.0,9.865e-07
1409.0,3.253e-07
1410.0,2.601e-07
1411.0,1.334e-06
1412.0,1.808e-06
1413.0,2.03e-05
1414.0,2.028e-07
1415.0,9.647e-08
1416.0,3.46e-05
1417.0,9.587e-06
1418.0,1.091e-05
1419.0,1.598e-06
1420.0,6.513e-06
1421.0,7.045e-06
1422.0,4.53e-05
1423.0,7.964e-06
1424.0,1.534e-05
1425.0,2.284e-05
1426.0,2.638e-05
1427.0,5.124e-05
1428.0,3.167e-06
1429.0,3.69e-05
1430.0,6.64e-05
1431.0,7.363e-05
1432.0,2.447e-06
1433.0,4.442e-05
1434.0,2.138e-05
1435.0,2.065e-05
1436.0,4.249e-05
1437.0,3.19e-05
1438.0,1.255e-05
1439.0,5.922e-05
1440.0,4.335e-05
1441.0,3.168e-05
1442.0,3.537e-05
1443.0,4.593e-05
1444.0,6.575e-05
1445.0,4.932e-05
1446.0,2.075e-05
1447.0,3.362e-05
1448.0,0.0001336
1449.0,0.0001129
1450.0,2.433e-05
1451.0,9.161e-06
1452.0,6.315e-05
1453.0,8.541e-05
1454.0,0.0001603
1455.0,6.794e-05
1456.0,9.304e-05
1457.0,0.0001312
1458.0,0.0001601
1459.0,0.0001926
1460.0,9.131e-05
1461.0,9.427e-05
1462.0,0.0001466
1463.0,4.101e-05
1464.0,0.0001791
1465.0,0.000101
1466.0,6.407e-05
1467.0,3.11e-05
1468.0,7.714e-05
1469.0,9.781e-05
1470.0,4.396e-05
1471.0,1.461e-05
1472.0,4.166e-05
1473.0,6.74e-05
1474.0,0.0001043
1475.0,0.0002174
1476.0,6.705e-05
1477.0,6.702e-05
1478.0,6.229e-05
1479.0,0.0001301
1480.0,5.661e-05
1481.0,0.0001226
1482.0,5.536e-05
1483.0,0.0001653
1484.0,0.0001532
1485.0,0.0001331
1486.0,0.0001301
1487.0,5.35e-05
1488.0,0.000102
1489.0,0.0002209
1490.0,0.0002014
1491.0,0.0002332
1492.0,0.0001844
1493.0,0.0002064
1494.0,0.0002376
1495.0,0.0002069
1496.0,0.0001915
1497.0,0.0002774
1498.0,0.0002176
1499.0,0.0002604
1500.0,0.0003064
1501.0,0.0003244
1502.0,0.0002674
1503.0,0.0002208
1504.0,0.0001708
1505.0,0.0002113
1506.0,0.0003214
1507.0,0.0003062
1508.0,0.0002894
1509.0,0.0002107
1510.0,0.0003314
1511.0,0.0003182
1512.0,0.0003149
1513.0,0.0002843
1514.0,0.0002622
1515.0,0.0003221
1516.0,0.0003058
1517.0,0.000297
1518.0,0.0002953
1519.0,0.0002872
1520.0,0.0003119
1521.0,0.0003352
1522.0,0.0003159
1523.0,0.0003387
1524.0,0.0003269
1525.0,0.0003097
1526.0,0.0003141
1527.0,0.0003103
1528.0,0.0003327
1529.0,0.0003143
1530.0,0.0003076
1531.0,0.0003156
1532.0,0.000329
1533.0,0.0003284
1534.0,0.0003217
1535.0,0.0003188
1536.0,0.0003245
1537.0,0.0003163
1538.0,0.0003194
1539.0,0.000313
1540.0,0.0003135
1541.0,0.0003149
1542.0,0.0003104
1543.0,0.0003155
1544.0,0.0003107
1545.0,0.0003164
1546.0,0.0003105
1547.0,0.0003056
1548.0,0.0003049
1549.0,0.000307
1550.0,0.0003041
1551.0,0.0003055
1552.0,0.0003022
1553.0,0.0002999
1554.0,0.0002965
1555.0,0.0002966
1556.0,0.0002957
1557.0,0.0002985
1558.0,0.0002961
1559.0,0.0002935
1560.0,0.0002949
1561.0,0.0002963
1562.0,0.0002918
1563.0,0.0002889
1564.0,0.0002895
1565.0,0.0002894
1566.0,0.0002849
1567.0,0.0002848
1568.0,0.0002813
1569.0,0.0002825
1570.0,0.0002845
1571.0,0.0002861
1572.0,0.0002837
1573.0,0.0002812
1574.0,0.0002706
1575.0,0.0002667
1576.0,0.0002619
1577.0,0.0002545
1578.0,0.0002666
1579.0,0.0002683
1580.0,0.0002701
1581.0,0.0002656
1582.0,0.0002596
1583.0,0.0002602
1584.0,0.0002646
1585.0,0.0002669
1586.0,0.0002631
1587.0,0.0002582
1588.0,0.0002505
1589.0,0.0002422
1590.0,0.000247
1591.0,0.0002526
1592.0,0.0002593
1593.0,0.0002629
1594.0,0.0002617
1595.0,0.0002578
1596.0,0.0002496
1597.0,0.0002553
1598.0,0.0002584
1599.0,0.0002549
1600.0,0.0002527
1601.0,0.0002485
1602.0,0.0002486
1603.0,0.0002505
1604.0,0.000248
1605.0,0.0002472
1606.0,0.0002438
1607.0,0.0002454
1608.0,0.0002445
1609.0,0.0002375
1610.0,0.000232
1611.0,0.0002356
1612.0,0.0002378
1613.0,0.0002376
1614.0,0.000237
1615.0,0.0002312
1616.0,0.0002271
1617.0,0.000231
1618.0,0.0002345
1619.0,0.0002295
1620.0,0.0002242
1621.0,0.0002262
1622.0,0.0002291
1623.0,0.0002319
1624.0,0.0002286
1625.0,0.0002272
1626.0,0.0002271
1627.0,0.0002283
1628.0,0.0002271
1629.0,0.0002246
1630.0,0.0002227
1631.0,0.0002208
1632.0,0.0002198
1633.0,0.0002124
1634.0,0.000217
1635.0,0.0002131
1636.0,0.000211
1637.0,0.0002083
1638.0,0.0001951
1639.0,0.0002028
1640.0,0.0001929
1641.0,0.0002003
1642.0,0.0002039
1643.0,0.0001911
1644.0,0.0002029
1645.0,0.0001961
1646.0,0.0001905
1647.0,0.0002046
1648.0,0.0001889
1649.0,0.0001985
1650.0,0.0001996
1651.0,0.0001834
1652.0,0.0001965
1653.0,0.0001979
1654.0,0.000186
1655.0,0.0001969
1656.0,0.0001929
1657.0,0.000194
1658.0,0.0001962
1659.0,0.0001942
1660.0,0.0001954
1661.0,0.0001938
1662.0,0.0001877
1663.0,0.000192
1664.0,0.0001897
1665.0,0.0001778
1666.0,0.0001421
1667.0,0.0001752
1668.0,0.000182
1669.0,0.0001827
1670.0,0.0001857
1671.0,0.0001797
1672.0,0.0001772
1673.0,0.000181
1674.0,0.0001763
1675.0,0.0001731
1676.0,0.000174
1677.0,0.0001732
1678.0,0.0001674
1679.0,0.0001712
1680.0,0.0001637
1681.0,0.000158
1682.0,0.0001669
1683.0,0.00017
1684.0,0.0001557
1685.0,0.0001711
1686.0,0.0001702
1687.0,0.0001627
1688.0,0.0001683
1689.0,0.000166
1690.0,0.0001649
1691.0,0.0001484
1692.0,0.0001632
1693.0,0.0001679
1694.0,0.0001606
1695.0,0.0001652
1696.0,0.0001648
1697.0,0.0001357
1698.0,0.0001624
1699.0,0.0001597
1700.0,0.0001547
1702.0,0.0001572
1705.0,0.0001508
1710.0,0.0001407
1715.0,0.0001393
1720.0,0.0001363
1725.0,0.000125
1730.0,0.0001222
1735.0,0.0001126
1740.0,0.0001129
1745.0,0.0001039
1750.0,0.0001111
1755.0,9.995e-05
1760.0,0.0001041
1765.0,8.196e-05
1770.0,8.765e-05
1775.0,6.744e-05
1780.0,5.599e-05
1785.0,4.004e-05
1790.0,4.691e-05
1795.0,2.092e-05
1800.0,1.392e-05
1805.0,5.147e-06
1810.0,3.266e-06
1815.0,9.004e-07
1820.0,2.188e-07
1825.0,2.866e-07
1830.0,6.765e-10
1835.0,1.025e-09
1840.0,5.969e-12
1845.0,6.39e-10
1850.0,2.883e-10
1855.0,2.753e-11
1860.0,1.581e-09
1865.0,2.204e-09
1870.0,1.203e-14
1875.0,2.173e-14
1880.0,1.165e-08
1885.0,6.197e-09
1890.0,3.42e-08
1895.0,1.979e-08
1900.0,8.393e-11
1905.0,5.716e-11
1910.0,2.775e-09
1915.0,2.704e-09
1920.0,7.179e-08
1925.0,1.702e-07
1930.0,9.774e-08
1935.0,7.712e-07
1940.0,7.67e-07
1945.0,3.352e-06
1950.0,6.802e-06
1955.0,6.023e-06
1960.0,1.114e-05
1965.0,1.685e-05
1970.0,2.456e-05
1975.0,2.812e-05
1980.0,2.818e-05
1985.0,3.045e-05
1990.0,3.136e-05
1995.0,3.315e-05
2000.0,3.483e-05
2005.0,2.853e-05
2010.0,4.222e-05
2015.0,3.201e-05
2020.0,3.427e-05
2025.0,3.729e-05
2030.0,3.362e-05
2035.0,3.665e-05
2040.0,3.439e-05
2045.0,3.525e-05
2050.0,3.551e-05
2055.0,3.36e-05
2060.0,3.211e-05
2065.0,3.244e-05
2070.0,3.171e-05
2075.0,3.221e-05
2080.0,3.105e-05
2085.0,3.059e-05
2090.0,3.068e-05
2095.0,2.945e-05
2100.0,2.704e-05
2105.0,2.92e-05
2110.0,2.767e-05
2115.0,2.818e-05
2120.0,2.612e-05
2125.0,2.634e-05
2130.0,2.648e-05
2135.0,2.648e-05
2140.0,2.647e-05
2145.0,2.596e-05
2150.0,2.398e-05
2155.0,2.378e-05
2160.0,2.333e-05
2165.0,2.101e-05
2170.0,2.227e-05
2175.0,2.147e-05
2180.0,2.193e-05
2185.0,1.925e-05
2190.0,2.075e-05
2195.0,2.037e-05
2200.0,1.756e-05
2205.0,1.846e-05
2210.0,2.003e-05
2215.0,1.888e-05
2220.0,1.916e-05
2225.0,1.836e-05
2230.0,1.83e-05
2235.0,1.763e-05
2240.0,1.725e-05
2245.0,1.633e-05
2250.0,1.653e-05
2255.0,1.515e-05
2260.0,1.472e-05
2265.0,1.499e-05
2270.0,1.387e-05
2275.0,1.351e-05
2280.0,1.413e-05
2285.0,1.302e-05
2290.0,1.291e-05
2295.0,1.244e-05
2300.0,1.162e-05
2305.0,1.162e-05
2310.0,1.282e-05
2315.0,1.122e-05
2320.0,9.609e-06
2325.0,1.081e-05
2330.0,1.072e-05
2335.0,1.093e-05
2340.0,8.104e-06
2345.0,9.232e-06
2350.0,7.047e-06
2355.0,8.308e-06
2360.0,8.82e-06
2365.0,8.628e-06
2370.0,4.679e-06
2375.0,7.378e-06
2380.0,6.967e-06
2385.0,4.742e-06
2390.0,5.723e-06
2395.0,6.342e-06
2400.0,6.974e-06
2405.0,5.054e-06
2410.0,5.023e-06
2415.0,3.892e-06
2420.0,3.726e-06
2425.0,4.765e-06
2430.0,6.712e-06
2435.0,1.854e-06
2440.0,6.389e-06
2445.0,2.661e-06
2450.0,1.615e-06
2455.0,3.232e-06
2460.0,4.456e-06
2465.0,3.009e-06
2470.0,1.924e-06
2475.0,1.858e-06
2480.0,8.291e-07
2485.0,5.291e-07
2490.0,2.981e-07
2495.0,2.568e-07
2500.0,6.595e-07
2505.0,1.275e-07
2510.0,1.894e-07
2515.0,3.898e-08
2520.0,2.177e-08
2525.0,2.454e-09
2530.0,1.698e-11
2535.0,3.754e-12
2540.0,8.908e-12
2545.0,6.906e-16
2550.0,2.8e-18
2555.0,1.344e-14
2560.0,4.033e-16
2565.0,9.029000000000001e-20
2570.0,2.689e-24
2575.0,1.701e-34
2580.0,1.774e-28
2585.0,3.706e-42
2590.0,2.313e-38
2595.0,4.5e-40
2600.0,3.7040000000000003e-35
2605.0,4.0930000000000006e-42
2610.0,1.4089999999999998e-41
2615.0,1.4009999999999999e-45
2620.0,1.2420000000000001e-35
2625.0,2.2740000000000001e-35
2630.0,0.0
2635.0,1.184e-21
2640.0,2.563e-22
2645.0,1.117e-24
2650.0,1.113e-25
2655.0,1.338e-34
2660.0,1.127e-31
2665.0,1.121e-44
2670.0,0.0
2675.0,5.464999999999999e-44
2680.0,2.284e-30
2685.0,2.183e-31
2690.0,8.166000000000001e-31
2695.0,3.203e-33
2700.0,9.332e-29
2705.0,2.6470000000000003e-26
2710.0,2.107e-31
2715.0,2.661e-29
2720.0,0.0
2725.0,5.958e-27
2730.0,1.737e-24
2735.0,1.9810000000000003e-26
2740.0,3.5780000000000004e-32
2745.0,4.613e-27
2750.0,2.586e-26
2755.0,4.161e-28
2760.0,6.232999999999999e-23
2765.0,2.925e-29
2770.0,1.437e-26
2775.0,1.774e-23
2780.0,8.262000000000001e-21
2785.0,3.1020000000000004e-20
2790.0,7.072e-18
2795.0,1.556e-18
2800.0,4.967e-15
2805.0,9.288e-17
2810.0,3.724e-13
2815.0,1.111e-13
2820.0,1.357e-15
2825.0,1.191e-11
2830.0,2.59e-10
2835.0,3.565e-15
2840.0,7.631e-12
2845.0,2.644e-09
2850.0,4.571e-11
2855.0,1.826e-11
2860.0,9.496e-10
2865.0,7.009e-09
2870.0,1.775e-10
2875.0,1.707e-08
2880.0,1.075e-08
2885.0,1.772e-08
2890.0,7.529e-09
2895.0,1.289e-07
2900.0,3.583e-08
2905.0,4.138e-09
2910.0,1.315e-07
2915.0,5.568e-08
2920.0,1.385e-07
2925.0,4.925e-08
2930.0,2.998e-07
2935.0,3.308e-07
2940.0,7.365e-08
2945.0,6.322e-08
2950.0,2.564e-07
2955.0,1.139e-07
2960.0,2.265e-07
2965.0,3.845e-07
2970.0,1.492e-08
2975.0,3.786e-08
2980.0,5.897e-08
2985.0,3.495e-07
2990.0,5.31e-07
2995.0,2.005e-07
3000.0,3.825e-07
3005.0,1.296e-07
3010.0,3.348e-07
3015.0,2.593e-07
3020.0,2.323e-08
3025.0,3.581e-07
3030.0,2.818e-07
3035.0,1.066e-07
3040.0,8.327e-08
3045.0,1.795e-07
3050.0,4.044e-08
3055.0,9.867e-09
3060.0,2.806e-07
3065.0,1.182e-07
3070.0,6.624e-08
3075.0,2.618e-07
3080.0,1.516e-07
3085.0,6.665e-08
3090.0,9.079e-08
3095.0,2.221e-08
3100.0,1.824e-07
3105.0,3.388e-08
3110.0,2.834e-08
3115.0,8.553e-08
3120.0,4.256e-07
3125.0,1.235e-07
3130.0,2.47e-07
3135.0,5e-07
3140.0,1.309e-07
3145.0,1.284e-07
3150.0,2.735e-07
3155.0,2.297e-07
3160.0,3.841e-07
3165.0,6.09e-07
3170.0,5.386e-07
3175.0,3.762e-07
3180.0,4.457e-07
3185.0,3.101e-07
3190.0,1.61e-07
3195.0,8.887e-08
3200.0,1.239e-08
3205.0,8.084e-09
3210.0,3.361e-09
3215.0,1.372e-08
3220.0,4.854e-08
3225.0,5.525e-09
3230.0,9.19e-09
3235.0,2.663e-07
3240.0,1.195e-07
3245.0,2.234e-08
3250.0,8.34e-08
3255.0,3.67e-07
3260.0,3.539e-08
3265.0,7.726e-08
3270.0,3.609e-08
3275.0,2.227e-07
3280.0,9.352e-08
3285.0,4.182e-07
3290.0,3.122e-07
3295.0,3.715e-08
3300.0,5.545e-08
3305.0,1.289e-07
3310.0,1.224e-07
3315.0,1.715e-10
3320.0,1.083e-09
3325.0,1.026e-07
3330.0,1.571e-07
3335.0,3.086e-07
3340.0,1.112e-07
3345.0,1.079e-07
3350.0,2.736e-07
3355.0,1.089e-07
3360.0,1.682e-07
3365.0,2.384e-07
3370.0,1.139e-07
3375.0,2.8e-07
3380.0,1.503e-07
3385.0,2.398e-07
3390.0,3.164e-07
3395.0,3.062e-07
3400.0,4.151e-07
3405.0,1.244e-07
3410.0,2.202e-07
3415.0,2.138e-07
3420.0,4.313e-07
3425.0,3.071e-07
3430.0,2.583e-07
3435.0,3.701e-07
3440.0,2.354e-07
3445.0,3.528e-07
3450.0,3.446e-07
3455.0,2.444e-07
3460.0,3.931e-07
3465.0,2.897e-07
3470.0,3.802e-07
3475.0,3.293e-07
3480.0,3.374e-07
3485.0,3.675e-07
3490.0,3.06e-07
3495.0,3.696e-07
3500.0,3.567e-07
3505.0,3.515e-07
3510.0,3.56e-07
3515.0,3.395e-07
3520.0,3.626e-07
3525.0,3.37e-07
3530.0,3.266e-07
3535.0,2.658e-07
3540.0,2.512e-07
3545.0,2.667e-07
3550.0,3.017e-07
3555.0,2.518e-07
3560.0,3.089e-07
3565.0,3.084e-07
3570.0,2.301e-07
3575.0,2.379e-07
3580.0,2.881e-07
3585.0,2.504e-07
3590.0,2.616e-07
3595.0,2.674e-07
3600.0,2.863e-07
3605.0,2.855e-07
3610.0,2.576e-07
3615.0,2.578e-07
3620.0,3.236e-07
3625.0,2.752e-07
3630.0,2.673e-07
3635.0,2.756e-07
3640.0,3.119e-07
3645.0,2.796e-07
3650.0,2.648e-07
3655.0,2.902e-07
3660.0,2.871e-07
3665.0,2.637e-07
3670.0,1.959e-07
3675.0,1.091e-07
3680.0,2.036e-07
3685.0,2.355e-07
3690.0,2.431e-07
3695.0,2.543e-07
3700.0,2.763e-07
3705.0,2.709e-07
3710.0,2.297e-07
3715.0,2.253e-07
3720.0,2.589e-07
3725.0,2.661e-07
3730.0,2.248e-07
3735.0,2.025e-07
3740.0,2.085e-07
3745.0,2.482e-07
3750.0,2.215e-07
3755.0,2.128e-07
3760.0,2.085e-07
3765.0,1.995e-07
3770.0,2.152e-07
3775.0,2.116e-07
3780.0,2.256e-07
3785.0,2.029e-07
3790.0,1.752e-07
3795.0,2.039e-07
3800.0,2.32e-07
3805.0,2.152e-07
3810.0,1.861e-07
3815.0,1.721e-07
3820.0,2.227e-07
3825.0,2.166e-07
3830.0,2.196e-07
3835.0,1.672e-07
3840.0,2.016e-07
3845.0,1.95e-07
3850.0,1.957e-07
3855.0,1.855e-07
3860.0,1.706e-07
3865.0,1.715e-07
3870.0,1.522e-07
3875.0,1.356e-07
3880.0,1.297e-07
3885.0,1.347e-07
3890.0,1.365e-07
3895.0,1.518e-07
3900.0,1.626e-07
3905.0,1.616e-07
3910.0,1.412e-07
3915.0,1.366e-07
3920.0,1.358e-07
3925.0,1.327e-07
3930.0,1.375e-07
3935.0,1.441e-07
3940.0,1.457e-07
3945.0,1.481e-07
3950.0,1.504e-07
3955.0,1.518e-07
3960.0,1.529e-07
3965.0,1.537e-07
3970.0,1.512e-07
3975.0,1.461e-07
3980.0,1.431e-07
3985.0,1.433e-07
3990.0,1.406e-07
3995.0,1.365e-07
4000.0,1.301e-07
