interpolation:linear
wavelength,value
280.0,4.0179999999999996e-23
280.5,1.356e-21
281.0,7.36e-21
281.5,2.401e-19
282.0,4.83e-19
282.5,1.107e-18
283.0,3.398e-18
283.5,5.51e-18
284.0,9.001e-17
284.5,2.643e-16
285.0,8.179e-16
285.5,3.149e-15
286.0,1.216e-14
286.5,5.165e-14
287.0,1.449e-13
287.5,5.49e-13
288.0,1.665e-12
288.5,4.724e-12
289.0,1.216e-11
289.5,3.603e-11
290.0,9.943e-11
290.5,2.028e-10
291.0,4.361e-10
291.5,1.257e-09
292.0,2.581e-09
292.5,3.586e-09
293.0,7.606e-09
293.5,1.826e-08
294.0,2.847e-08
294.5,3.411e-08
295.0,5.731e-08
295.5,9.651e-08
296.0,1.801e-07
296.5,2.433e-07
297.0,3.192e-07
297.5,8.152e-07
298.0,1.228e-06
298.5,1.19e-06
299.0,2.525e-06
299.5,3.902e-06
300.0,4.111e-06
300.5,5.687e-06
301.0,9.523e-06
301.5,1.409e-05
302.0,1.158e-05
302.5,2.203e-05
303.0,3.787e-05
303.5,4.681e-05
304.0,4.444e-05
304.5,6.854e-05
305.0,0.0001099
305.5,0.000131
306.0,0.0001289
306.5,0.0001651
307.0,0.0002622
307.5,0.0003743
308.0,0.0003999
308.5,0.0004901
309.0,0.0005126
309.5,0.0007217
310.0,0.0007982
310.5,0.001356
311.0,0.001842
311.5,0.001839
312.0,0.002186
312.5,0.002984
313.0,0.003437
313.5,0.003152
314.0,0.004528
314.5,0.004837
315.0,0.006567
315.5,0.00501
316.0,0.005092
316.5,0.008341
317.0,0.01032
317.5,0.01033
318.0,0.008818
318.5,0.01303
319.0,0.01689
319.5,0.01192
320.0,0.01408
320.5,0.02108
321.0,0.02208
321.5,0.0215
322.0,0.01921
322.5,0.01684
323.0,0.01878
323.5,0.02786
324.0,0.03321
324.5,0.03184
325.0,0.02402
325.5,0.03388
326.0,0.04636
326.5,0.04976
327.0,0.04828
327.5,0.04506
328.0,0.03641
328.5,0.04292
329.0,0.05614
329.5,0.06541
330.0,0.06449
330.5,0.04812
331.0,0.04783
331.5,0.05113
332.0,0.05941
332.5,0.0607
333.0,0.05931
333.5,0.05078
334.0,0.0515
334.5,0.06316
335.0,0.06145
335.5,0.07313
336.0,0.05055
336.5,0.05697
337.0,0.04549
337.5,0.05598
338.0,0.05746
338.5,0.06802
339.0,0.06746
339.5,0.06471
340.0,0.07411
340.5,0.06708
341.0,0.06676
341.5,0.0616
342.0,0.07367
342.5,0.06898
343.0,0.0755
343.5,0.07085
344.0,0.0512
344.5,0.05256
345.0,0.06994
345.5,0.07155
346.0,0.06087
346.5,0.06895
347.0,0.0737
347.5,0.05947
348.0,0.068
348.5,0.06807
349.0,0.06315
349.5,0.06243
350.0,0.07718
350.5,0.08131
351.0,0.07241
351.5,0.06995
352.0,0.07529
352.5,0.05884
353.0,0.07416
353.5,0.07931
354.0,0.08232
354.5,0.08339
355.0,0.08295
355.5,0.07491
356.0,0.07834
356.5,0.06682
357.0,0.05514
357.5,0.06745
358.0,0.05342
358.5,0.04561
359.0,0.06369
359.5,0.08094
360.0,0.08575
360.5,0.06851
361.0,0.06242
361.5,0.07183
362.0,0.06206
362.5,0.08581
363.0,0.07699
363.5,0.07083
364.0,0.08653
364.5,0.07387
365.0,0.07513
365.5,0.0942
366.0,0.0997
366.5,0.09358
367.0,0.09104
367.5,0.09436
368.0,0.08247
368.5,0.0831
369.0,0.08964
369.5,0.09544
370.0,0.1016
370.5,0.07878
371.0,0.08408
371.5,0.1051
372.0,0.06964
372.5,0.0834
373.0,0.08473
373.5,0.05506
374.0,0.0799
374.5,0.06608
375.0,0.06416
375.5,0.09566
376.0,0.0792
376.5,0.08196
377.0,0.08667
377.5,0.1013
378.0,0.1096
378.5,0.1035
379.0,0.08526
379.5,0.07777
380.0,0.08074
380.5,0.09765
381.0,0.09772
381.5,0.07735
382.0,0.0686
382.5,0.0584
383.0,0.05399
383.5,0.05193
384.0,0.0572
384.5,0.08401
385.0,0.08319
385.5,0.07737
386.0,0.06616
386.5,0.08678
387.0,0.072
387.5,0.08075
388.0,0.07444
388.5,0.07348
389.0,0.07919
389.5,0.09577
390.0,0.09597
390.5,0.08818
391.0,0.1036
391.5,0.1055
392.0,0.08875
392.5,0.07933
393.0,0.04408
393.5,0.03199
394.0,0.06499
394.5,0.0825
395.0,0.1005
395.5,0.1019
396.0,0.08824
396.5,0.0515
397.0,0.03859
397.5,0.07835
398.0,0.1095
398.5,0.113
399.0,0.1222
399.5,0.1216
400.0,0.1261
401.0,0.1241
402.0,0.1305
403.0,0.1235
404.0,0.1212
405.0,0.1207
406.0,0.1183
407.0,0.116
408.0,0.12
409.0,0.1279
410.0,0.1114
411.0,0.1202
412.0,0.1286
413.0,0.125
414.0,0.126
415.0,0.1258
416.0,0.1275
417.0,0.1238
418.0,0.121
419.0,0.1222
420.0,0.1211
421.0,0.1261
422.0,0.1193
423.0,0.116
424.0,0.1221
425.0,0.1213
426.0,0.1176
427.0,0.115
428.0,0.1116
429.0,0.1053
430.0,0.09176
431.0,0.0905
432.0,0.1162
433.0,0.1163
434.0,0.1075
435.0,0.1118
436.0,0.1255
437.0,0.1232
438.0,0.1116
439.0,0.1147
440.0,0.1177
441.0,0.1212
442.0,0.1293
443.0,0.1253
444.0,0.1275
445.0,0.1243
446.0,0.1182
447.0,0.1272
448.0,0.1285
449.0,0.1282
450.0,0.131
451.0,0.1352
452.0,0.1296
453.0,0.1214
454.0,0.1262
455.0,0.1261
456.0,0.1284
457.0,0.1296
458.0,0.1242
459.0,0.1226
460.0,0.122
461.0,0.124
462.0,0.1243
463.0,0.123
464.0,0.1207
465.0,0.1188
466.0,0.1195
467.0,0.1166
468.0,0.1172
469.0,0.1169
470.0,0.1125
471.0,0.1118
472.0,0.1172
473.0,0.1151
474.0,0.1146
475.0,0.1147
476.0,0.1103
477.0,0.1097
478.0,0.1117
479.0,0.11
480.0,0.1092
481.0,0.1102
482.0,0.1101
483.0,0.1082
484.0,0.1057
485.0,0.1004
486.0,0.08752
487.0,0.09136
488.0,0.09965
489.0,0.09928
490.0,0.1037
491.0,0.1012
492.0,0.09503
493.0,0.09759
494.0,0.09802
495.0,0.09829
496.0,0.09822
497.0,0.09893
498.0,0.09343
499.0,0.09366
500.0,0.08998
501.0,0.08738
502.0,0.08517
503.0,0.08768
504.0,0.08456
505.0,0.08703
506.0,0.08934
507.0,0.08463
508.0,0.08173
509.0,0.08378
510.0,0.08305
511.0,0.08489
512.0,0.08532
513.0,0.08021
514.0,0.07911
515.0,0.07773
516.0,0.07694
517.0,0.06787
518.0,0.07084
519.0,0.07375
520.0,0.07582
521.0,0.07589
522.0,0.07527
523.0,0.07331
524.0,0.07516
525.0,0.07523
526.0,0.07113
527.0,0.06628
528.0,0.06933
529.0,0.07237
530.0,0.07066
531.0,0.07105
532.0,0.06804
533.0,0.06558
534.0,0.0671
535.0,0.06819
536.0,0.06845
537.0,0.06538
538.0,0.06611
539.0,0.06511
540.0,0.06196
541.0,0.06183
542.0,0.06319
543.0,0.06202
544.0,0.06259
545.0,0.06195
546.0,0.06174
547.0,0.06128
548.0,0.06013
549.0,0.05991
550.0,0.0602
551.0,0.05905
552.0,0.05904
553.0,0.05755
554.0,0.05848
555.0,0.05813
556.0,0.0569
557.0,0.05464
558.0,0.0537
559.0,0.05216
560.0,0.05228
561.0,0.05243
562.0,0.05152
563.0,0.0524
564.0,0.05053
565.0,0.04966
566.0,0.04852
567.0,0.04901
568.0,0.04812
569.0,0.0465
570.0,0.04614
571.0,0.04552
572.0,0.04618
573.0,0.04634
574.0,0.04591
575.0,0.04478
576.0,0.04416
577.0,0.04446
578.0,0.04364
579.0,0.0437
580.0,0.04444
581.0,0.04457
582.0,0.04528
583.0,0.04526
584.0,0.04549
585.0,0.04419
586.0,0.04305
587.0,0.04371
588.0,0.04227
589.0,0.03697
590.0,0.03845
591.0,0.04056
592.0,0.03966
593.0,0.04002
594.0,0.03934
595.0,0.03793
596.0,0.03931
597.0,0.03849
598.0,0.0381
599.0,0.03783
600.0,0.03765
601.0,0.03713
602.0,0.03667
603.0,0.03709
604.0,0.03755
605.0,0.03722
606.0,0.03698
607.0,0.03727
608.0,0.0368
609.0,0.0368
610.0,0.03648
611.0,0.03662
612.0,0.03646
613.0,0.03593
614.0,0.03538
615.0,0.03608
616.0,0.03482
617.0,0.03467
618.0,0.03592
619.0,0.03545
620.0,0.03556
621.0,0.03545
622.0,0.0349
623.0,0.03423
624.0,0.03352
625.0,0.03333
626.0,0.03371
627.0,0.03392
628.0,0.03099
629.0,0.03268
630.0,0.0318
631.0,0.0326
632.0,0.03215
633.0,0.03312
634.0,0.03277
635.0,0.03321
636.0,0.03272
637.0,0.03319
638.0,0.03347
639.0,0.03303
640.0,0.03264
641.0,0.03255
642.0,0.03234
643.0,0.0327
644.0,0.03252
645.0,0.03245
646.0,0.03151
647.0,0.03087
648.0,0.03081
649.0,0.03008
650.0,0.03032
651.0,0.03156
652.0,0.02994
653.0,0.03094
654.0,0.0305
655.0,0.02916
656.0,0.02582
657.0,0.02645
658.0,0.02961
659.0,0.02975
660.0,0.02979
661.0,0.0299
662.0,0.02983
663.0,0.02915
664.0,0.02945
665.0,0.02942
666.0,0.02936
667.0,0.02927
668.0,0.02921
669.0,0.02958
670.0,0.02935
671.0,0.02927
672.0,0.02894
673.0,0.02931
674.0,0.0291
675.0,0.02874
676.0,0.02885
677.0,0.02848
678.0,0.02847
679.0,0.02792
680.0,0.02804
681.0,0.02775
682.0,0.0276
683.0,0.02743
684.0,0.02718
685.0,0.02731
686.0,0.02703
687.0,0.01623
688.0,0.01947
689.0,0.01948
690.0,0.0206
691.0,0.02193
692.0,0.02296
693.0,0.02268
694.0,0.02246
695.0,0.02356
696.0,0.02352
697.0,0.0252
698.0,0.02471
699.0,0.0238
700.0,0.02341
701.0,0.023
702.0,0.02315
703.0,0.02313
704.0,0.0239
705.0,0.02382
706.0,0.02375
707.0,0.02369
708.0,0.02363
709.0,0.02365
710.0,0.02349
711.0,0.02341
712.0,0.0233
713.0,0.02291
714.0,0.0229
715.0,0.02198
716.0,0.02188
717.0,0.01821
718.0,0.01658
719.0,0.01504
720.0,0.01567
721.0,0.01757
722.0,0.0205
723.0,0.01876
724.0,0.01656
725.0,0.01618
726.0,0.01692
727.0,0.0172
728.0,0.01593
729.0,0.01666
730.0,0.01753
731.0,0.01665
732.0,0.01798
733.0,0.01917
734.0,0.01962
735.0,0.01908
736.0,0.01896
737.0,0.01895
738.0,0.01935
739.0,0.01888
740.0,0.01934
741.0,0.01909
742.0,0.01905
743.0,0.01944
744.0,0.01931
745.0,0.01924
746.0,0.01923
747.0,0.01919
748.0,0.01906
749.0,0.01876
750.0,0.01868
751.0,0.01842
752.0,0.01844
753.0,0.01846
754.0,0.01843
755.0,0.01825
756.0,0.01818
757.0,0.01813
758.0,0.01782
759.0,0.01725
760.0,0.002511
761.0,0.001336
762.0,0.007614
763.0,0.003747
764.0,0.005601
765.0,0.007505
766.0,0.009411
767.0,0.0123
768.0,0.01476
769.0,0.01518
770.0,0.01584
771.0,0.01599
772.0,0.01598
773.0,0.01601
774.0,0.01585
775.0,0.01565
776.0,0.01576
777.0,0.01546
778.0,0.01529
779.0,0.01522
780.0,0.01507
781.0,0.01502
782.0,0.01506
783.0,0.01475
784.0,0.01477
785.0,0.0146
786.0,0.0147
787.0,0.0143
788.0,0.01403
789.0,0.01397
790.0,0.01343
791.0,0.0136
792.0,0.01346
793.0,0.01317
794.0,0.01345
795.0,0.01359
796.0,0.01296
797.0,0.01291
798.0,0.01338
799.0,0.01321
800.0,0.01289
801.0,0.01275
802.0,0.01265
803.0,0.01248
804.0,0.01246
805.0,0.0124
806.0,0.01277
807.0,0.01253
808.0,0.01248
809.0,0.01213
810.0,0.01193
811.0,0.01184
812.0,0.01132
813.0,0.011
814.0,0.009395
815.0,0.009307
816.0,0.008549
817.0,0.008677
818.0,0.008278
819.0,0.009405
820.0,0.008758
821.0,0.01053
822.0,0.01013
823.0,0.006436
824.0,0.009659
825.0,0.01019
826.0,0.009658
827.0,0.01028
828.0,0.008378
829.0,0.009513
830.0,0.009335
831.0,0.009329
832.0,0.008948
833.0,0.009639
834.0,0.009179
835.0,0.01026
836.0,0.009621
837.0,0.0102
838.0,0.009772
839.0,0.009956
840.0,0.01015
841.0,0.009926
842.0,0.009951
843.0,0.009955
844.0,0.009743
845.0,0.01006
846.0,0.009981
847.0,0.009763
848.0,0.009631
849.0,0.00931
850.0,0.008875
851.0,0.00932
852.0,0.009218
853.0,0.008847
854.0,0.007589
855.0,0.008328
856.0,0.009057
857.0,0.009242
858.0,0.009134
859.0,0.009116
860.0,0.009104
861.0,0.00902
862.0,0.009135
863.0,0.00932
864.0,0.008824
865.0,0.008715
866.0,0.007807
867.0,0.008116
868.0,0.008799
869.0,0.008583
870.0,0.008794
871.0,0.008639
872.0,0.008575
873.0,0.008523
874.0,0.008386
875.0,0.008179
876.0,0.008226
877.0,0.008276
878.0,0.008326
879.0,0.008164
880.0,0.007955
881.0,0.007792
882.0,0.007923
883.0,0.007925
884.0,0.007849
885.0,0.007871
886.0,0.007434
887.0,0.00751
888.0,0.007572
889.0,0.007655
890.0,0.007519
891.0,0.007496
892.0,0.007205
893.0,0.006902
894.0,0.00653
895.0,0.006029
896.0,0.005599
897.0,0.004664
898.0,0.005128
899.0,0.003742
900.0,0.00528
901.0,0.003917
902.0,0.004718
903.0,0.004701
904.0,0.00621
905.0,0.005933
906.0,0.005484
907.0,0.004237
908.0,0.004347
909.0,0.004764
910.0,0.004075
911.0,0.004422
912.0,0.004609
913.0,0.004082
914.0,0.00405
915.0,0.004385
916.0,0.00365
917.0,0.004772
918.0,0.003712
919.0,0.004853
920.0,0.004974
921.0,0.005169
922.0,0.004498
923.0,0.004962
924.0,0.004553
925.0,0.004432
926.0,0.004456
927.0,0.005061
928.0,0.003453
929.0,0.003091
930.0,0.002339
931.0,0.002199
932.0,0.001529
933.0,0.001222
934.0,0.0006494
935.0,0.001248
936.0,0.00076
937.0,0.0007666
938.0,0.0009439
939.0,0.002056
940.0,0.002514
941.0,0.001833
942.0,0.002137
943.0,0.001358
944.0,0.00145
945.0,0.001865
946.0,0.0009051
947.0,0.00185
948.0,0.001341
949.0,0.002527
950.0,0.0006457
951.0,0.00247
952.0,0.001259
953.0,0.001653
954.0,0.002067
955.0,0.001667
956.0,0.00165
957.0,0.001236
958.0,0.002387
959.0,0.00182
960.0,0.002044
961.0,0.002337
962.0,0.002197
963.0,0.002583
964.0,0.002334
965.0,0.002546
966.0,0.002539
967.0,0.002509
968.0,0.003623
969.0,0.003743
970.0,0.003387
971.0,0.004008
972.0,0.003775
973.0,0.003146
974.0,0.002963
975.0,0.003091
976.0,0.002863
977.0,0.003396
978.0,0.00315
979.0,0.003323
980.0,0.003085
981.0,0.003835
982.0,0.003604
983.0,0.003417
984.0,0.003973
985.0,0.003544
986.0,0.004054
987.0,0.003923
988.0,0.003903
989.0,0.004022
990.0,0.003844
991.0,0.003986
992.0,0.004001
993.0,0.003861
994.0,0.003978
995.0,0.003967
996.0,0.003928
997.0,0.003924
998.0,0.003889
999.0,0.003863
1000.0,0.003811
1001.0,0.003857
1002.0,0.003687
1003.0,0.003757
1004.0,0.003638
1005.0,0.003509
1006.0,0.003623
1007.0,0.00369
1008.0,0.003648
1009.0,0.003606
1010.0,0.003572
1011.0,0.003618
1012.0,0.003564
1013.0,0.003585
1014.0,0.003546
1015.0,0.003508
1016.0,0.003478
1017.0,0.003471
1018.0,0.003451
1019.0,0.003346
1020.0,0.003404
1021.0,0.003389
1022.0,0.003343
1023.0,0.003366
1024.0,0.003292
1025.0,0.003344
1026.0,0.003312
1027.0,0.003293
1028.0,0.003273
1029.0,0.003221
1030.0,0.003237
1031.0,0.003209
1032.0,0.003189
1033.0,0.003129
1034.0,0.003118
1035.0,0.003116
1036.0,0.003118
1037.0,0.003056
1038.0,0.003058
1039.0,0.003044
1040.0,0.00302
1041.0,0.003019
1042.0,0.002986
1043.0,0.002965
1044.0,0.002963
1045.0,0.002911
1046.0,0.002866
1047.0,0.00288
1048.0,0.002885
1049.0,0.002863
1050.0,0.002838
1051.0,0.002822
1052.0,0.002798
1053.0,0.002764
1054.0,0.002758
1055.0,0.002747
1056.0,0.002725
1057.0,0.002704
1058.0,0.002626
1059.0,0.002617
1060.0,0.002602
1061.0,0.002588
1062.0,0.00259
1063.0,0.002553
1064.0,0.002575
1065.0,0.002541
1066.0,0.002486
1067.0,0.002508
1068.0,0.00244
1069.0,0.002359
1070.0,0.002427
1071.0,0.002468
1072.0,0.002421
1073.0,0.00238
1074.0,0.002448
1075.0,0.002286
1076.0,0.002426
1077.0,0.002356
1078.0,0.002295
1079.0,0.002368
1080.0,0.002291
1081.0,0.002197
1082.0,0.002251
1083.0,0.002258
1084.0,0.002159
1085.0,0.00226
1086.0,0.002008
1087.0,0.002099
1088.0,0.00221
1089.0,0.002101
1090.0,0.00203
1091.0,0.00217
1092.0,0.002162
1093.0,0.001746
1094.0,0.001954
1095.0,0.001812
1096.0,0.001708
1097.0,0.002076
1098.0,0.00166
1099.0,0.001735
1100.0,0.001578
1101.0,0.001604
1102.0,0.001508
1103.0,0.001475
1104.0,0.001475
1105.0,0.001651
1106.0,0.00117
1107.0,0.00154
1108.0,0.001245
1109.0,0.001246
1110.0,0.001496
1111.0,0.0009379
1112.0,0.001226
1113.0,0.0007217
1114.0,0.0008072
1115.0,0.000659
1116.0,0.0005079
1117.0,0.0001766
1118.0,0.0005521
1119.0,0.0002625
1120.0,0.000329
1121.0,0.0004397
1122.0,0.0001788
1123.0,0.000294
1124.0,0.0002469
1125.0,0.0003235
1126.0,0.0001079
1127.0,0.0003631
1128.0,0.0002108
1129.0,0.0002235
1130.0,0.0001453
1131.0,0.0007077
1132.0,0.0005451
1133.0,0.0003327
1134.0,8.159e-05
1135.0,3.056e-05
1136.0,0.0002718
1137.0,0.0006766
1138.0,0.0004684
1139.0,0.0007339
1140.0,0.000595
1141.0,0.0004405
1142.0,0.0005107
1143.0,0.0007445
1144.0,0.0002432
1145.0,0.0003075
1146.0,0.0003306
1147.0,0.000112
1148.0,0.0006271
1149.0,0.0004886
1150.0,0.0002582
1151.0,0.0004444
1152.0,0.0005561
1153.0,0.0005471
1154.0,0.0002895
1155.0,0.0007259
1156.0,0.0006423
1157.0,0.0007387
1158.0,0.0007276
1159.0,0.0007915
1160.0,0.0006662
1161.0,0.0008498
1162.0,0.000847
1163.0,0.001216
1164.0,0.00101
1165.0,0.0009292
1166.0,0.0009339
1167.0,0.001028
1168.0,0.001034
1169.0,0.001063
1170.0,0.001174
1171.0,0.001137
1172.0,0.001169
1173.0,0.001159
1174.0,0.0007749
1175.0,0.001138
1176.0,0.001281
1177.0,0.001203
1178.0,0.0008548
1179.0,0.001278
1180.0,0.001098
1181.0,0.001134
1182.0,0.0007303
1183.0,0.001116
1184.0,0.001023
1185.0,0.0009707
1186.0,0.001198
1187.0,0.001121
1188.0,0.0007245
1189.0,0.001033
1190.0,0.001158
1191.0,0.001066
1192.0,0.00117
1193.0,0.001105
1194.0,0.001144
1195.0,0.001059
1196.0,0.001005
1197.0,0.001144
1198.0,0.001031
1199.0,0.0008339
1200.0,0.001069
1201.0,0.001012
1202.0,0.001015
1203.0,0.0009976
1204.0,0.000848
1205.0,0.00104
1206.0,0.001172
1207.0,0.0009928
1208.0,0.0009867
1209.0,0.001004
1210.0,0.001054
1211.0,0.0009862
1212.0,0.0009501
1213.0,0.001096
1214.0,0.0009748
1215.0,0.000951
1216.0,0.001085
1217.0,0.001045
1218.0,0.001069
1219.0,0.001047
1220.0,0.001064
1221.0,0.001078
1222.0,0.001041
1223.0,0.001024
1224.0,0.001006
1225.0,0.001055
1226.0,0.001065
1227.0,0.0009559
1228.0,0.001068
1229.0,0.001056
1230.0,0.00103
1231.0,0.001069
1232.0,0.001059
1233.0,0.001002
1234.0,0.001063
1235.0,0.001049
1236.0,0.001056
1237.0,0.001032
1238.0,0.001046
1239.0,0.001029
1240.0,0.001031
1241.0,0.001017
1242.0,0.001016
1243.0,0.001005
1244.0,0.001007
1245.0,0.001009
1246.0,0.001
1247.0,0.0009917
1248.0,0.0009852
1249.0,0.0009875
1250.0,0.0009768
1251.0,0.000958
1252.0,0.0009592
1253.0,0.0009411
1254.0,0.0009235
1255.0,0.0009472
1256.0,0.0009046
1257.0,0.0008942
1258.0,0.0009183
1259.0,0.000863
1260.0,0.0008672
1261.0,0.0007945
1262.0,0.0007582
1263.0,0.0007568
1264.0,0.0006761
1265.0,0.0007479
1266.0,0.0007049
1267.0,0.0007237
1268.0,0.0006709
1269.0,0.0003706
1270.0,0.0007113
1271.0,0.0007721
1272.0,0.0007738
1273.0,0.0007609
1274.0,0.0007642
1275.0,0.0007765
1276.0,0.0007858
1277.0,0.0007941
1278.0,0.0008152
1279.0,0.0008056
1280.0,0.0007928
1281.0,0.0007584
1282.0,0.0007354
1283.0,0.0007881
1284.0,0.0008032
1285.0,0.0008073
1286.0,0.0008194
1287.0,0.0007972
1288.0,0.0007969
1289.0,0.000756
1290.0,0.0007854
1291.0,0.0007963
1292.0,0.0007231
1293.0,0.0007705
1294.0,0.0007617
1295.0,0.0007481
1296.0,0.0006993
1297.0,0.0006503
1298.0,0.0007173
1299.0,0.000759
1300.0,0.0006076
1301.0,0.0006291
1302.0,0.0007079
1303.0,0.0005957
1304.0,0.0004835
1305.0,0.000684
1306.0,0.0006787
1307.0,0.0004955
1308.0,0.0005903
1309.0,0.0006627
1310.0,0.000479
1311.0,0.0005547
1312.0,0.0005369
1313.0,0.0005173
1314.0,0.0004509
1315.0,0.0004417
1316.0,0.0005342
1317.0,0.0004989
1318.0,0.0005523
1319.0,0.0004038
1320.0,0.0003916
1321.0,0.0004669
1322.0,0.0004665
1323.0,0.0003314
1324.0,0.0003907
1325.0,0.000508
1326.0,0.0004215
1327.0,0.0003968
1328.0,0.0003334
1329.0,0.0002382
1330.0,0.0003174
1331.0,0.000181
1332.0,0.0001877
1333.0,0.000264
1334.0,0.000227
1335.0,0.0003167
1336.0,0.0002426
1337.0,0.0002128
1338.0,0.0002296
1339.0,0.0002284
1340.0,0.0002232
1341.0,0.0002124
1342.0,0.0002235
1343.0,0.0001453
1344.0,8.653e-05
1345.0,0.0001244
1346.0,6.043e-05
1347.0,6.115e-05
1348.0,3.931e-06
1349.0,1.41e-05
1350.0,1.462e-05
1351.0,3.533e-06
1352.0,9.505e-07
1353.0,4.837e-08
1354.0,1.663e-07
1355.0,1.339e-09
1356.0,2.343e-08
1357.0,3.559e-08
1358.0,1.572e-09
1359.0,1.98e-10
1360.0,7.155e-10
1361.0,8.004e-13
1362.0,2.189e-15
1363.0,9.621e-10
1364.0,3.972e-10
1365.0,7.644e-16
1366.0,4.169e-09
1367.0,1.702e-09
1368.0,5.902e-18
1369.0,1.464e-10
1370.0,7.208e-11
1371.0,4.086e-12
1372.0,9.23e-10
1373.0,1.86e-08
1374.0,8.625e-08
1375.0,1.564e-07
1376.0,1.403e-07
1377.0,6.408e-08
1378.0,6.265e-07
1379.0,2.677e-08
1380.0,3.848e-08
1381.0,1.002e-09
1382.0,8.09e-10
1383.0,1.209e-11
1384.0,1.586e-10
1385.0,7.583e-10
1386.0,7.133e-10
1387.0,8.627e-08
1388.0,1.697e-09
1389.0,2.913e-07
1390.0,2.5e-07
1391.0,1.663e-07
1392.0,1.078e-08
1393.0,5.709e-08
1394.0,2.942e-08
1395.0,2.156e-10
1396.0,1.042e-12
1397.0,2.248e-08
1398.0,6.646e-07
1399.0,4.204e-07
1400.0,4.456e-13
1401.0,1.849e-12
1402.0,1.165e-06
1403.0,1.459e-06
1404.0,4.431e-07
1405.0,1.021e-10
1406.0,1.145e-06
1407.0,1.009e-07
1408.0,9.319e-07
1409.0,3.106e-07
1410.0,2.487e-07
1411.0,1.254e-06
1412.0,1.692e-06
1413.0,1.761e-05
1414.0,1.942e-07
1415.0,9.272e-08
1416.0,2.915e-05
1417.0,8.597e-06
1418.0,9.732e-06
1419.0,1.498e-06
1420.0,5.914e-06
1421.0,6.381e-06
1422.0,3.748e-05
1423.0,7.18e-06
1424.0,1.349e-05
1425.0,1.97e-05
1426.0,2.258e-05
1427.0,4.21e-05
1428.0,2.931e-06
1429.0,3.092e-05
1430.0,5.368e-05
1431.0,5.911e-05
1432.0,2.277e-06
1433.0,3.693e-05
1434.0,1.852e-05
1435.0,1.791e-05
1436.0,3.537e-05
1437.0,2.703e-05
1438.0,1.113e-05
1439.0,4.812e-05
1440.0,3.595e-05
1441.0,2.68e-05
1442.0,2.967e-05
1443.0,3.793e-05
1444.0,5.305e-05
1445.0,4.056e-05
1446.0,1.794e-05
1447.0,2.833e-05
1448.0,0.0001025
1449.0,8.774e-05
1450.0,2.089e-05
1451.0,8.208e-06
1452.0,5.105e-05
1453.0,6.747e-05
1454.0,0.0001219
1455.0,5.474e-05
1456.0,7.305e-05
1457.0,0.0001008
1458.0,0.0001226
1459.0,0.0001451
1460.0,7.245e-05
1461.0,7.389e-05
1462.0,0.0001119
1463.0,3.415e-05
1464.0,0.0001356
1465.0,7.982e-05
1466.0,5.153e-05
1467.0,2.624e-05
1468.0,6.124e-05
1469.0,7.662e-05
1470.0,3.614e-05
1471.0,1.281e-05
1472.0,3.434e-05
1473.0,5.378e-05
1474.0,8.124e-05
1475.0,0.0001619
1476.0,5.374e-05
1477.0,5.35e-05
1478.0,5.039e-05
1479.0,0.0001
1480.0,4.577e-05
1481.0,9.404e-05
1482.0,4.503e-05
1483.0,0.0001247
1484.0,0.0001175
1485.0,0.0001029
1486.0,9.934e-05
1487.0,4.319e-05
1488.0,7.917e-05
1489.0,0.0001658
1490.0,0.0001536
1491.0,0.0001771
1492.0,0.0001383
1493.0,0.0001561
1494.0,0.0001816
1495.0,0.000158
1496.0,0.0001459
1497.0,0.0002148
1498.0,0.0001675
1499.0,0.0001995
1500.0,0.0002386
1501.0,0.0002496
1502.0,0.0002075
1503.0,0.0001691
1504.0,0.0001307
1505.0,0.0001624
1506.0,0.0002499
1507.0,0.0002377
1508.0,0.0002253
1509.0,0.0001622
1510.0,0.0002591
1511.0,0.0002462
1512.0,0.0002467
1513.0,0.0002184
1514.0,0.0002007
1515.0,0.0002528
1516.0,0.0002394
1517.0,0.0002299
1518.0,0.0002301
1519.0,0.0002217
1520.0,0.0002423
1521.0,0.0002662
1522.0,0.0002472
1523.0,0.0002694
1524.0,0.0002583
1525.0,0.0002412
1526.0,0.0002448
1527.0,0.0002433
1528.0,0.000264
1529.0,0.0002486
1530.0,0.0002411
1531.0,0.0002485
1532.0,0.000262
1533.0,0.0002621
1534.0,0.0002562
1535.0,0.000253
1536.0,0.0002584
1537.0,0.0002511
1538.0,0.000255
1539.0,0.0002492
1540.0,0.0002504
1541.0,0.0002513
1542.0,0.000247
1543.0,0.0002518
1544.0,0.0002472
1545.0,0.0002528
1546.0,0.0002474
1547.0,0.000244
1548.0,0.0002434
1549.0,0.0002454
1550.0,0.0002429
1551.0,0.0002439
1552.0,0.0002406
1553.0,0.0002396
1554.0,0.0002366
1555.0,0.000237
1556.0,0.0002361
1557.0,0.0002385
1558.0,0.0002366
1559.0,0.0002344
1560.0,0.0002355
1561.0,0.0002366
1562.0,0.0002326
1563.0,0.0002304
1564.0,0.0002307
1565.0,0.000231
1566.0,0.0002272
1567.0,0.0002272
1568.0,0.0002242
1569.0,0.0002254
1570.0,0.0002268
1571.0,0.000228
1572.0,0.000226
1573.0,0.0002237
1574.0,0.0002151
1575.0,0.0002118
1576.0,0.0002076
1577.0,0.0002016
1578.0,0.0002109
1579.0,0.0002117
1580.0,0.0002133
1581.0,0.0002097
1582.0,0.0002051
1583.0,0.0002054
1584.0,0.0002096
1585.0,0.0002116
1586.0,0.0002084
1587.0,0.0002046
1588.0,0.0001991
1589.0,0.0001925
1590.0,0.0001961
1591.0,0.0002006
1592.0,0.0002055
1593.0,0.0002088
1594.0,0.0002076
1595.0,0.0002047
1596.0,0.000198
1597.0,0.0002021
1598.0,0.0002051
1599.0,0.0002023
1600.0,0.0002007
1601.0,0.0001972
1602.0,0.000197
1603.0,0.000199
1604.0,0.0001969
1605.0,0.0001964
1606.0,0.0001937
1607.0,0.0001949
1608.0,0.0001939
1609.0,0.0001886
1610.0,0.0001842
1611.0,0.0001869
1612.0,0.0001889
1613.0,0.0001884
1614.0,0.0001881
1615.0,0.0001836
1616.0,0.0001802
1617.0,0.0001831
1618.0,0.0001861
1619.0,0.0001817
1620.0,0.0001779
1621.0,0.0001794
1622.0,0.0001818
1623.0,0.000184
1624.0,0.0001812
1625.0,0.00018
1626.0,0.0001799
1627.0,0.000181
1628.0,0.0001798
1629.0,0.000178
1630.0,0.0001764
1631.0,0.0001745
1632.0,0.0001739
1633.0,0.0001672
1634.0,0.0001719
1635.0,0.0001676
1636.0,0.0001667
1637.0,0.000165
1638.0,0.0001525
1639.0,0.0001605
1640.0,0.0001503
1641.0,0.0001582
1642.0,0.0001616
1643.0,0.0001482
1644.0,0.000161
1645.0,0.0001537
1646.0,0.0001476
1647.0,0.0001623
1648.0,0.0001466
1649.0,0.0001567
1650.0,0.0001578
1651.0,0.0001415
1652.0,0.0001548
1653.0,0.0001564
1654.0,0.0001444
1655.0,0.0001557
1656.0,0.0001514
1657.0,0.0001527
1658.0,0.0001555
1659.0,0.0001536
1660.0,0.0001546
1661.0,0.0001532
1662.0,0.0001474
1663.0,0.0001522
1664.0,0.0001501
1665.0,0.0001384
1666.0,0.0001057
1667.0,0.0001364
1668.0,0.000144
1669.0,0.0001444
1670.0,0.0001473
1671.0,0.0001421
1672.0,0.0001406
1673.0,0.0001438
1674.0,0.0001391
1675.0,0.0001369
1676.0,0.000138
1677.0,0.0001369
1678.0,0.0001315
1679.0,0.0001362
1680.0,0.00013
1681.0,0.0001244
1682.0,0.0001327
1683.0,0.0001352
1684.0,0.000121
1685.0,0.0001361
1686.0,0.0001353
1687.0,0.000128
1688.0,0.0001336
1689.0,0.0001319
1690.0,0.0001306
1691.0,0.0001152
1692.0,0.0001291
1693.0,0.0001337
1694.0,0.0001265
1695.0,0.0001312
1696.0,0.0001312
1697.0,0.0001043
1698.0,0.0001289
1699.0,0.0001269
1700.0,0.0001222
1702.0,0.0001248
1705.0,0.0001189
1710.0,0.0001106
1715.0,0.0001099
1720.0,0.0001078
1725.0,9.774e-05
1730.0,9.585e-05
1735.0,8.837e-05
1740.0,8.831e-05
1745.0,8.143e-05
1750.0,8.661e-05
1755.0,7.773e-05
1760.0,8.087e-05
1765.0,6.325e-05
1770.0,6.711e-05
1775.0,5.142e-05
1780.0,4.265e-05
1785.0,3.069e-05
1790.0,3.558e-05
1795.0,1.628e-05
1800.0,1.125e-05
1805.0,4.394e-06
1810.0,2.855e-06
1815.0,8.245e-07
1820.0,2.063e-07
1825.0,2.691e-07
1830.0,6.56e-10
1835.0,9.933e-10
1840.0,5.796e-12
1845.0,6.197e-10
1850.0,2.797e-10
1855.0,2.674e-11
1860.0,1.532e-09
1865.0,2.135e-09
1870.0,1.168e-14
1875.0,2.111e-14
1880.0,1.124e-08
1885.0,5.991e-09
1890.0,3.286e-08
1895.0,1.907e-08
1900.0,8.149e-11
1905.0,5.551e-11
1910.0,2.688e-09
1915.0,2.619e-09
1920.0,6.868e-08
1925.0,1.614e-07
1930.0,9.319e-08
1935.0,7.104e-07
1940.0,7.056e-07
1945.0,2.911e-06
1950.0,5.702e-06
1955.0,5.057e-06
1960.0,9.027e-06
1965.0,1.346e-05
1970.0,1.94e-05
1975.0,2.208e-05
1980.0,2.22e-05
1985.0,2.404e-05
1990.0,2.472e-05
1995.0,2.62e-05
2000.0,2.772e-05
2005.0,2.249e-05
2010.0,3.413e-05
2015.0,2.536e-05
2020.0,2.732e-05
2025.0,3.016e-05
2030.0,2.695e-05
2035.0,2.992e-05
2040.0,2.784e-05
2045.0,2.861e-05
2050.0,2.91e-05
2055.0,2.734e-05
2060.0,2.607e-05
2065.0,2.645e-05
2070.0,2.582e-05
2075.0,2.647e-05
2080.0,2.552e-05
2085.0,2.514e-05
2090.0,2.527e-05
2095.0,2.422e-05
2100.0,2.206e-05
2105.0,2.4e-05
2110.0,2.259e-05
2115.0,2.316e-05
2120.0,2.13e-05
2125.0,2.155e-05
2130.0,2.176e-05
2135.0,2.176e-05
2140.0,2.179e-05
2145.0,2.136e-05
2150.0,1.951e-05
2155.0,1.935e-05
2160.0,1.904e-05
2165.0,1.712e-05
2170.0,1.822e-05
2175.0,1.744e-05
2180.0,1.792e-05
2185.0,1.561e-05
2190.0,1.692e-05
2195.0,1.658e-05
2200.0,1.4e-05
2205.0,1.493e-05
2210.0,1.644e-05
2215.0,1.539e-05
2220.0,1.566e-05
2225.0,1.498e-05
2230.0,1.494e-05
2235.0,1.437e-05
2240.0,1.406e-05
2245.0,1.323e-05
2250.0,1.353e-05
2255.0,1.226e-05
2260.0,1.192e-05
2265.0,1.225e-05
2270.0,1.122e-05
2275.0,1.092e-05
2280.0,1.156e-05
2285.0,1.053e-05
2290.0,1.046e-05
2295.0,1.007e-05
2300.0,9.332e-06
2305.0,9.358e-06
2310.0,1.052e-05
2315.0,9.051e-06
2320.0,7.678e-06
2325.0,8.819e-06
2330.0,8.667e-06
2335.0,8.879e-06
2340.0,6.488e-06
2345.0,7.386e-06
2350.0,5.654e-06
2355.0,6.633e-06
2360.0,7.08e-06
2365.0,6.997e-06
2370.0,3.752e-06
2375.0,5.901e-06
2380.0,5.613e-06
2385.0,3.836e-06
2390.0,4.614e-06
2395.0,5.094e-06
2400.0,5.601e-06
2405.0,4.109e-06
2410.0,4.083e-06
2415.0,3.155e-06
2420.0,3.041e-06
2425.0,3.852e-06
2430.0,5.38e-06
2435.0,1.565e-06
2440.0,5.175e-06
2445.0,2.216e-06
2450.0,1.375e-06
2455.0,2.678e-06
2460.0,3.621e-06
2465.0,2.484e-06
2470.0,1.619e-06
2475.0,1.568e-06
2480.0,7.294e-07
2485.0,4.735e-07
2490.0,2.721e-07
2495.0,2.354e-07
2500.0,5.847e-07
2505.0,1.188e-07
2510.0,1.747e-07
2515.0,3.697e-08
2520.0,2.079e-08
2525.0,2.371e-09
2530.0,1.65e-11
2535.0,3.649e-12
2540.0,8.658e-12
2545.0,6.714e-16
2550.0,2.722e-18
2555.0,1.307e-14
2560.0,3.922e-16
2565.0,8.779000000000001e-20
2570.0,2.614e-24
2575.0,1.654e-34
2580.0,1.724e-28
2585.0,3.6040000000000004e-42
2590.0,2.248e-38
2595.0,4.375e-40
2600.0,3.602e-35
2605.0,3.981e-42
2610.0,1.37e-41
2615.0,1.4009999999999999e-45
2620.0,1.207e-35
2625.0,2.2110000000000001e-35
2630.0,0.0
2635.0,1.151e-21
2640.0,2.4919999999999997e-22
2645.0,1.086e-24
2650.0,1.0820000000000002e-25
2655.0,1.301e-34
2660.0,1.0960000000000001e-31
2665.0,9.808999999999999e-45
2670.0,0.0
2675.0,5.325e-44
2680.0,2.221e-30
2685.0,2.122e-31
2690.0,7.94e-31
2695.0,3.1149999999999996e-33
2700.0,9.072999999999999e-29
2705.0,2.573e-26
2710.0,2.049e-31
2715.0,2.587e-29
2720.0,0.0
2725.0,5.793e-27
2730.0,1.6889999999999998e-24
2735.0,1.9260000000000002e-26
2740.0,3.479e-32
2745.0,4.486e-27
2750.0,2.5140000000000002e-26
2755.0,4.045e-28
2760.0,6.059999999999999e-23
2765.0,2.844e-29
2770.0,1.398e-26
2775.0,1.725e-23
2780.0,8.034e-21
2785.0,3.016e-20
2790.0,6.877e-18
2795.0,1.513e-18
2800.0,4.83e-15
2805.0,9.031e-17
2810.0,3.621e-13
2815.0,1.08e-13
2820.0,1.32e-15
2825.0,1.158e-11
2830.0,2.517e-10
2835.0,3.468e-15
2840.0,7.42e-12
2845.0,2.568e-09
2850.0,4.444e-11
2855.0,1.775e-11
2860.0,9.229e-10
2865.0,6.805e-09
2870.0,1.726e-10
2875.0,1.656e-08
2880.0,1.044e-08
2885.0,1.719e-08
2890.0,7.31e-09
2895.0,1.246e-07
2900.0,3.473e-08
2905.0,4.019e-09
2910.0,1.271e-07
2915.0,5.393e-08
2920.0,1.338e-07
2925.0,4.771e-08
2930.0,2.888e-07
2935.0,3.185e-07
2940.0,7.128e-08
2945.0,6.121e-08
2950.0,2.471e-07
2955.0,1.1e-07
2960.0,2.184e-07
2965.0,3.698e-07
2970.0,1.448e-08
2975.0,3.668e-08
2980.0,5.707e-08
2985.0,3.36e-07
2990.0,5.095e-07
2995.0,1.932e-07
3000.0,3.675e-07
3005.0,1.25e-07
3010.0,3.217e-07
3015.0,2.493e-07
3020.0,2.252e-08
3025.0,3.437e-07
3030.0,2.706e-07
3035.0,1.028e-07
3040.0,8.037e-08
3045.0,1.726e-07
3050.0,3.912e-08
3055.0,9.571e-09
3060.0,2.689e-07
3065.0,1.138e-07
3070.0,6.391e-08
3075.0,2.506e-07
3080.0,1.455e-07
3085.0,6.424e-08
3090.0,8.736e-08
3095.0,2.148e-08
3100.0,1.747e-07
3105.0,3.271e-08
3110.0,2.738e-08
3115.0,8.217e-08
3120.0,4.036e-07
3125.0,1.184e-07
3130.0,2.352e-07
3135.0,4.723e-07
3140.0,1.252e-07
3145.0,1.228e-07
3150.0,2.595e-07
3155.0,2.183e-07
3160.0,3.626e-07
3165.0,5.72e-07
3170.0,5.064e-07
3175.0,3.542e-07
3180.0,4.19e-07
3185.0,2.919e-07
3190.0,1.529e-07
3195.0,8.477e-08
3200.0,1.196e-08
3205.0,7.814e-09
3210.0,3.256e-09
3215.0,1.323e-08
3220.0,4.646e-08
3225.0,5.343e-09
3230.0,8.873e-09
3235.0,2.493e-07
3240.0,1.131e-07
3245.0,2.147e-08
3250.0,7.921e-08
3255.0,3.409e-07
3260.0,3.387e-08
3265.0,7.334e-08
3270.0,3.452e-08
3275.0,2.088e-07
3280.0,8.855e-08
3285.0,3.867e-07
3290.0,2.896e-07
3295.0,3.549e-08
3300.0,5.274e-08
3305.0,1.212e-07
3310.0,1.15e-07
3315.0,1.666e-10
3320.0,1.05e-09
3325.0,9.658e-08
3330.0,1.473e-07
3335.0,2.855e-07
3340.0,1.049e-07
3345.0,1.017e-07
3350.0,2.549e-07
3355.0,1.029e-07
3360.0,1.581e-07
3365.0,2.237e-07
3370.0,1.077e-07
3375.0,2.63e-07
3380.0,1.419e-07
3385.0,2.259e-07
3390.0,2.969e-07
3395.0,2.881e-07
3400.0,3.912e-07
3405.0,1.182e-07
3410.0,2.086e-07
3415.0,2.021e-07
3420.0,4.077e-07
3425.0,2.896e-07
3430.0,2.437e-07
3435.0,3.495e-07
3440.0,2.218e-07
3445.0,3.324e-07
3450.0,3.241e-07
3455.0,2.301e-07
3460.0,3.702e-07
3465.0,2.717e-07
3470.0,3.577e-07
3475.0,3.088e-07
3480.0,3.163e-07
3485.0,3.45e-07
3490.0,2.862e-07
3495.0,3.465e-07
3500.0,3.343e-07
3505.0,3.295e-07
3510.0,3.335e-07
3515.0,3.163e-07
3520.0,3.371e-07
3525.0,3.123e-07
3530.0,3.016e-07
3535.0,2.446e-07
3540.0,2.309e-07
3545.0,2.445e-07
3550.0,2.771e-07
3555.0,2.309e-07
3560.0,2.834e-07
3565.0,2.821e-07
3570.0,2.107e-07
3575.0,2.168e-07
3580.0,2.632e-07
3585.0,2.281e-07
3590.0,2.386e-07
3595.0,2.445e-07
3600.0,2.617e-07
3605.0,2.6e-07
3610.0,2.345e-07
3615.0,2.355e-07
3620.0,2.96e-07
3625.0,2.501e-07
3630.0,2.434e-07
3635.0,2.508e-07
3640.0,2.849e-07
3645.0,2.539e-07
3650.0,2.407e-07
3655.0,2.644e-07
3660.0,2.618e-07
3665.0,2.389e-07
3670.0,1.779e-07
3675.0,9.955e-08
3680.0,1.839e-07
3685.0,2.127e-07
3690.0,2.194e-07
3695.0,2.304e-07
3700.0,2.515e-07
3705.0,2.461e-07
3710.0,2.074e-07
3715.0,2.039e-07
3720.0,2.347e-07
3725.0,2.412e-07
3730.0,2.031e-07
3735.0,1.824e-07
3740.0,1.88e-07
3745.0,2.245e-07
3750.0,2e-07
3755.0,1.919e-07
3760.0,1.872e-07
3765.0,1.793e-07
3770.0,1.94e-07
3775.0,1.906e-07
3780.0,2.032e-07
3785.0,1.82e-07
3790.0,1.57e-07
3795.0,1.832e-07
3800.0,2.089e-07
3805.0,1.931e-07
3810.0,1.661e-07
3815.0,1.538e-07
3820.0,2e-07
3825.0,1.943e-07
3830.0,1.972e-07
3835.0,1.486e-07
3840.0,1.799e-07
3845.0,1.736e-07
3850.0,1.742e-07
3855.0,1.648e-07
3860.0,1.507e-07
3865.0,1.515e-07
3870.0,1.338e-07
3875.0,1.189e-07
3880.0,1.137e-07
3885.0,1.181e-07
3890.0,1.196e-07
3895.0,1.333e-07
3900.0,1.433e-07
3905.0,1.423e-07
3910.0,1.237e-07
3915.0,1.196e-07
3920.0,1.189e-07
3925.0,1.161e-07
3930.0,1.204e-07
3935.0,1.263e-07
3940.0,1.278e-07
3945.0,1.301e-07
3950.0,1.323e-07
3955.0,1.336e-07
3960.0,1.346e-07
3965.0,1.355e-07
3970.0,1.331e-07
3975.0,1.283e-07
3980.0,1.256e-07
3985.0,1.258e-07
3990.0,1.233e-07
3995.0,1.196e-07
4000.0,1.138e-07
