interpolation:linear
wavelength,value
280.0,1.505e-20
280.5,4.447e-19
281.0,2.302e-18
281.5,4.219e-19
282.0,1.563e-18
282.5,4.271e-18
283.0,1.4e-17
283.5,2.299e-17
284.0,3.654e-16
284.5,1.039e-15
285.0,1.91e-15
285.5,1.051e-14
286.0,4.329e-14
286.5,1.978e-13
287.0,5.683e-13
287.5,2.168e-12
288.0,5.878e-12
288.5,2.187e-11
289.0,6.851e-11
289.5,2.375e-10
290.0,7.242e-10
290.5,1.583e-09
291.0,3.647e-09
291.5,1.128e-08
292.0,2.889e-08
292.5,4.52e-08
293.0,1.118e-07
293.5,3.344e-07
294.0,6.118e-07
294.5,7.203e-07
295.0,1.432e-06
295.5,3.623e-06
296.0,6.958e-06
296.5,9.714e-06
297.0,1.314e-05
297.5,3.547e-05
298.0,5.64e-05
298.5,5.726e-05
299.0,0.0001277
299.5,0.0002186
300.0,0.0002452
300.5,0.0003638
301.0,0.0006911
301.5,0.001162
302.0,0.001023
302.5,0.001929
303.0,0.003308
303.5,0.004047
304.0,0.003742
304.5,0.005397
305.0,0.007829
305.5,0.008713
306.0,0.008319
306.5,0.01016
307.0,0.01453
307.5,0.01867
308.0,0.01954
308.5,0.02265
309.0,0.02288
309.5,0.02508
310.0,0.02466
310.5,0.03945
311.0,0.04866
311.5,0.04651
312.0,0.04507
312.5,0.05369
313.0,0.05749
313.5,0.05602
314.0,0.06842
314.5,0.059
315.0,0.07689
315.5,0.06473
316.0,0.05528
316.5,0.07791
317.0,0.09634
317.5,0.1002
318.0,0.07712
318.5,0.09377
319.0,0.11
319.5,0.09037
320.0,0.1089
320.5,0.1336
321.0,0.117
321.5,0.1116
322.0,0.12
322.5,0.1039
323.0,0.1021
323.5,0.1256
324.0,0.1458
324.5,0.1479
325.0,0.1261
325.5,0.1605
326.0,0.1976
326.5,0.1964
327.0,0.1951
327.5,0.188
328.0,0.1677
328.5,0.1743
329.0,0.207
329.5,0.2337
330.0,0.235
330.5,0.1878
331.0,0.1908
331.5,0.1926
332.0,0.2067
332.5,0.2034
333.0,0.2021
333.5,0.1824
334.0,0.1862
334.5,0.2135
335.0,0.1996
335.5,0.2375
336.0,0.1637
336.5,0.1866
337.0,0.1526
337.5,0.189
338.0,0.1836
338.5,0.2149
339.0,0.2108
339.5,0.2026
340.0,0.2332
340.5,0.2093
341.0,0.2062
341.5,0.187
342.0,0.2221
342.5,0.2066
343.0,0.2273
343.5,0.2139
344.0,0.1557
344.5,0.1596
345.0,0.208
345.5,0.2107
346.0,0.1779
346.5,0.2004
347.0,0.215
347.5,0.1733
348.0,0.1959
348.5,0.1945
349.0,0.1796
349.5,0.1771
350.0,0.2181
350.5,0.2291
351.0,0.2042
351.5,0.1988
352.0,0.2118
352.5,0.1641
353.0,0.2056
353.5,0.2187
354.0,0.226
354.5,0.2282
355.0,0.2266
355.5,0.2038
356.0,0.2122
356.5,0.1804
357.0,0.1485
357.5,0.181
358.0,0.1428
358.5,0.1215
359.0,0.1692
359.5,0.215
360.0,0.2269
360.5,0.1805
361.0,0.1638
361.5,0.1878
362.0,0.1617
362.5,0.2228
363.0,0.1993
363.5,0.1828
364.0,0.2226
364.5,0.1895
365.0,0.1922
365.5,0.2402
366.0,0.2534
366.5,0.2371
367.0,0.2299
367.5,0.2376
368.0,0.2071
368.5,0.2081
369.0,0.2238
369.5,0.2376
370.0,0.2522
370.5,0.1949
371.0,0.2074
371.5,0.2584
372.0,0.1708
372.5,0.2039
373.0,0.2066
373.5,0.1339
374.0,0.1937
374.5,0.1598
375.0,0.1546
375.5,0.2299
376.0,0.1898
376.5,0.1959
377.0,0.2065
377.5,0.2406
378.0,0.2597
378.5,0.2444
379.0,0.2008
379.5,0.1826
380.0,0.189
380.5,0.228
381.0,0.2274
381.5,0.1795
382.0,0.1587
382.5,0.1347
383.0,0.1242
383.5,0.1191
384.0,0.1308
384.5,0.1916
385.0,0.1892
385.5,0.1755
386.0,0.1497
386.5,0.1958
387.0,0.162
387.5,0.1812
388.0,0.1665
388.5,0.1639
389.0,0.1762
389.5,0.2125
390.0,0.2124
390.5,0.1946
391.0,0.2281
391.5,0.2316
392.0,0.1943
392.5,0.1732
393.0,0.09595
393.5,0.06946
394.0,0.1408
394.5,0.1782
395.0,0.2166
395.5,0.2191
396.0,0.1892
396.5,0.1101
397.0,0.08229
397.5,0.1666
398.0,0.2324
398.5,0.2392
399.0,0.258
399.5,0.2561
400.0,0.2648
401.0,0.26
402.0,0.272
403.0,0.2562
404.0,0.2502
405.0,0.2481
406.0,0.242
407.0,0.236
408.0,0.2432
409.0,0.2582
410.0,0.2238
411.0,0.2405
412.0,0.2562
413.0,0.2478
414.0,0.2488
415.0,0.2474
416.0,0.2496
417.0,0.2414
418.0,0.235
419.0,0.2361
420.0,0.233
421.0,0.2417
422.0,0.2278
423.0,0.2206
424.0,0.2314
425.0,0.229
426.0,0.2213
427.0,0.2154
428.0,0.2082
429.0,0.1956
430.0,0.1698
431.0,0.1669
432.0,0.2137
433.0,0.213
434.0,0.1962
435.0,0.2032
436.0,0.2273
437.0,0.2225
438.0,0.2011
439.0,0.2063
440.0,0.2112
441.0,0.217
442.0,0.2308
443.0,0.223
444.0,0.226
445.0,0.2194
446.0,0.2078
447.0,0.2228
448.0,0.2244
449.0,0.2234
450.0,0.2278
451.0,0.2343
452.0,0.2239
453.0,0.209
454.0,0.2165
455.0,0.216
456.0,0.2194
457.0,0.2211
458.0,0.2119
459.0,0.209
460.0,0.2079
461.0,0.211
462.0,0.211
463.0,0.2081
464.0,0.2033
465.0,0.1992
466.0,0.1996
467.0,0.1943
468.0,0.1949
469.0,0.1943
470.0,0.1867
471.0,0.1851
472.0,0.1936
473.0,0.1896
474.0,0.1883
475.0,0.1884
476.0,0.1813
477.0,0.1803
478.0,0.1837
479.0,0.1811
480.0,0.1799
481.0,0.1816
482.0,0.1811
483.0,0.1776
484.0,0.1726
485.0,0.1633
486.0,0.1417
487.0,0.1474
488.0,0.1605
489.0,0.1597
490.0,0.1667
491.0,0.1626
492.0,0.1524
493.0,0.1562
494.0,0.1566
495.0,0.1567
496.0,0.1565
497.0,0.1577
498.0,0.1492
499.0,0.1499
500.0,0.1443
501.0,0.1404
502.0,0.1373
503.0,0.1417
504.0,0.1369
505.0,0.1408
506.0,0.1443
507.0,0.1363
508.0,0.1312
509.0,0.1339
510.0,0.1323
511.0,0.1349
512.0,0.1354
513.0,0.1272
514.0,0.1254
515.0,0.1232
516.0,0.1221
517.0,0.1077
518.0,0.1124
519.0,0.117
520.0,0.1204
521.0,0.1206
522.0,0.1198
523.0,0.1168
524.0,0.1201
525.0,0.1207
526.0,0.1144
527.0,0.107
528.0,0.1122
529.0,0.1175
530.0,0.115
531.0,0.1159
532.0,0.1111
533.0,0.1071
534.0,0.1095
535.0,0.1112
536.0,0.1114
537.0,0.1063
538.0,0.1074
539.0,0.1058
540.0,0.1008
541.0,0.1008
542.0,0.1032
543.0,0.1013
544.0,0.1025
545.0,0.1016
546.0,0.1013
547.0,0.1005
548.0,0.09866
549.0,0.09831
550.0,0.09882
551.0,0.09695
552.0,0.09695
553.0,0.09456
554.0,0.09618
555.0,0.09572
556.0,0.0938
557.0,0.09023
558.0,0.08888
559.0,0.08658
560.0,0.08702
561.0,0.0875
562.0,0.08623
563.0,0.08796
564.0,0.08498
565.0,0.08368
566.0,0.08188
567.0,0.08284
568.0,0.08152
569.0,0.07901
570.0,0.07848
571.0,0.0775
572.0,0.07878
573.0,0.07913
574.0,0.07841
575.0,0.07648
576.0,0.07531
577.0,0.07566
578.0,0.07409
579.0,0.07398
580.0,0.07497
581.0,0.07492
582.0,0.07588
583.0,0.07567
584.0,0.07593
585.0,0.07365
586.0,0.07165
587.0,0.07271
588.0,0.07047
589.0,0.06194
590.0,0.06441
591.0,0.06783
592.0,0.0665
593.0,0.06708
594.0,0.06614
595.0,0.06406
596.0,0.06627
597.0,0.06512
598.0,0.06454
599.0,0.06418
600.0,0.0639
601.0,0.06302
602.0,0.06222
603.0,0.06287
604.0,0.06353
605.0,0.06285
606.0,0.06227
607.0,0.06256
608.0,0.06152
609.0,0.06129
610.0,0.06053
611.0,0.06054
612.0,0.06005
613.0,0.05897
614.0,0.05785
615.0,0.0588
616.0,0.05657
617.0,0.05617
618.0,0.05803
619.0,0.05714
620.0,0.05719
621.0,0.05694
622.0,0.05595
623.0,0.05478
624.0,0.05354
625.0,0.05316
626.0,0.05368
627.0,0.05397
628.0,0.04987
629.0,0.05202
630.0,0.05053
631.0,0.05147
632.0,0.0506
633.0,0.05193
634.0,0.0512
635.0,0.05173
636.0,0.05078
637.0,0.05136
638.0,0.05161
639.0,0.05077
640.0,0.05002
641.0,0.04972
642.0,0.04927
643.0,0.04971
644.0,0.04931
645.0,0.04912
646.0,0.04768
647.0,0.04681
648.0,0.04658
649.0,0.04544
650.0,0.04551
651.0,0.04724
652.0,0.04492
653.0,0.04614
654.0,0.04541
655.0,0.04342
656.0,0.03832
657.0,0.03917
658.0,0.04372
659.0,0.04383
660.0,0.04378
661.0,0.04386
662.0,0.04373
663.0,0.04268
664.0,0.04299
665.0,0.04282
666.0,0.04264
667.0,0.0424
668.0,0.04222
669.0,0.04266
670.0,0.04225
671.0,0.04204
672.0,0.04152
673.0,0.04198
674.0,0.04161
675.0,0.04102
676.0,0.0411
677.0,0.04051
678.0,0.04045
679.0,0.03961
680.0,0.03974
681.0,0.03928
682.0,0.03904
683.0,0.03877
684.0,0.03837
685.0,0.0385
686.0,0.03808
687.0,0.02431
688.0,0.02874
689.0,0.02871
690.0,0.03009
691.0,0.03168
692.0,0.03282
693.0,0.03237
694.0,0.03188
695.0,0.03315
696.0,0.03302
697.0,0.03513
698.0,0.03442
699.0,0.03329
700.0,0.03273
701.0,0.03223
702.0,0.03235
703.0,0.03224
704.0,0.03318
705.0,0.03306
706.0,0.0329
707.0,0.03278
708.0,0.03269
709.0,0.0326
710.0,0.03242
711.0,0.03228
712.0,0.03208
713.0,0.03159
714.0,0.03153
715.0,0.03033
716.0,0.0302
717.0,0.02567
718.0,0.02327
719.0,0.02102
720.0,0.02202
721.0,0.02447
722.0,0.02831
723.0,0.02597
724.0,0.02303
725.0,0.02254
726.0,0.02361
727.0,0.02381
728.0,0.02217
729.0,0.02302
730.0,0.02436
731.0,0.02309
732.0,0.02476
733.0,0.02626
734.0,0.02678
735.0,0.02608
736.0,0.02594
737.0,0.02591
738.0,0.02627
739.0,0.02561
740.0,0.02618
741.0,0.02581
742.0,0.02572
743.0,0.02624
744.0,0.02603
745.0,0.02591
746.0,0.02591
747.0,0.02585
748.0,0.02566
749.0,0.02523
750.0,0.0251
751.0,0.02474
752.0,0.02473
753.0,0.02473
754.0,0.02466
755.0,0.02441
756.0,0.02429
757.0,0.02422
758.0,0.0238
759.0,0.02316
760.0,0.003352
761.0,0.001707
762.0,0.01096
763.0,0.005164
764.0,0.007949
765.0,0.01079
766.0,0.01348
767.0,0.01728
768.0,0.02014
769.0,0.02054
770.0,0.02122
771.0,0.02133
772.0,0.02129
773.0,0.02133
774.0,0.02111
775.0,0.02086
776.0,0.02102
777.0,0.02064
778.0,0.02041
779.0,0.02032
780.0,0.02011
781.0,0.02004
782.0,0.02007
783.0,0.01963
784.0,0.01964
785.0,0.0194
786.0,0.01953
787.0,0.01907
788.0,0.01873
789.0,0.01862
790.0,0.01799
791.0,0.01811
792.0,0.01789
793.0,0.01751
794.0,0.01779
795.0,0.01799
796.0,0.01729
797.0,0.01724
798.0,0.01773
799.0,0.01752
800.0,0.01711
801.0,0.01697
802.0,0.01684
803.0,0.01663
804.0,0.01658
805.0,0.01647
806.0,0.01688
807.0,0.01659
808.0,0.01654
809.0,0.01613
810.0,0.0159
811.0,0.01584
812.0,0.01526
813.0,0.01483
814.0,0.01278
815.0,0.01264
816.0,0.01158
817.0,0.01178
818.0,0.01126
819.0,0.01273
820.0,0.01185
821.0,0.01409
822.0,0.01357
823.0,0.008726
824.0,0.013
825.0,0.01356
826.0,0.0129
827.0,0.01367
828.0,0.01129
829.0,0.01267
830.0,0.01243
831.0,0.01243
832.0,0.01194
833.0,0.01283
834.0,0.01225
835.0,0.01355
836.0,0.01283
837.0,0.01347
838.0,0.01297
839.0,0.01316
840.0,0.01339
841.0,0.01313
842.0,0.01312
843.0,0.01307
844.0,0.01282
845.0,0.01321
846.0,0.0131
847.0,0.01281
848.0,0.01266
849.0,0.01225
850.0,0.01168
851.0,0.0123
852.0,0.01216
853.0,0.01166
854.0,0.01001
855.0,0.01097
856.0,0.01193
857.0,0.01216
858.0,0.01202
859.0,0.01198
860.0,0.01195
861.0,0.01183
862.0,0.01197
863.0,0.01221
864.0,0.01155
865.0,0.0114
866.0,0.01021
867.0,0.01061
868.0,0.0115
869.0,0.01122
870.0,0.01149
871.0,0.01128
872.0,0.0112
873.0,0.01113
874.0,0.01095
875.0,0.01067
876.0,0.01074
877.0,0.0108
878.0,0.01087
879.0,0.01066
880.0,0.01039
881.0,0.01019
882.0,0.01037
883.0,0.01036
884.0,0.01027
885.0,0.0103
886.0,0.009757
887.0,0.009834
888.0,0.009928
889.0,0.01001
890.0,0.009868
891.0,0.009821
892.0,0.009482
893.0,0.00911
894.0,0.008697
895.0,0.008113
896.0,0.007516
897.0,0.006295
898.0,0.00693
899.0,0.005038
900.0,0.007092
901.0,0.005324
902.0,0.006365
903.0,0.006378
904.0,0.00828
905.0,0.007919
906.0,0.00733
907.0,0.005735
908.0,0.00586
909.0,0.006422
910.0,0.005531
911.0,0.005935
912.0,0.006224
913.0,0.005547
914.0,0.005478
915.0,0.005998
916.0,0.004922
917.0,0.006479
918.0,0.005035
919.0,0.006551
920.0,0.00661
921.0,0.006927
922.0,0.006061
923.0,0.006637
924.0,0.006183
925.0,0.006
926.0,0.006067
927.0,0.006861
928.0,0.004765
929.0,0.004281
930.0,0.003228
931.0,0.003023
932.0,0.002075
933.0,0.001635
934.0,0.0008352
935.0,0.001668
936.0,0.0009836
937.0,0.0009932
938.0,0.001244
939.0,0.00283
940.0,0.003491
941.0,0.002529
942.0,0.00297
943.0,0.001833
944.0,0.00194
945.0,0.002566
946.0,0.001191
947.0,0.002555
948.0,0.001794
949.0,0.003547
950.0,0.0008311
951.0,0.003464
952.0,0.001694
953.0,0.002259
954.0,0.002858
955.0,0.002287
956.0,0.002191
957.0,0.001667
958.0,0.003244
959.0,0.002475
960.0,0.002815
961.0,0.003204
962.0,0.002996
963.0,0.003524
964.0,0.003171
965.0,0.003484
966.0,0.003474
967.0,0.003438
968.0,0.004835
969.0,0.00507
970.0,0.004569
971.0,0.005342
972.0,0.005046
973.0,0.004273
974.0,0.004011
975.0,0.004167
976.0,0.003908
977.0,0.004537
978.0,0.004254
979.0,0.004481
980.0,0.004146
981.0,0.005111
982.0,0.004829
983.0,0.00459
984.0,0.005248
985.0,0.00476
986.0,0.005323
987.0,0.005179
988.0,0.005147
989.0,0.005259
990.0,0.005082
991.0,0.005227
992.0,0.00524
993.0,0.005085
994.0,0.005203
995.0,0.005181
996.0,0.005134
997.0,0.005123
998.0,0.005079
999.0,0.005044
1000.0,0.004984
1001.0,0.005034
1002.0,0.004854
1003.0,0.004906
1004.0,0.004761
1005.0,0.004577
1006.0,0.004732
1007.0,0.004816
1008.0,0.004768
1009.0,0.00472
1010.0,0.00468
1011.0,0.004721
1012.0,0.004656
1013.0,0.004675
1014.0,0.004626
1015.0,0.004577
1016.0,0.004538
1017.0,0.004531
1018.0,0.004499
1019.0,0.004377
1020.0,0.004439
1021.0,0.004417
1022.0,0.004363
1023.0,0.004392
1024.0,0.004311
1025.0,0.004361
1026.0,0.004323
1027.0,0.004296
1028.0,0.004272
1029.0,0.004205
1030.0,0.004221
1031.0,0.004187
1032.0,0.00416
1033.0,0.004081
1034.0,0.004065
1035.0,0.004062
1036.0,0.004067
1037.0,0.003986
1038.0,0.003989
1039.0,0.003972
1040.0,0.003941
1041.0,0.003941
1042.0,0.003899
1043.0,0.003872
1044.0,0.003872
1045.0,0.003805
1046.0,0.003748
1047.0,0.003767
1048.0,0.003774
1049.0,0.003747
1050.0,0.003715
1051.0,0.003695
1052.0,0.003666
1053.0,0.003623
1054.0,0.003618
1055.0,0.003605
1056.0,0.003578
1057.0,0.003553
1058.0,0.003453
1059.0,0.003443
1060.0,0.003425
1061.0,0.003407
1062.0,0.003411
1063.0,0.003365
1064.0,0.003394
1065.0,0.003354
1066.0,0.003278
1067.0,0.003307
1068.0,0.003221
1069.0,0.003111
1070.0,0.003202
1071.0,0.003247
1072.0,0.003192
1073.0,0.003137
1074.0,0.003214
1075.0,0.003023
1076.0,0.003187
1077.0,0.003107
1078.0,0.003034
1079.0,0.003104
1080.0,0.003021
1081.0,0.002911
1082.0,0.002962
1083.0,0.002963
1084.0,0.002863
1085.0,0.00298
1086.0,0.002667
1087.0,0.002779
1088.0,0.002902
1089.0,0.002786
1090.0,0.002696
1091.0,0.002856
1092.0,0.002842
1093.0,0.00234
1094.0,0.002577
1095.0,0.002438
1096.0,0.002307
1097.0,0.002731
1098.0,0.002252
1099.0,0.00235
1100.0,0.002144
1101.0,0.002173
1102.0,0.002055
1103.0,0.002017
1104.0,0.002015
1105.0,0.00224
1106.0,0.001624
1107.0,0.002094
1108.0,0.001715
1109.0,0.001713
1110.0,0.00205
1111.0,0.001294
1112.0,0.001684
1113.0,0.000989
1114.0,0.001119
1115.0,0.0008998
1116.0,0.0006906
1117.0,0.0002227
1118.0,0.0007563
1119.0,0.0003411
1120.0,0.0004388
1121.0,0.0006023
1122.0,0.000227
1123.0,0.0003875
1124.0,0.0003202
1125.0,0.0004308
1126.0,0.0001324
1127.0,0.0004887
1128.0,0.0002725
1129.0,0.0002906
1130.0,0.000182
1131.0,0.001006
1132.0,0.0007576
1133.0,0.000448
1134.0,9.837e-05
1135.0,3.484e-05
1136.0,0.0003603
1137.0,0.0009661
1138.0,0.000645
1139.0,0.001023
1140.0,0.0008271
1141.0,0.0006026
1142.0,0.0007054
1143.0,0.001055
1144.0,0.0003164
1145.0,0.000413
1146.0,0.0004475
1147.0,0.0001388
1148.0,0.0008772
1149.0,0.0006736
1150.0,0.0003362
1151.0,0.0006112
1152.0,0.0007755
1153.0,0.0007514
1154.0,0.0003864
1155.0,0.001018
1156.0,0.0008981
1157.0,0.001024
1158.0,0.001008
1159.0,0.001103
1160.0,0.0009141
1161.0,0.001167
1162.0,0.001164
1163.0,0.001653
1164.0,0.001377
1165.0,0.00128
1166.0,0.001267
1167.0,0.001395
1168.0,0.001408
1169.0,0.001448
1170.0,0.001586
1171.0,0.001533
1172.0,0.00156
1173.0,0.001565
1174.0,0.001053
1175.0,0.001521
1176.0,0.001688
1177.0,0.001604
1178.0,0.001145
1179.0,0.001686
1180.0,0.001469
1181.0,0.001521
1182.0,0.0009846
1183.0,0.001494
1184.0,0.001373
1185.0,0.00131
1186.0,0.001595
1187.0,0.001501
1188.0,0.0009893
1189.0,0.001381
1190.0,0.001534
1191.0,0.001438
1192.0,0.001549
1193.0,0.001469
1194.0,0.001518
1195.0,0.001421
1196.0,0.001356
1197.0,0.001515
1198.0,0.001364
1199.0,0.001129
1200.0,0.001423
1201.0,0.00136
1202.0,0.001347
1203.0,0.001341
1204.0,0.001138
1205.0,0.001374
1206.0,0.00154
1207.0,0.001327
1208.0,0.00131
1209.0,0.001333
1210.0,0.001393
1211.0,0.001311
1212.0,0.001288
1213.0,0.001455
1214.0,0.001316
1215.0,0.001282
1216.0,0.001436
1217.0,0.001388
1218.0,0.001414
1219.0,0.001391
1220.0,0.001407
1221.0,0.00142
1222.0,0.001373
1223.0,0.001354
1224.0,0.00134
1225.0,0.001393
1226.0,0.0014
1227.0,0.001274
1228.0,0.0014
1229.0,0.001387
1230.0,0.001356
1231.0,0.001397
1232.0,0.001384
1233.0,0.001325
1234.0,0.001384
1235.0,0.00137
1236.0,0.001376
1237.0,0.00135
1238.0,0.001363
1239.0,0.001341
1240.0,0.001342
1241.0,0.001329
1242.0,0.001324
1243.0,0.001308
1244.0,0.001312
1245.0,0.001314
1246.0,0.001302
1247.0,0.001293
1248.0,0.001287
1249.0,0.001287
1250.0,0.001275
1251.0,0.001253
1252.0,0.001251
1253.0,0.001235
1254.0,0.001216
1255.0,0.001237
1256.0,0.001194
1257.0,0.001183
1258.0,0.001205
1259.0,0.00115
1260.0,0.001154
1261.0,0.001077
1262.0,0.001037
1263.0,0.001036
1264.0,0.0009433
1265.0,0.001024
1266.0,0.0009762
1267.0,0.0009945
1268.0,0.0009335
1269.0,0.0005386
1270.0,0.0009813
1271.0,0.001046
1272.0,0.001047
1273.0,0.001031
1274.0,0.001033
1275.0,0.001046
1276.0,0.001054
1277.0,0.001059
1278.0,0.00108
1279.0,0.001067
1280.0,0.00105
1281.0,0.001
1282.0,0.0009634
1283.0,0.001034
1284.0,0.001055
1285.0,0.001059
1286.0,0.001071
1287.0,0.001048
1288.0,0.001045
1289.0,0.001004
1290.0,0.00103
1291.0,0.001042
1292.0,0.0009652
1293.0,0.001012
1294.0,0.001001
1295.0,0.0009918
1296.0,0.0009369
1297.0,0.0008766
1298.0,0.0009522
1299.0,0.0009952
1300.0,0.0008174
1301.0,0.0008451
1302.0,0.0009386
1303.0,0.0007997
1304.0,0.0006629
1305.0,0.0009072
1306.0,0.0009049
1307.0,0.0006725
1308.0,0.0007879
1309.0,0.0008892
1310.0,0.0006522
1311.0,0.0007442
1312.0,0.000722
1313.0,0.0007024
1314.0,0.0006143
1315.0,0.0006068
1316.0,0.0007212
1317.0,0.0006742
1318.0,0.0007413
1319.0,0.0005545
1320.0,0.0005326
1321.0,0.0006347
1322.0,0.0006401
1323.0,0.000459
1324.0,0.0005341
1325.0,0.0006898
1326.0,0.000576
1327.0,0.0005434
1328.0,0.0004567
1329.0,0.0003283
1330.0,0.0004426
1331.0,0.0002475
1332.0,0.0002562
1333.0,0.0003724
1334.0,0.0003062
1335.0,0.0004413
1336.0,0.0003355
1337.0,0.0002906
1338.0,0.0003173
1339.0,0.0003153
1340.0,0.0003038
1341.0,0.000295
1342.0,0.0003111
1343.0,0.0001991
1344.0,0.0001117
1345.0,0.0001677
1346.0,7.697e-05
1347.0,7.811e-05
1348.0,4.323e-06
1349.0,1.632e-05
1350.0,1.694e-05
1351.0,3.879e-06
1352.0,1.016e-06
1353.0,5.04e-08
1354.0,1.743e-07
1355.0,1.386e-09
1356.0,2.435e-08
1357.0,3.704e-08
1358.0,1.627e-09
1359.0,2.047e-10
1360.0,7.403e-10
1361.0,8.271e-13
1362.0,2.262e-15
1363.0,9.955e-10
1364.0,4.108e-10
1365.0,7.899e-16
1366.0,4.32e-09
1367.0,1.762e-09
1368.0,6.099e-18
1369.0,1.513e-10
1370.0,7.451e-11
1371.0,4.222e-12
1372.0,9.549e-10
1373.0,1.932e-08
1374.0,9.009e-08
1375.0,1.64e-07
1376.0,1.469e-07
1377.0,6.682e-08
1378.0,6.657e-07
1379.0,2.783e-08
1380.0,4.004e-08
1381.0,1.037e-09
1382.0,8.368e-10
1383.0,1.25e-11
1384.0,1.639e-10
1385.0,7.843e-10
1386.0,7.377e-10
1387.0,9.012e-08
1388.0,1.756e-09
1389.0,3.068e-07
1390.0,2.63e-07
1391.0,1.743e-07
1392.0,1.118e-08
1393.0,5.949e-08
1394.0,3.06e-08
1395.0,2.229e-10
1396.0,1.076e-12
1397.0,2.335e-08
1398.0,7.067e-07
1399.0,4.445e-07
1400.0,4.603e-13
1401.0,1.91e-12
1402.0,1.247e-06
1403.0,1.57e-06
1404.0,4.683e-07
1405.0,1.055e-10
1406.0,1.228e-06
1407.0,1.054e-07
1408.0,9.951e-07
1409.0,3.273e-07
1410.0,2.614e-07
1411.0,1.346e-06
1412.0,1.826e-06
1413.0,2.069e-05
1414.0,2.037e-07
1415.0,9.68e-08
1416.0,3.523e-05
1417.0,9.724e-06
1418.0,1.108e-05
1419.0,1.609e-06
1420.0,6.596e-06
1421.0,7.138e-06
1422.0,4.621e-05
1423.0,8.05e-06
1424.0,1.555e-05
1425.0,2.323e-05
1426.0,2.679e-05
1427.0,5.209e-05
1428.0,3.201e-06
1429.0,3.752e-05
1430.0,6.753e-05
1431.0,7.486e-05
1432.0,2.47e-06
1433.0,4.511e-05
1434.0,2.166e-05
1435.0,2.099e-05
1436.0,4.325e-05
1437.0,3.24e-05
1438.0,1.272e-05
1439.0,6.034e-05
1440.0,4.409e-05
1441.0,3.224e-05
1442.0,3.602e-05
1443.0,4.67e-05
1444.0,6.691e-05
1445.0,5.023e-05
1446.0,2.105e-05
1447.0,3.42e-05
1448.0,0.0001359
1449.0,0.0001149
1450.0,2.47e-05
1451.0,9.265e-06
1452.0,6.423e-05
1453.0,8.694e-05
1454.0,0.000163
1455.0,6.901e-05
1456.0,9.477e-05
1457.0,0.0001335
1458.0,0.0001625
1459.0,0.0001958
1460.0,9.27e-05
1461.0,9.592e-05
1462.0,0.0001491
1463.0,4.161e-05
1464.0,0.0001819
1465.0,0.0001024
1466.0,6.519e-05
1467.0,3.161e-05
1468.0,7.848e-05
1469.0,9.949e-05
1470.0,4.475e-05
1471.0,1.48e-05
1472.0,4.241e-05
1473.0,6.858e-05
1474.0,0.0001059
1475.0,0.0002209
1476.0,6.814e-05
1477.0,6.818e-05
1478.0,6.319e-05
1479.0,0.0001322
1480.0,5.753e-05
1481.0,0.0001246
1482.0,5.617e-05
1483.0,0.000168
1484.0,0.0001555
1485.0,0.0001352
1486.0,0.0001323
1487.0,5.44e-05
1488.0,0.0001036
1489.0,0.0002242
1490.0,0.0002042
1491.0,0.0002363
1492.0,0.0001873
1493.0,0.0002096
1494.0,0.0002409
1495.0,0.0002098
1496.0,0.0001942
1497.0,0.0002806
1498.0,0.0002205
1499.0,0.0002638
1500.0,0.00031
1501.0,0.0003282
1502.0,0.0002706
1503.0,0.0002237
1504.0,0.0001732
1505.0,0.0002141
1506.0,0.000325
1507.0,0.0003097
1508.0,0.0002927
1509.0,0.0002135
1510.0,0.000335
1511.0,0.0003218
1512.0,0.0003183
1513.0,0.0002878
1514.0,0.0002655
1515.0,0.0003256
1516.0,0.0003091
1517.0,0.0003005
1518.0,0.0002986
1519.0,0.0002906
1520.0,0.0003154
1521.0,0.0003385
1522.0,0.0003193
1523.0,0.000342
1524.0,0.0003303
1525.0,0.0003131
1526.0,0.0003175
1527.0,0.0003137
1528.0,0.000336
1529.0,0.0003176
1530.0,0.0003108
1531.0,0.0003189
1532.0,0.0003322
1533.0,0.0003316
1534.0,0.0003248
1535.0,0.000322
1536.0,0.0003277
1537.0,0.0003194
1538.0,0.0003225
1539.0,0.000316
1540.0,0.0003165
1541.0,0.0003179
1542.0,0.0003135
1543.0,0.0003185
1544.0,0.0003137
1545.0,0.0003194
1546.0,0.0003136
1547.0,0.0003086
1548.0,0.0003078
1549.0,0.0003099
1550.0,0.000307
1551.0,0.0003085
1552.0,0.0003052
1553.0,0.0003028
1554.0,0.0002994
1555.0,0.0002995
1556.0,0.0002985
1557.0,0.0003013
1558.0,0.000299
1559.0,0.0002964
1560.0,0.0002978
1561.0,0.0002992
1562.0,0.0002947
1563.0,0.0002917
1564.0,0.0002923
1565.0,0.0002922
1566.0,0.0002877
1567.0,0.0002876
1568.0,0.000284
1569.0,0.0002853
1570.0,0.0002872
1571.0,0.0002889
1572.0,0.0002865
1573.0,0.000284
1574.0,0.0002732
1575.0,0.0002694
1576.0,0.0002645
1577.0,0.0002571
1578.0,0.0002693
1579.0,0.0002711
1580.0,0.0002729
1581.0,0.0002683
1582.0,0.0002623
1583.0,0.0002629
1584.0,0.0002672
1585.0,0.0002695
1586.0,0.0002658
1587.0,0.0002608
1588.0,0.000253
1589.0,0.0002446
1590.0,0.0002495
1591.0,0.0002551
1592.0,0.0002619
1593.0,0.0002655
1594.0,0.0002643
1595.0,0.0002604
1596.0,0.0002521
1597.0,0.0002579
1598.0,0.0002609
1599.0,0.0002574
1600.0,0.0002552
1601.0,0.000251
1602.0,0.0002511
1603.0,0.000253
1604.0,0.0002504
1605.0,0.0002497
1606.0,0.0002462
1607.0,0.0002478
1608.0,0.000247
1609.0,0.0002399
1610.0,0.0002343
1611.0,0.0002379
1612.0,0.0002402
1613.0,0.00024
1614.0,0.0002394
1615.0,0.0002335
1616.0,0.0002294
1617.0,0.0002333
1618.0,0.0002368
1619.0,0.0002318
1620.0,0.0002264
1621.0,0.0002284
1622.0,0.0002314
1623.0,0.0002342
1624.0,0.0002309
1625.0,0.0002294
1626.0,0.0002294
1627.0,0.0002306
1628.0,0.0002294
1629.0,0.0002269
1630.0,0.0002249
1631.0,0.000223
1632.0,0.000222
1633.0,0.0002146
1634.0,0.0002192
1635.0,0.0002153
1636.0,0.0002132
1637.0,0.0002104
1638.0,0.0001971
1639.0,0.0002049
1640.0,0.000195
1641.0,0.0002023
1642.0,0.000206
1643.0,0.0001932
1644.0,0.0002049
1645.0,0.0001982
1646.0,0.0001926
1647.0,0.0002067
1648.0,0.000191
1649.0,0.0002005
1650.0,0.0002016
1651.0,0.0001855
1652.0,0.0001985
1653.0,0.0001999
1654.0,0.0001881
1655.0,0.0001989
1656.0,0.0001949
1657.0,0.000196
1658.0,0.0001982
1659.0,0.0001962
1660.0,0.0001974
1661.0,0.0001958
1662.0,0.0001896
1663.0,0.0001939
1664.0,0.0001916
1665.0,0.0001798
1666.0,0.0001441
1667.0,0.0001771
1668.0,0.0001839
1669.0,0.0001846
1670.0,0.0001875
1671.0,0.0001815
1672.0,0.000179
1673.0,0.0001828
1674.0,0.0001781
1675.0,0.0001749
1676.0,0.0001758
1677.0,0.0001749
1678.0,0.0001692
1679.0,0.0001729
1680.0,0.0001653
1681.0,0.0001596
1682.0,0.0001685
1683.0,0.0001717
1684.0,0.0001574
1685.0,0.0001728
1686.0,0.0001718
1687.0,0.0001644
1688.0,0.0001699
1689.0,0.0001676
1690.0,0.0001665
1691.0,0.0001501
1692.0,0.0001649
1693.0,0.0001696
1694.0,0.0001623
1695.0,0.0001668
1696.0,0.0001664
1697.0,0.0001373
1698.0,0.000164
1699.0,0.0001613
1700.0,0.0001563
1702.0,0.0001587
1705.0,0.0001524
1710.0,0.0001422
1715.0,0.0001407
1720.0,0.0001377
1725.0,0.0001264
1730.0,0.0001235
1735.0,0.0001138
1740.0,0.0001142
1745.0,0.0001051
1750.0,0.0001123
1755.0,0.0001011
1760.0,0.0001053
1765.0,8.296e-05
1770.0,8.875e-05
1775.0,6.836e-05
1780.0,5.679e-05
1785.0,4.066e-05
1790.0,4.764e-05
1795.0,2.132e-05
1800.0,1.413e-05
1805.0,5.239e-06
1810.0,3.312e-06
1815.0,9.126e-07
1820.0,2.207e-07
1825.0,2.895e-07
1830.0,6.773e-10
1835.0,1.026e-09
1840.0,5.971e-12
1845.0,6.399e-10
1850.0,2.886e-10
1855.0,2.755e-11
1860.0,1.584e-09
1865.0,2.209e-09
1870.0,1.203e-14
1875.0,2.174e-14
1880.0,1.169e-08
1885.0,6.212e-09
1890.0,3.438e-08
1895.0,1.986e-08
1900.0,8.398e-11
1905.0,5.719e-11
1910.0,2.78e-09
1915.0,2.708e-09
1920.0,7.222e-08
1925.0,1.714e-07
1930.0,9.831e-08
1935.0,7.797e-07
1940.0,7.74e-07
1945.0,3.398e-06
1950.0,6.899e-06
1955.0,6.119e-06
1960.0,1.13e-05
1965.0,1.708e-05
1970.0,2.487e-05
1975.0,2.847e-05
1980.0,2.852e-05
1985.0,3.08e-05
1990.0,3.172e-05
1995.0,3.351e-05
2000.0,3.52e-05
2005.0,2.887e-05
2010.0,4.261e-05
2015.0,3.236e-05
2020.0,3.462e-05
2025.0,3.764e-05
2030.0,3.395e-05
2035.0,3.698e-05
2040.0,3.471e-05
2045.0,3.557e-05
2050.0,3.582e-05
2055.0,3.39e-05
2060.0,3.24e-05
2065.0,3.273e-05
2070.0,3.199e-05
2075.0,3.248e-05
2080.0,3.132e-05
2085.0,3.085e-05
2090.0,3.094e-05
2095.0,2.97e-05
2100.0,2.729e-05
2105.0,2.945e-05
2110.0,2.791e-05
2115.0,2.842e-05
2120.0,2.635e-05
2125.0,2.657e-05
2130.0,2.671e-05
2135.0,2.67e-05
2140.0,2.67e-05
2145.0,2.618e-05
2150.0,2.42e-05
2155.0,2.4e-05
2160.0,2.354e-05
2165.0,2.12e-05
2170.0,2.246e-05
2175.0,2.167e-05
2180.0,2.212e-05
2185.0,1.943e-05
2190.0,2.094e-05
2195.0,2.055e-05
2200.0,1.774e-05
2205.0,1.864e-05
2210.0,2.02e-05
2215.0,1.905e-05
2220.0,1.933e-05
2225.0,1.853e-05
2230.0,1.846e-05
2235.0,1.779e-05
2240.0,1.741e-05
2245.0,1.648e-05
2250.0,1.668e-05
2255.0,1.53e-05
2260.0,1.485e-05
2265.0,1.512e-05
2270.0,1.4e-05
2275.0,1.364e-05
2280.0,1.425e-05
2285.0,1.314e-05
2290.0,1.303e-05
2295.0,1.256e-05
2300.0,1.174e-05
2305.0,1.174e-05
2310.0,1.293e-05
2315.0,1.133e-05
2320.0,9.711e-06
2325.0,1.091e-05
2330.0,1.082e-05
2335.0,1.104e-05
2340.0,8.194e-06
2345.0,9.328e-06
2350.0,7.125e-06
2355.0,8.397e-06
2360.0,8.911e-06
2365.0,8.713e-06
2370.0,4.74e-06
2375.0,7.458e-06
2380.0,7.04e-06
2385.0,4.799e-06
2390.0,5.787e-06
2395.0,6.412e-06
2400.0,7.048e-06
2405.0,5.109e-06
2410.0,5.079e-06
2415.0,3.938e-06
2420.0,3.768e-06
2425.0,4.818e-06
2430.0,6.783e-06
2435.0,1.874e-06
2440.0,6.452e-06
2445.0,2.69e-06
2450.0,1.633e-06
2455.0,3.267e-06
2460.0,4.504e-06
2465.0,3.044e-06
2470.0,1.948e-06
2475.0,1.881e-06
2480.0,8.382e-07
2485.0,5.35e-07
2490.0,3.013e-07
2495.0,2.594e-07
2500.0,6.676e-07
2505.0,1.284e-07
2510.0,1.909e-07
2515.0,3.919e-08
2520.0,2.191e-08
2525.0,2.459e-09
2530.0,1.699e-11
2535.0,3.756e-12
2540.0,8.913e-12
2545.0,6.908e-16
2550.0,2.801e-18
2555.0,1.344e-14
2560.0,4.035e-16
2565.0,9.032000000000001e-20
2570.0,2.689e-24
2575.0,1.701e-34
2580.0,1.774e-28
2585.0,3.708e-42
2590.0,2.313e-38
2595.0,4.501e-40
2600.0,3.705e-35
2605.0,4.0950000000000004e-42
2610.0,1.41e-41
2615.0,1.4009999999999999e-45
2620.0,1.2420000000000001e-35
2625.0,2.275e-35
2630.0,0.0
2635.0,1.184e-21
2640.0,2.5639999999999996e-22
2645.0,1.118e-24
2650.0,1.113e-25
2655.0,1.339e-34
2660.0,1.127e-31
2665.0,1.121e-44
2670.0,0.0
2675.0,5.464999999999999e-44
2680.0,2.285e-30
2685.0,2.184e-31
2690.0,8.168e-31
2695.0,3.204e-33
2700.0,9.334e-29
2705.0,2.6470000000000003e-26
2710.0,2.1080000000000002e-31
2715.0,2.6619999999999997e-29
2720.0,0.0
2725.0,5.96e-27
2730.0,1.737e-24
2735.0,1.9810000000000003e-26
2740.0,3.579e-32
2745.0,4.614e-27
2750.0,2.5870000000000005e-26
2755.0,4.161e-28
2760.0,6.234e-23
2765.0,2.926e-29
2770.0,1.4380000000000002e-26
2775.0,1.7749999999999998e-23
2780.0,8.263e-21
2785.0,3.1030000000000003e-20
2790.0,7.074e-18
2795.0,1.556e-18
2800.0,4.968e-15
2805.0,9.289e-17
2810.0,3.725e-13
2815.0,1.111e-13
2820.0,1.358e-15
2825.0,1.192e-11
2830.0,2.591e-10
2835.0,3.567e-15
2840.0,7.633e-12
2845.0,2.645e-09
2850.0,4.572e-11
2855.0,1.826e-11
2860.0,9.502e-10
2865.0,7.014e-09
2870.0,1.776e-10
2875.0,1.709e-08
2880.0,1.076e-08
2885.0,1.774e-08
2890.0,7.532e-09
2895.0,1.291e-07
2900.0,3.586e-08
2905.0,4.14e-09
2910.0,1.317e-07
2915.0,5.573e-08
2920.0,1.387e-07
2925.0,4.929e-08
2930.0,3.001e-07
2935.0,3.312e-07
2940.0,7.372e-08
2945.0,6.33e-08
2950.0,2.568e-07
2955.0,1.14e-07
2960.0,2.268e-07
2965.0,3.851e-07
2970.0,1.494e-08
2975.0,3.789e-08
2980.0,5.904e-08
2985.0,3.498e-07
2990.0,5.317e-07
2995.0,2.007e-07
3000.0,3.83e-07
3005.0,1.297e-07
3010.0,3.353e-07
3015.0,2.596e-07
3020.0,2.326e-08
3025.0,3.587e-07
3030.0,2.823e-07
3035.0,1.067e-07
3040.0,8.338e-08
3045.0,1.797e-07
3050.0,4.049e-08
3055.0,9.876e-09
3060.0,2.811e-07
3065.0,1.183e-07
3070.0,6.634e-08
3075.0,2.622e-07
3080.0,1.518e-07
3085.0,6.674e-08
3090.0,9.094e-08
3095.0,2.224e-08
3100.0,1.828e-07
3105.0,3.392e-08
3110.0,2.839e-08
3115.0,8.569e-08
3120.0,4.266e-07
3125.0,1.237e-07
3130.0,2.475e-07
3135.0,5.013e-07
3140.0,1.312e-07
3145.0,1.286e-07
3150.0,2.741e-07
3155.0,2.302e-07
3160.0,3.851e-07
3165.0,6.105e-07
3170.0,5.4e-07
3175.0,3.772e-07
3180.0,4.467e-07
3185.0,3.111e-07
3190.0,1.614e-07
3195.0,8.915e-08
3200.0,1.241e-08
3205.0,8.097e-09
3210.0,3.366e-09
3215.0,1.375e-08
3220.0,4.869e-08
3225.0,5.532e-09
3230.0,9.205e-09
3235.0,2.672e-07
3240.0,1.199e-07
3245.0,2.238e-08
3250.0,8.364e-08
3255.0,3.683e-07
3260.0,3.549e-08
3265.0,7.753e-08
3270.0,3.619e-08
3275.0,2.236e-07
3280.0,9.381e-08
3285.0,4.197e-07
3290.0,3.135e-07
3295.0,3.726e-08
3300.0,5.561e-08
3305.0,1.294e-07
3310.0,1.228e-07
3315.0,1.717e-10
3320.0,1.084e-09
3325.0,1.03e-07
3330.0,1.576e-07
3335.0,3.098e-07
3340.0,1.115e-07
3345.0,1.082e-07
3350.0,2.745e-07
3355.0,1.093e-07
3360.0,1.687e-07
3365.0,2.391e-07
3370.0,1.143e-07
3375.0,2.808e-07
3380.0,1.507e-07
3385.0,2.404e-07
3390.0,3.172e-07
3395.0,3.069e-07
3400.0,4.16e-07
3405.0,1.248e-07
3410.0,2.206e-07
3415.0,2.144e-07
3420.0,4.318e-07
3425.0,3.077e-07
3430.0,2.589e-07
3435.0,3.708e-07
3440.0,2.36e-07
3445.0,3.536e-07
3450.0,3.453e-07
3455.0,2.45e-07
3460.0,3.938e-07
3465.0,2.904e-07
3470.0,3.811e-07
3475.0,3.301e-07
3480.0,3.383e-07
3485.0,3.683e-07
3490.0,3.067e-07
3495.0,3.704e-07
3500.0,3.576e-07
3505.0,3.523e-07
3510.0,3.569e-07
3515.0,3.404e-07
3520.0,3.636e-07
3525.0,3.379e-07
3530.0,3.275e-07
3535.0,2.667e-07
3540.0,2.523e-07
3545.0,2.677e-07
3550.0,3.028e-07
3555.0,2.528e-07
3560.0,3.101e-07
3565.0,3.093e-07
3570.0,2.31e-07
3575.0,2.389e-07
3580.0,2.892e-07
3585.0,2.515e-07
3590.0,2.626e-07
3595.0,2.684e-07
3600.0,2.874e-07
3605.0,2.867e-07
3610.0,2.587e-07
3615.0,2.588e-07
3620.0,3.246e-07
3625.0,2.763e-07
3630.0,2.683e-07
3635.0,2.766e-07
3640.0,3.129e-07
3645.0,2.807e-07
3650.0,2.658e-07
3655.0,2.913e-07
3660.0,2.881e-07
3665.0,2.647e-07
3670.0,1.968e-07
3675.0,1.097e-07
3680.0,2.046e-07
3685.0,2.365e-07
3690.0,2.442e-07
3695.0,2.553e-07
3700.0,2.775e-07
3705.0,2.72e-07
3710.0,2.307e-07
3715.0,2.262e-07
3720.0,2.598e-07
3725.0,2.672e-07
3730.0,2.257e-07
3735.0,2.033e-07
3740.0,2.094e-07
3745.0,2.491e-07
3750.0,2.224e-07
3755.0,2.137e-07
3760.0,2.095e-07
3765.0,2.004e-07
3770.0,2.161e-07
3775.0,2.126e-07
3780.0,2.266e-07
3785.0,2.039e-07
3790.0,1.76e-07
3795.0,2.048e-07
3800.0,2.329e-07
3805.0,2.16e-07
3810.0,1.871e-07
3815.0,1.729e-07
3820.0,2.236e-07
3825.0,2.176e-07
3830.0,2.206e-07
3835.0,1.682e-07
3840.0,2.025e-07
3845.0,1.959e-07
3850.0,1.968e-07
3855.0,1.865e-07
3860.0,1.716e-07
3865.0,1.725e-07
3870.0,1.53e-07
3875.0,1.365e-07
3880.0,1.305e-07
3885.0,1.356e-07
3890.0,1.374e-07
3895.0,1.527e-07
3900.0,1.636e-07
3905.0,1.625e-07
3910.0,1.42e-07
3915.0,1.374e-07
3920.0,1.367e-07
3925.0,1.335e-07
3930.0,1.384e-07
3935.0,1.45e-07
3940.0,1.466e-07
3945.0,1.489e-07
3950.0,1.512e-07
3955.0,1.526e-07
3960.0,1.537e-07
3965.0,1.546e-07
3970.0,1.52e-07
3975.0,1.469e-07
3980.0,1.439e-07
3985.0,1.44e-07
3990.0,1.414e-07
3995.0,1.373e-07
4000.0,1.308e-07
