interpolation:linear
wavelength,value
280.0,2.1729999999999998e-23
280.5,7.404999999999999e-22
281.0,4.03e-21
281.5,1.327e-19
282.0,4.258e-19
282.5,9.812e-19
283.0,3.024e-18
283.5,4.91e-18
284.0,8.103e-17
284.5,2.388e-16
285.0,1.573e-15
285.5,3.966e-15
286.0,1.449e-14
286.5,5.773e-14
287.0,1.576e-13
287.5,5.837e-13
288.0,1.509e-12
288.5,4.251e-12
289.0,1.091e-11
289.5,3.227e-11
290.0,8.899e-11
290.5,1.814e-10
291.0,3.902e-10
291.5,1.126e-09
292.0,2.269e-09
292.5,3.144e-09
293.0,6.648e-09
293.5,1.592e-08
294.0,2.476e-08
294.5,2.716e-08
295.0,4.565e-08
295.5,8.002e-08
296.0,1.485e-07
296.5,1.993e-07
297.0,2.602e-07
297.5,6.593e-07
298.0,9.862e-07
298.5,9.507e-07
299.0,2.007e-06
299.5,3.073e-06
300.0,3.222e-06
300.5,4.436e-06
301.0,7.37e-06
301.5,1.083e-05
302.0,8.875e-06
302.5,1.597e-05
303.0,2.624e-05
303.5,3.154e-05
304.0,2.935e-05
304.5,4.313e-05
305.0,6.519e-05
305.5,7.525e-05
306.0,7.316e-05
306.5,9.204e-05
307.0,0.0001411
307.5,0.0001957
308.0,0.0002083
308.5,0.0002522
309.0,0.0002171
309.5,0.0003071
310.0,0.000341
310.5,0.0005807
311.0,0.0007919
311.5,0.0007925
312.0,0.000952
312.5,0.001311
313.0,0.001518
313.5,0.001386
314.0,0.002015
314.5,0.00219
315.0,0.002985
315.5,0.002258
316.0,0.002331
316.5,0.003875
317.0,0.004796
317.5,0.004782
318.0,0.004125
318.5,0.006231
319.0,0.00817
319.5,0.005664
320.0,0.006677
320.5,0.01023
321.0,0.01097
321.5,0.01071
322.0,0.00934
322.5,0.008203
323.0,0.009299
323.5,0.01583
324.0,0.01906
324.5,0.01782
325.0,0.01195
325.5,0.01709
326.0,0.02683
326.5,0.02968
327.0,0.0285
327.5,0.02623
328.0,0.02031
328.5,0.02522
329.0,0.03422
329.5,0.0403
330.0,0.03942
330.5,0.02862
331.0,0.02818
331.5,0.03078
332.0,0.03682
332.5,0.0381
333.0,0.03699
333.5,0.03103
334.0,0.03138
334.5,0.03941
335.0,0.03886
335.5,0.04684
336.0,0.03239
336.5,0.03584
337.0,0.02836
337.5,0.03479
338.0,0.0364
338.5,0.04376
339.0,0.0435
339.5,0.0417
340.0,0.04708
340.5,0.04271
341.0,0.04312
341.5,0.03993
342.0,0.04781
342.5,0.04483
343.0,0.049
343.5,0.04595
344.0,0.03275
344.5,0.03403
345.0,0.04548
345.5,0.04662
346.0,0.03972
346.5,0.04505
347.0,0.0481
347.5,0.03881
348.0,0.04449
348.5,0.04461
349.0,0.04143
349.5,0.04097
350.0,0.05068
350.5,0.05343
351.0,0.04756
351.5,0.04586
352.0,0.04947
352.5,0.03873
353.0,0.04888
353.5,0.05232
354.0,0.05436
354.5,0.0551
355.0,0.05483
355.5,0.04955
356.0,0.05186
356.5,0.04427
357.0,0.03655
357.5,0.04474
358.0,0.03546
358.5,0.0303
359.0,0.04233
359.5,0.0538
360.0,0.05704
360.5,0.04561
361.0,0.0416
361.5,0.0479
362.0,0.04142
362.5,0.05731
363.0,0.05145
363.5,0.04736
364.0,0.0579
364.5,0.04946
365.0,0.05034
365.5,0.06315
366.0,0.06689
366.5,0.06283
367.0,0.06116
367.5,0.06344
368.0,0.05548
368.5,0.05594
369.0,0.06038
369.5,0.06433
370.0,0.06855
370.5,0.05318
371.0,0.0568
371.5,0.07102
372.0,0.04711
372.5,0.05646
373.0,0.0574
373.5,0.03732
374.0,0.0542
374.5,0.04486
375.0,0.04358
375.5,0.06503
376.0,0.05388
376.5,0.0558
377.0,0.05904
377.5,0.06903
378.0,0.07479
378.5,0.07064
379.0,0.05826
379.5,0.05318
380.0,0.05525
380.5,0.06687
381.0,0.06697
381.5,0.05305
382.0,0.04708
382.5,0.04011
383.0,0.03711
383.5,0.03572
384.0,0.03938
384.5,0.05788
385.0,0.05736
385.5,0.05338
386.0,0.04568
386.5,0.05997
387.0,0.04979
387.5,0.05588
388.0,0.05156
388.5,0.05093
389.0,0.05493
389.5,0.06648
390.0,0.06667
390.5,0.06131
391.0,0.07211
391.5,0.07349
392.0,0.06185
392.5,0.05533
393.0,0.03076
393.5,0.02234
394.0,0.04543
394.5,0.05771
395.0,0.07036
395.5,0.07141
396.0,0.06186
396.5,0.03614
397.0,0.0271
397.5,0.05506
398.0,0.07704
398.5,0.07956
399.0,0.08608
399.5,0.08572
400.0,0.08893
401.0,0.08766
402.0,0.0923
403.0,0.08751
404.0,0.08599
405.0,0.0858
406.0,0.08422
407.0,0.08265
408.0,0.08565
409.0,0.09144
410.0,0.07972
411.0,0.08616
412.0,0.09235
413.0,0.08988
414.0,0.09077
415.0,0.09075
416.0,0.09208
417.0,0.08956
418.0,0.08768
419.0,0.08863
420.0,0.08801
421.0,0.0918
422.0,0.08696
423.0,0.08464
424.0,0.08919
425.0,0.08873
426.0,0.0862
427.0,0.08439
428.0,0.08202
429.0,0.07751
430.0,0.06764
431.0,0.0668
432.0,0.08591
433.0,0.08608
434.0,0.07969
435.0,0.083
436.0,0.09325
437.0,0.09168
438.0,0.08313
439.0,0.08555
440.0,0.08787
441.0,0.0906
442.0,0.09673
443.0,0.09387
444.0,0.09566
445.0,0.0934
446.0,0.08898
447.0,0.09592
448.0,0.09699
449.0,0.0969
450.0,0.09912
451.0,0.1024
452.0,0.09832
453.0,0.09219
454.0,0.09593
455.0,0.09602
456.0,0.09781
457.0,0.09881
458.0,0.09479
459.0,0.09363
460.0,0.09324
461.0,0.09485
462.0,0.09522
463.0,0.09436
464.0,0.09271
465.0,0.09142
466.0,0.09205
467.0,0.08994
468.0,0.09045
469.0,0.09034
470.0,0.08701
471.0,0.08656
472.0,0.09088
473.0,0.08935
474.0,0.08903
475.0,0.08921
476.0,0.08584
477.0,0.08535
478.0,0.08696
479.0,0.08563
480.0,0.08502
481.0,0.0859
482.0,0.08585
483.0,0.08452
484.0,0.08262
485.0,0.07864
486.0,0.06866
487.0,0.07176
488.0,0.07835
489.0,0.07812
490.0,0.08167
491.0,0.07977
492.0,0.07493
493.0,0.07702
494.0,0.07744
495.0,0.07772
496.0,0.07772
497.0,0.07831
498.0,0.07397
499.0,0.07414
500.0,0.07124
501.0,0.06917
502.0,0.06741
503.0,0.0694
504.0,0.06694
505.0,0.06893
506.0,0.07081
507.0,0.06715
508.0,0.06494
509.0,0.06664
510.0,0.06613
511.0,0.06766
512.0,0.06805
513.0,0.06401
514.0,0.06315
515.0,0.06209
516.0,0.06153
517.0,0.05434
518.0,0.05678
519.0,0.05919
520.0,0.06092
521.0,0.06103
522.0,0.06057
523.0,0.05906
524.0,0.06058
525.0,0.06066
526.0,0.05739
527.0,0.05349
528.0,0.05599
529.0,0.05847
530.0,0.05713
531.0,0.05748
532.0,0.0551
533.0,0.05316
534.0,0.05446
535.0,0.05543
536.0,0.05572
537.0,0.0533
538.0,0.05397
539.0,0.05321
540.0,0.0507
541.0,0.05062
542.0,0.05174
543.0,0.05078
544.0,0.05124
545.0,0.05073
546.0,0.05056
547.0,0.0502
548.0,0.04928
549.0,0.04911
550.0,0.04936
551.0,0.04843
552.0,0.04844
553.0,0.04723
554.0,0.048
555.0,0.04772
556.0,0.04671
557.0,0.04486
558.0,0.04407
559.0,0.0428
560.0,0.04289
561.0,0.043
562.0,0.04224
563.0,0.04295
564.0,0.04141
565.0,0.04069
566.0,0.03977
567.0,0.04016
568.0,0.03943
569.0,0.0381
570.0,0.03781
571.0,0.0373
572.0,0.03784
573.0,0.03798
574.0,0.03764
575.0,0.03673
576.0,0.03624
577.0,0.03652
578.0,0.03587
579.0,0.03595
580.0,0.03659
581.0,0.03672
582.0,0.03734
583.0,0.03734
584.0,0.03756
585.0,0.0365
586.0,0.03559
587.0,0.03615
588.0,0.03498
589.0,0.03061
590.0,0.03183
591.0,0.03358
592.0,0.03283
593.0,0.03312
594.0,0.03256
595.0,0.03138
596.0,0.03251
597.0,0.03181
598.0,0.03149
599.0,0.03126
600.0,0.03109
601.0,0.03067
602.0,0.03029
603.0,0.03066
604.0,0.03106
605.0,0.03081
606.0,0.03063
607.0,0.0309
608.0,0.03053
609.0,0.03057
610.0,0.03034
611.0,0.03049
612.0,0.03038
613.0,0.02998
614.0,0.02955
615.0,0.03016
616.0,0.02913
617.0,0.02903
618.0,0.0301
619.0,0.02973
620.0,0.02984
621.0,0.02978
622.0,0.02935
623.0,0.02881
624.0,0.02823
625.0,0.02808
626.0,0.02841
627.0,0.0286
628.0,0.02613
629.0,0.02758
630.0,0.02685
631.0,0.02756
632.0,0.0272
633.0,0.02803
634.0,0.02776
635.0,0.02816
636.0,0.02776
637.0,0.02819
638.0,0.02845
639.0,0.0281
640.0,0.0278
641.0,0.02774
642.0,0.02759
643.0,0.02791
644.0,0.02778
645.0,0.02773
646.0,0.02695
647.0,0.0264
648.0,0.02639
649.0,0.02576
650.0,0.026
651.0,0.02708
652.0,0.02571
653.0,0.02658
654.0,0.02622
655.0,0.02508
656.0,0.02222
657.0,0.02278
658.0,0.02552
659.0,0.02566
660.0,0.02571
661.0,0.02585
662.0,0.02581
663.0,0.02523
664.0,0.02549
665.0,0.02547
666.0,0.02543
667.0,0.02537
668.0,0.02534
669.0,0.02567
670.0,0.02549
671.0,0.02543
672.0,0.02516
673.0,0.02549
674.0,0.02532
675.0,0.02503
676.0,0.02513
677.0,0.02482
678.0,0.02482
679.0,0.02435
680.0,0.02447
681.0,0.02422
682.0,0.0241
683.0,0.02397
684.0,0.02375
685.0,0.02388
686.0,0.02364
687.0,0.01433
688.0,0.01704
689.0,0.01707
690.0,0.01802
691.0,0.01917
692.0,0.02008
693.0,0.01985
694.0,0.01971
695.0,0.02069
696.0,0.02066
697.0,0.02214
698.0,0.02172
699.0,0.02093
700.0,0.02059
701.0,0.02022
702.0,0.02036
703.0,0.02037
704.0,0.02105
705.0,0.02099
706.0,0.02093
707.0,0.02088
708.0,0.02083
709.0,0.02087
710.0,0.02072
711.0,0.02065
712.0,0.02056
713.0,0.02022
714.0,0.02022
715.0,0.01941
716.0,0.01932
717.0,0.0161
718.0,0.01469
719.0,0.01334
720.0,0.01389
721.0,0.01555
722.0,0.01812
723.0,0.01661
724.0,0.01469
725.0,0.01436
726.0,0.01501
727.0,0.01527
728.0,0.01416
729.0,0.01479
730.0,0.01555
731.0,0.01478
732.0,0.01597
733.0,0.01701
734.0,0.01742
735.0,0.01694
736.0,0.01682
737.0,0.01682
738.0,0.01719
739.0,0.01678
740.0,0.01719
741.0,0.01697
742.0,0.01694
743.0,0.0173
744.0,0.01718
745.0,0.01712
746.0,0.01712
747.0,0.01708
748.0,0.01697
749.0,0.01671
750.0,0.01664
751.0,0.01642
752.0,0.01644
753.0,0.01647
754.0,0.01645
755.0,0.01629
756.0,0.01623
757.0,0.01619
758.0,0.01592
759.0,0.01539
760.0,0.002347
761.0,0.001251
762.0,0.006949
763.0,0.003492
764.0,0.005177
765.0,0.006855
766.0,0.008478
767.0,0.01097
768.0,0.01315
769.0,0.01353
770.0,0.01415
771.0,0.0143
772.0,0.01429
773.0,0.01432
774.0,0.01418
775.0,0.014
776.0,0.0141
777.0,0.01383
778.0,0.01367
779.0,0.01362
780.0,0.01348
781.0,0.01344
782.0,0.01349
783.0,0.01321
784.0,0.01323
785.0,0.01308
786.0,0.01318
787.0,0.01281
788.0,0.01257
789.0,0.01252
790.0,0.01204
791.0,0.0122
792.0,0.01208
793.0,0.01182
794.0,0.01208
795.0,0.0122
796.0,0.01163
797.0,0.01158
798.0,0.01202
799.0,0.01187
800.0,0.01157
801.0,0.01145
802.0,0.01136
803.0,0.0112
804.0,0.01118
805.0,0.01114
806.0,0.01147
807.0,0.01126
808.0,0.01122
809.0,0.01089
810.0,0.01072
811.0,0.01063
812.0,0.01015
813.0,0.009871
814.0,0.008448
815.0,0.008373
816.0,0.007695
817.0,0.007802
818.0,0.007449
819.0,0.008439
820.0,0.007877
821.0,0.009458
822.0,0.009102
823.0,0.005823
824.0,0.008681
825.0,0.009176
826.0,0.008691
827.0,0.00925
828.0,0.007548
829.0,0.008569
830.0,0.008416
831.0,0.008406
832.0,0.008066
833.0,0.008679
834.0,0.008278
835.0,0.00926
836.0,0.008669
837.0,0.009201
838.0,0.008815
839.0,0.00897
840.0,0.009146
841.0,0.008942
842.0,0.00897
843.0,0.008982
844.0,0.008788
845.0,0.009078
846.0,0.009007
847.0,0.008811
848.0,0.008688
849.0,0.008398
850.0,0.008004
851.0,0.008401
852.0,0.00831
853.0,0.007977
854.0,0.006842
855.0,0.007511
856.0,0.008169
857.0,0.008339
858.0,0.008241
859.0,0.008229
860.0,0.00822
861.0,0.008146
862.0,0.008252
863.0,0.008421
864.0,0.007974
865.0,0.007878
866.0,0.007058
867.0,0.007339
868.0,0.007956
869.0,0.007763
870.0,0.007954
871.0,0.007815
872.0,0.007758
873.0,0.007711
874.0,0.007588
875.0,0.007401
876.0,0.007444
877.0,0.00749
878.0,0.007535
879.0,0.007388
880.0,0.007199
881.0,0.00705
882.0,0.007167
883.0,0.007171
884.0,0.007101
885.0,0.007121
886.0,0.006725
887.0,0.006793
888.0,0.006849
889.0,0.006926
890.0,0.0068
891.0,0.006781
892.0,0.006517
893.0,0.006243
894.0,0.005902
895.0,0.005448
896.0,0.005062
897.0,0.004229
898.0,0.004638
899.0,0.003406
900.0,0.004769
901.0,0.003559
902.0,0.004262
903.0,0.004254
904.0,0.005607
905.0,0.005362
906.0,0.004958
907.0,0.003843
908.0,0.003945
909.0,0.004308
910.0,0.003701
911.0,0.004016
912.0,0.004176
913.0,0.00371
914.0,0.003682
915.0,0.003977
916.0,0.003323
917.0,0.004319
918.0,0.003376
919.0,0.004389
920.0,0.004506
921.0,0.004672
922.0,0.004076
923.0,0.004486
924.0,0.004121
925.0,0.004012
926.0,0.004032
927.0,0.004569
928.0,0.003143
929.0,0.002823
930.0,0.002152
931.0,0.002024
932.0,0.001424
933.0,0.001145
934.0,0.0006166
935.0,0.001166
936.0,0.0007174
937.0,0.0007235
938.0,0.0008882
939.0,0.001892
940.0,0.002299
941.0,0.001692
942.0,0.001964
943.0,0.001263
944.0,0.001341
945.0,0.00172
946.0,0.00085
947.0,0.001709
948.0,0.001245
949.0,0.002315
950.0,0.0006104
951.0,0.00226
952.0,0.001175
953.0,0.00153
954.0,0.001897
955.0,0.001541
956.0,0.001522
957.0,0.001154
958.0,0.002178
959.0,0.001676
960.0,0.001879
961.0,0.002137
962.0,0.002011
963.0,0.002354
964.0,0.002133
965.0,0.002319
966.0,0.002316
967.0,0.002289
968.0,0.003285
969.0,0.003385
970.0,0.003072
971.0,0.003627
972.0,0.003416
973.0,0.002853
974.0,0.002693
975.0,0.002804
976.0,0.0026
977.0,0.003083
978.0,0.002858
979.0,0.00301
980.0,0.002801
981.0,0.003471
982.0,0.003267
983.0,0.003099
984.0,0.003599
985.0,0.003209
986.0,0.003677
987.0,0.003557
988.0,0.003544
989.0,0.00365
990.0,0.003483
991.0,0.003616
992.0,0.00363
993.0,0.003503
994.0,0.003611
995.0,0.003603
996.0,0.003566
997.0,0.003564
998.0,0.003532
999.0,0.003509
1000.0,0.00346
1001.0,0.003503
1002.0,0.003343
1003.0,0.003413
1004.0,0.003302
1005.0,0.003188
1006.0,0.003292
1007.0,0.003352
1008.0,0.003314
1009.0,0.003274
1010.0,0.003244
1011.0,0.003287
1012.0,0.003238
1013.0,0.003258
1014.0,0.003223
1015.0,0.003188
1016.0,0.003161
1017.0,0.003154
1018.0,0.003137
1019.0,0.003039
1020.0,0.003094
1021.0,0.003081
1022.0,0.003038
1023.0,0.003059
1024.0,0.00299
1025.0,0.00304
1026.0,0.00301
1027.0,0.002994
1028.0,0.002975
1029.0,0.002927
1030.0,0.002942
1031.0,0.002917
1032.0,0.002899
1033.0,0.002845
1034.0,0.002835
1035.0,0.002833
1036.0,0.002834
1037.0,0.002779
1038.0,0.00278
1039.0,0.002767
1040.0,0.002745
1041.0,0.002744
1042.0,0.002714
1043.0,0.002695
1044.0,0.002693
1045.0,0.002645
1046.0,0.002604
1047.0,0.002617
1048.0,0.002621
1049.0,0.002601
1050.0,0.002578
1051.0,0.002563
1052.0,0.002542
1053.0,0.00251
1054.0,0.002505
1055.0,0.002494
1056.0,0.002473
1057.0,0.002454
1058.0,0.002383
1059.0,0.002375
1060.0,0.002361
1061.0,0.002348
1062.0,0.002349
1063.0,0.002316
1064.0,0.002336
1065.0,0.002304
1066.0,0.002255
1067.0,0.002274
1068.0,0.002212
1069.0,0.00214
1070.0,0.002201
1071.0,0.00224
1072.0,0.002197
1073.0,0.002159
1074.0,0.002223
1075.0,0.002076
1076.0,0.002203
1077.0,0.002141
1078.0,0.002084
1079.0,0.002151
1080.0,0.00208
1081.0,0.001996
1082.0,0.002044
1083.0,0.002051
1084.0,0.00196
1085.0,0.002052
1086.0,0.001824
1087.0,0.001907
1088.0,0.002008
1089.0,0.001906
1090.0,0.001844
1091.0,0.001971
1092.0,0.001963
1093.0,0.001586
1094.0,0.001774
1095.0,0.001643
1096.0,0.001551
1097.0,0.001885
1098.0,0.001507
1099.0,0.001573
1100.0,0.001433
1101.0,0.001458
1102.0,0.001371
1103.0,0.001341
1104.0,0.001341
1105.0,0.001496
1106.0,0.001071
1107.0,0.001399
1108.0,0.001137
1109.0,0.001135
1110.0,0.001356
1111.0,0.0008603
1112.0,0.001116
1113.0,0.0006677
1114.0,0.0007451
1115.0,0.0006107
1116.0,0.0004756
1117.0,0.0001688
1118.0,0.0005157
1119.0,0.0002493
1120.0,0.0003124
1121.0,0.0004155
1122.0,0.0001712
1123.0,0.0002793
1124.0,0.0002348
1125.0,0.0003065
1126.0,0.0001036
1127.0,0.0003436
1128.0,0.0002016
1129.0,0.0002135
1130.0,0.0001391
1131.0,0.0006578
1132.0,0.00051
1133.0,0.0003158
1134.0,7.839e-05
1135.0,2.937e-05
1136.0,0.0002591
1137.0,0.0006305
1138.0,0.0004393
1139.0,0.0006755
1140.0,0.0005526
1141.0,0.0004134
1142.0,0.000477
1143.0,0.0006873
1144.0,0.0002306
1145.0,0.0002921
1146.0,0.000314
1147.0,0.0001076
1148.0,0.0005811
1149.0,0.0004566
1150.0,0.0002441
1151.0,0.0004169
1152.0,0.0005175
1153.0,0.0005074
1154.0,0.0002747
1155.0,0.0006678
1156.0,0.0005938
1157.0,0.0006787
1158.0,0.000669
1159.0,0.0007241
1160.0,0.0006136
1161.0,0.0007764
1162.0,0.0007745
1163.0,0.001103
1164.0,0.000919
1165.0,0.0008486
1166.0,0.000852
1167.0,0.0009354
1168.0,0.0009434
1169.0,0.0009678
1170.0,0.001067
1171.0,0.001034
1172.0,0.001063
1173.0,0.001053
1174.0,0.0007108
1175.0,0.001035
1176.0,0.001166
1177.0,0.001095
1178.0,0.0007821
1179.0,0.001162
1180.0,0.0009994
1181.0,0.001031
1182.0,0.0006687
1183.0,0.001015
1184.0,0.0009308
1185.0,0.000884
1186.0,0.001089
1187.0,0.001018
1188.0,0.0006627
1189.0,0.0009388
1190.0,0.001053
1191.0,0.0009699
1192.0,0.001065
1193.0,0.001005
1194.0,0.001041
1195.0,0.000963
1196.0,0.0009146
1197.0,0.001039
1198.0,0.0009392
1199.0,0.0007598
1200.0,0.0009729
1201.0,0.0009196
1202.0,0.0009251
1203.0,0.0009061
1204.0,0.0007733
1205.0,0.0009468
1206.0,0.001066
1207.0,0.0009038
1208.0,0.0008983
1209.0,0.0009129
1210.0,0.000959
1211.0,0.0008979
1212.0,0.0008629
1213.0,0.0009951
1214.0,0.000885
1215.0,0.0008642
1216.0,0.0009864
1217.0,0.0009497
1218.0,0.0009713
1219.0,0.0009507
1220.0,0.0009665
1221.0,0.0009817
1222.0,0.0009467
1223.0,0.0009315
1224.0,0.0009137
1225.0,0.0009593
1226.0,0.0009701
1227.0,0.0008683
1228.0,0.0009713
1229.0,0.0009609
1230.0,0.0009375
1231.0,0.0009733
1232.0,0.0009638
1233.0,0.000911
1234.0,0.000968
1235.0,0.0009553
1236.0,0.0009619
1237.0,0.0009391
1238.0,0.0009527
1239.0,0.0009372
1240.0,0.000939
1241.0,0.000926
1242.0,0.0009259
1243.0,0.0009158
1244.0,0.0009176
1245.0,0.0009196
1246.0,0.0009116
1247.0,0.0009035
1248.0,0.0008972
1249.0,0.0008996
1250.0,0.0008896
1251.0,0.0008719
1252.0,0.0008737
1253.0,0.000856
1254.0,0.0008392
1255.0,0.0008625
1256.0,0.0008215
1257.0,0.0008117
1258.0,0.0008352
1259.0,0.0007821
1260.0,0.0007861
1261.0,0.0007182
1262.0,0.0006848
1263.0,0.0006835
1264.0,0.000611
1265.0,0.0006752
1266.0,0.0006364
1267.0,0.0006532
1268.0,0.0006059
1269.0,0.0003457
1270.0,0.0006417
1271.0,0.000697
1272.0,0.0006983
1273.0,0.0006865
1274.0,0.0006898
1275.0,0.000701
1276.0,0.0007099
1277.0,0.0007184
1278.0,0.0007382
1279.0,0.0007304
1280.0,0.0007183
1281.0,0.0006878
1282.0,0.0006678
1283.0,0.0007155
1284.0,0.0007292
1285.0,0.0007332
1286.0,0.0007445
1287.0,0.0007237
1288.0,0.000724
1289.0,0.0006857
1290.0,0.0007135
1291.0,0.0007239
1292.0,0.0006564
1293.0,0.0007005
1294.0,0.0006924
1295.0,0.0006787
1296.0,0.0006349
1297.0,0.0005903
1298.0,0.0006508
1299.0,0.0006897
1300.0,0.0005525
1301.0,0.000571
1302.0,0.000643
1303.0,0.0005413
1304.0,0.0004411
1305.0,0.0006208
1306.0,0.0006151
1307.0,0.0004514
1308.0,0.0005361
1309.0,0.0006004
1310.0,0.0004363
1311.0,0.0005043
1312.0,0.0004889
1313.0,0.00047
1314.0,0.0004104
1315.0,0.0004025
1316.0,0.0004858
1317.0,0.000454
1318.0,0.0005018
1319.0,0.0003693
1320.0,0.0003576
1321.0,0.000425
1322.0,0.0004245
1323.0,0.0003045
1324.0,0.0003576
1325.0,0.0004611
1326.0,0.0003846
1327.0,0.0003624
1328.0,0.0003054
1329.0,0.000221
1330.0,0.0002923
1331.0,0.00017
1332.0,0.0001755
1333.0,0.0002454
1334.0,0.0002105
1335.0,0.0002909
1336.0,0.000225
1337.0,0.0001981
1338.0,0.0002137
1339.0,0.0002122
1340.0,0.000207
1341.0,0.0001983
1342.0,0.0002084
1343.0,0.000138
1344.0,8.237e-05
1345.0,0.0001183
1346.0,5.814e-05
1347.0,5.889e-05
1348.0,3.795e-06
1349.0,1.361e-05
1350.0,1.411e-05
1351.0,3.411e-06
1352.0,9.177e-07
1353.0,4.67e-08
1354.0,1.605e-07
1355.0,1.293e-09
1356.0,2.262e-08
1357.0,3.437e-08
1358.0,1.517e-09
1359.0,1.912e-10
1360.0,6.909e-10
1361.0,7.728e-13
1362.0,2.114e-15
1363.0,9.29e-10
1364.0,3.835e-10
1365.0,7.381e-16
1366.0,4.026e-09
1367.0,1.643e-09
1368.0,5.7e-18
1369.0,1.413e-10
1370.0,6.96e-11
1371.0,3.946e-12
1372.0,8.914e-10
1373.0,1.796e-08
1374.0,8.329e-08
1375.0,1.511e-07
1376.0,1.355e-07
1377.0,6.188e-08
1378.0,6.05e-07
1379.0,2.586e-08
1380.0,3.716e-08
1381.0,9.679e-10
1382.0,7.813e-10
1383.0,1.168e-11
1384.0,1.531e-10
1385.0,7.324e-10
1386.0,6.889e-10
1387.0,8.331e-08
1388.0,1.639e-09
1389.0,2.813e-07
1390.0,2.414e-07
1391.0,1.606e-07
1392.0,1.041e-08
1393.0,5.514e-08
1394.0,2.842e-08
1395.0,2.083e-10
1396.0,1.007e-12
1397.0,2.171e-08
1398.0,6.419e-07
1399.0,4.061e-07
1400.0,4.304e-13
1401.0,1.786e-12
1402.0,1.125e-06
1403.0,1.409e-06
1404.0,4.28e-07
1405.0,9.862e-11
1406.0,1.106e-06
1407.0,9.751e-08
1408.0,9.002e-07
1409.0,3.001e-07
1410.0,2.402e-07
1411.0,1.211e-06
1412.0,1.634e-06
1413.0,1.701e-05
1414.0,1.876e-07
1415.0,8.957e-08
1416.0,2.812e-05
1417.0,8.302e-06
1418.0,9.401e-06
1419.0,1.447e-06
1420.0,5.713e-06
1421.0,6.163e-06
1422.0,3.614e-05
1423.0,6.932e-06
1424.0,1.301e-05
1425.0,1.901e-05
1426.0,2.176e-05
1427.0,4.048e-05
1428.0,2.831e-06
1429.0,2.98e-05
1430.0,5.149e-05
1431.0,5.663e-05
1432.0,2.2e-06
1433.0,3.549e-05
1434.0,1.784e-05
1435.0,1.728e-05
1436.0,3.406e-05
1437.0,2.604e-05
1438.0,1.074e-05
1439.0,4.63e-05
1440.0,3.458e-05
1441.0,2.584e-05
1442.0,2.862e-05
1443.0,3.652e-05
1444.0,5.09e-05
1445.0,3.906e-05
1446.0,1.732e-05
1447.0,2.73e-05
1448.0,9.73e-05
1449.0,8.352e-05
1450.0,2.013e-05
1451.0,7.92e-06
1452.0,4.897e-05
1453.0,6.459e-05
1454.0,0.0001148
1455.0,5.234e-05
1456.0,6.98e-05
1457.0,9.552e-05
1458.0,0.0001152
1459.0,0.000136
1460.0,6.882e-05
1461.0,7.053e-05
1462.0,0.0001057
1463.0,3.275e-05
1464.0,0.000127
1465.0,7.544e-05
1466.0,4.944e-05
1467.0,2.527e-05
1468.0,5.858e-05
1469.0,7.29e-05
1470.0,3.482e-05
1471.0,1.235e-05
1472.0,3.31e-05
1473.0,5.154e-05
1474.0,7.701e-05
1475.0,0.0001507
1476.0,5.135e-05
1477.0,5.122e-05
1478.0,4.801e-05
1479.0,9.43e-05
1480.0,4.386e-05
1481.0,8.891e-05
1482.0,4.299e-05
1483.0,0.0001169
1484.0,0.0001099
1485.0,9.662e-05
1486.0,9.369e-05
1487.0,4.135e-05
1488.0,7.473e-05
1489.0,0.0001535
1490.0,0.0001424
1491.0,0.0001631
1492.0,0.000129
1493.0,0.000145
1494.0,0.0001678
1495.0,0.0001462
1496.0,0.0001352
1497.0,0.0001971
1498.0,0.0001547
1499.0,0.0001835
1500.0,0.0002191
1501.0,0.0002292
1502.0,0.0001907
1503.0,0.000156
1504.0,0.0001211
1505.0,0.00015
1506.0,0.0002291
1507.0,0.0002184
1508.0,0.0002068
1509.0,0.0001501
1510.0,0.0002377
1511.0,0.0002259
1512.0,0.0002267
1513.0,0.0002011
1514.0,0.0001848
1515.0,0.0002323
1516.0,0.00022
1517.0,0.0002109
1518.0,0.0002115
1519.0,0.0002035
1520.0,0.0002223
1521.0,0.0002448
1522.0,0.0002272
1523.0,0.0002478
1524.0,0.0002374
1525.0,0.0002214
1526.0,0.0002242
1527.0,0.0002235
1528.0,0.0002426
1529.0,0.0002287
1530.0,0.0002209
1531.0,0.0002284
1532.0,0.000241
1533.0,0.0002412
1534.0,0.0002358
1535.0,0.0002327
1536.0,0.0002378
1537.0,0.0002309
1538.0,0.0002347
1539.0,0.0002292
1540.0,0.0002305
1541.0,0.0002313
1542.0,0.0002272
1543.0,0.0002318
1544.0,0.0002275
1545.0,0.0002328
1546.0,0.0002275
1547.0,0.0002246
1548.0,0.0002241
1549.0,0.000226
1550.0,0.0002236
1551.0,0.0002244
1552.0,0.0002214
1553.0,0.0002206
1554.0,0.0002178
1555.0,0.0002182
1556.0,0.0002173
1557.0,0.0002196
1558.0,0.0002178
1559.0,0.0002158
1560.0,0.0002167
1561.0,0.0002177
1562.0,0.000214
1563.0,0.000212
1564.0,0.0002123
1565.0,0.0002126
1566.0,0.000209
1567.0,0.0002091
1568.0,0.0002062
1569.0,0.0002074
1570.0,0.0002087
1571.0,0.0002097
1572.0,0.0002078
1573.0,0.0002057
1574.0,0.0001977
1575.0,0.0001947
1576.0,0.0001907
1577.0,0.0001852
1578.0,0.0001936
1579.0,0.0001942
1580.0,0.0001957
1581.0,0.0001924
1582.0,0.0001882
1583.0,0.0001884
1584.0,0.0001925
1585.0,0.0001944
1586.0,0.0001914
1587.0,0.0001879
1588.0,0.0001831
1589.0,0.000177
1590.0,0.0001802
1591.0,0.0001844
1592.0,0.0001888
1593.0,0.0001919
1594.0,0.0001907
1595.0,0.0001881
1596.0,0.0001819
1597.0,0.0001856
1598.0,0.0001885
1599.0,0.000186
1600.0,0.0001845
1601.0,0.0001812
1602.0,0.000181
1603.0,0.0001829
1604.0,0.000181
1605.0,0.0001805
1606.0,0.000178
1607.0,0.0001792
1608.0,0.0001781
1609.0,0.0001733
1610.0,0.0001693
1611.0,0.0001718
1612.0,0.0001736
1613.0,0.0001731
1614.0,0.0001729
1615.0,0.0001687
1616.0,0.0001656
1617.0,0.0001681
1618.0,0.000171
1619.0,0.0001669
1620.0,0.0001635
1621.0,0.0001648
1622.0,0.000167
1623.0,0.0001691
1624.0,0.0001664
1625.0,0.0001654
1626.0,0.0001652
1627.0,0.0001663
1628.0,0.0001651
1629.0,0.0001636
1630.0,0.000162
1631.0,0.0001601
1632.0,0.0001597
1633.0,0.0001532
1634.0,0.0001578
1635.0,0.0001536
1636.0,0.000153
1637.0,0.0001515
1638.0,0.0001396
1639.0,0.0001474
1640.0,0.0001375
1641.0,0.0001452
1642.0,0.0001485
1643.0,0.0001355
1644.0,0.000148
1645.0,0.0001407
1646.0,0.0001349
1647.0,0.0001491
1648.0,0.0001339
1649.0,0.0001438
1650.0,0.0001448
1651.0,0.0001292
1652.0,0.0001421
1653.0,0.0001437
1654.0,0.000132
1655.0,0.0001429
1656.0,0.0001387
1657.0,0.0001401
1658.0,0.0001428
1659.0,0.0001411
1660.0,0.000142
1661.0,0.0001406
1662.0,0.0001351
1663.0,0.0001399
1664.0,0.0001378
1665.0,0.0001265
1666.0,9.652e-05
1667.0,0.0001247
1668.0,0.0001322
1669.0,0.0001326
1670.0,0.0001354
1671.0,0.0001305
1672.0,0.0001292
1673.0,0.0001322
1674.0,0.0001276
1675.0,0.0001257
1676.0,0.0001269
1677.0,0.0001257
1678.0,0.0001206
1679.0,0.0001252
1680.0,0.0001195
1681.0,0.0001141
1682.0,0.0001221
1683.0,0.0001244
1684.0,0.0001109
1685.0,0.0001252
1686.0,0.0001245
1687.0,0.0001174
1688.0,0.0001228
1689.0,0.0001213
1690.0,0.00012
1691.0,0.0001058
1692.0,0.0001186
1693.0,0.000123
1694.0,0.0001161
1695.0,0.0001206
1696.0,0.0001207
1697.0,9.586e-05
1698.0,0.0001185
1699.0,0.0001167
1700.0,0.0001122
1702.0,0.0001147
1705.0,0.0001091
1710.0,0.0001016
1715.0,0.0001009
1720.0,9.911e-05
1725.0,8.978e-05
1730.0,8.806e-05
1735.0,8.12e-05
1740.0,8.109e-05
1745.0,7.491e-05
1750.0,7.94e-05
1755.0,7.139e-05
1760.0,7.414e-05
1765.0,5.817e-05
1770.0,6.161e-05
1775.0,4.749e-05
1780.0,3.955e-05
1785.0,2.873e-05
1790.0,3.318e-05
1795.0,1.559e-05
1800.0,1.074e-05
1805.0,4.248e-06
1810.0,2.758e-06
1815.0,7.977e-07
1820.0,1.995e-07
1825.0,2.604e-07
1830.0,6.347e-10
1835.0,9.61e-10
1840.0,5.608e-12
1845.0,5.996e-10
1850.0,2.707e-10
1855.0,2.587e-11
1860.0,1.482e-09
1865.0,2.066e-09
1870.0,1.131e-14
1875.0,2.043e-14
1880.0,1.088e-08
1885.0,5.797e-09
1890.0,3.18e-08
1895.0,1.845e-08
1900.0,7.885e-11
1905.0,5.371e-11
1910.0,2.601e-09
1915.0,2.534e-09
1920.0,6.646e-08
1925.0,1.561e-07
1930.0,9.017e-08
1935.0,6.874e-07
1940.0,6.825e-07
1945.0,2.812e-06
1950.0,5.478e-06
1955.0,4.877e-06
1960.0,8.617e-06
1965.0,1.27e-05
1970.0,1.813e-05
1975.0,2.055e-05
1980.0,2.062e-05
1985.0,2.227e-05
1990.0,2.291e-05
1995.0,2.423e-05
2000.0,2.565e-05
2005.0,2.086e-05
2010.0,3.155e-05
2015.0,2.35e-05
2020.0,2.53e-05
2025.0,2.792e-05
2030.0,2.497e-05
2035.0,2.775e-05
2040.0,2.585e-05
2045.0,2.654e-05
2050.0,2.702e-05
2055.0,2.537e-05
2060.0,2.418e-05
2065.0,2.453e-05
2070.0,2.393e-05
2075.0,2.459e-05
2080.0,2.372e-05
2085.0,2.335e-05
2090.0,2.348e-05
2095.0,2.25e-05
2100.0,2.05e-05
2105.0,2.228e-05
2110.0,2.097e-05
2115.0,2.15e-05
2120.0,1.976e-05
2125.0,2.001e-05
2130.0,2.021e-05
2135.0,2.021e-05
2140.0,2.024e-05
2145.0,1.984e-05
2150.0,1.809e-05
2155.0,1.794e-05
2160.0,1.766e-05
2165.0,1.588e-05
2170.0,1.691e-05
2175.0,1.617e-05
2180.0,1.662e-05
2185.0,1.448e-05
2190.0,1.57e-05
2195.0,1.538e-05
2200.0,1.295e-05
2205.0,1.384e-05
2210.0,1.526e-05
2215.0,1.428e-05
2220.0,1.452e-05
2225.0,1.389e-05
2230.0,1.385e-05
2235.0,1.332e-05
2240.0,1.303e-05
2245.0,1.225e-05
2250.0,1.256e-05
2255.0,1.137e-05
2260.0,1.105e-05
2265.0,1.137e-05
2270.0,1.041e-05
2275.0,1.013e-05
2280.0,1.073e-05
2285.0,9.776e-06
2290.0,9.711e-06
2295.0,9.349e-06
2300.0,8.667e-06
2305.0,8.692e-06
2310.0,9.784e-06
2315.0,8.407e-06
2320.0,7.154e-06
2325.0,8.206e-06
2330.0,8.054e-06
2335.0,8.248e-06
2340.0,6.064e-06
2345.0,6.875e-06
2350.0,5.297e-06
2355.0,6.183e-06
2360.0,6.588e-06
2365.0,6.517e-06
2370.0,3.557e-06
2375.0,5.509e-06
2380.0,5.246e-06
2385.0,3.617e-06
2390.0,4.328e-06
2395.0,4.766e-06
2400.0,5.226e-06
2405.0,3.862e-06
2410.0,3.84e-06
2415.0,2.987e-06
2420.0,2.877e-06
2425.0,3.626e-06
2430.0,5.022e-06
2435.0,1.499e-06
2440.0,4.834e-06
2445.0,2.111e-06
2450.0,1.32e-06
2455.0,2.541e-06
2460.0,3.42e-06
2465.0,2.368e-06
2470.0,1.556e-06
2475.0,1.507e-06
2480.0,7.039e-07
2485.0,4.581e-07
2490.0,2.634e-07
2495.0,2.279e-07
2500.0,5.654e-07
2505.0,1.149e-07
2510.0,1.69e-07
2515.0,3.579e-08
2520.0,2.013e-08
2525.0,2.295e-09
2530.0,1.598e-11
2535.0,3.533e-12
2540.0,8.382e-12
2545.0,6.501e-16
2550.0,2.636e-18
2555.0,1.265e-14
2560.0,3.797e-16
2565.0,8.499000000000001e-20
2570.0,2.531e-24
2575.0,1.601e-34
2580.0,1.669e-28
2585.0,3.4890000000000004e-42
2590.0,2.177e-38
2595.0,4.236e-40
2600.0,3.487e-35
2605.0,3.854e-42
2610.0,1.3259999999999998e-41
2615.0,1.4009999999999999e-45
2620.0,1.169e-35
2625.0,2.141e-35
2630.0,0.0
2635.0,1.115e-21
2640.0,2.413e-22
2645.0,1.052e-24
2650.0,1.048e-25
2655.0,1.26e-34
2660.0,1.061e-31
2665.0,9.808999999999999e-45
2670.0,0.0
2675.0,5.044999999999999e-44
2680.0,2.1510000000000002e-30
2685.0,2.055e-31
2690.0,7.688e-31
2695.0,3.016e-33
2700.0,8.785e-29
2705.0,2.4910000000000003e-26
2710.0,1.984e-31
2715.0,2.5049999999999998e-29
2720.0,0.0
2725.0,5.6089999999999996e-27
2730.0,1.635e-24
2735.0,1.8650000000000002e-26
2740.0,3.368e-32
2745.0,4.343e-27
2750.0,2.434e-26
2755.0,3.917e-28
2760.0,5.868e-23
2765.0,2.754e-29
2770.0,1.353e-26
2775.0,1.6709999999999998e-23
2780.0,7.778e-21
2785.0,2.92e-20
2790.0,6.659e-18
2795.0,1.465e-18
2800.0,4.676e-15
2805.0,8.744e-17
2810.0,3.506e-13
2815.0,1.046e-13
2820.0,1.278e-15
2825.0,1.122e-11
2830.0,2.438e-10
2835.0,3.357e-15
2840.0,7.184e-12
2845.0,2.486e-09
2850.0,4.303e-11
2855.0,1.719e-11
2860.0,8.936e-10
2865.0,6.589e-09
2870.0,1.671e-10
2875.0,1.604e-08
2880.0,1.011e-08
2885.0,1.665e-08
2890.0,7.077e-09
2895.0,1.206e-07
2900.0,3.362e-08
2905.0,3.892e-09
2910.0,1.23e-07
2915.0,5.222e-08
2920.0,1.296e-07
2925.0,4.619e-08
2930.0,2.796e-07
2935.0,3.083e-07
2940.0,6.902e-08
2945.0,5.927e-08
2950.0,2.392e-07
2955.0,1.065e-07
2960.0,2.114e-07
2965.0,3.578e-07
2970.0,1.402e-08
2975.0,3.551e-08
2980.0,5.526e-08
2985.0,3.251e-07
2990.0,4.927e-07
2995.0,1.87e-07
3000.0,3.556e-07
3005.0,1.21e-07
3010.0,3.112e-07
3015.0,2.413e-07
3020.0,2.18e-08
3025.0,3.325e-07
3030.0,2.619e-07
3035.0,9.955e-08
3040.0,7.781e-08
3045.0,1.671e-07
3050.0,3.788e-08
3055.0,9.266e-09
3060.0,2.601e-07
3065.0,1.101e-07
3070.0,6.187e-08
3075.0,2.425e-07
3080.0,1.408e-07
3085.0,6.22e-08
3090.0,8.458e-08
3095.0,2.08e-08
3100.0,1.69e-07
3105.0,3.167e-08
3110.0,2.651e-08
3115.0,7.955e-08
3120.0,3.9e-07
3125.0,1.145e-07
3130.0,2.274e-07
3135.0,4.561e-07
3140.0,1.211e-07
3145.0,1.188e-07
3150.0,2.508e-07
3155.0,2.111e-07
3160.0,3.502e-07
3165.0,5.512e-07
3170.0,4.88e-07
3175.0,3.42e-07
3180.0,4.041e-07
3185.0,2.821e-07
3190.0,1.479e-07
3195.0,8.206e-08
3200.0,1.158e-08
3205.0,7.566e-09
3210.0,3.152e-09
3215.0,1.281e-08
3220.0,4.499e-08
3225.0,5.174e-09
3230.0,8.593e-09
3235.0,2.409e-07
3240.0,1.095e-07
3245.0,2.078e-08
3250.0,7.666e-08
3255.0,3.288e-07
3260.0,3.279e-08
3265.0,7.099e-08
3270.0,3.343e-08
3275.0,2.018e-07
3280.0,8.569e-08
3285.0,3.723e-07
3290.0,2.795e-07
3295.0,3.435e-08
3300.0,5.105e-08
3305.0,1.172e-07
3310.0,1.113e-07
3315.0,1.613e-10
3320.0,1.017e-09
3325.0,9.348e-08
3330.0,1.422e-07
3335.0,2.753e-07
3340.0,1.013e-07
3345.0,9.834e-08
3350.0,2.457e-07
3355.0,9.948e-08
3360.0,1.528e-07
3365.0,2.157e-07
3370.0,1.043e-07
3375.0,2.536e-07
3380.0,1.372e-07
3385.0,2.179e-07
3390.0,2.863e-07
3395.0,2.778e-07
3400.0,3.765e-07
3405.0,1.144e-07
3410.0,2.013e-07
3415.0,1.953e-07
3420.0,3.925e-07
3425.0,2.793e-07
3430.0,2.353e-07
3435.0,3.365e-07
3440.0,2.141e-07
3445.0,3.202e-07
3450.0,3.121e-07
3455.0,2.22e-07
3460.0,3.562e-07
3465.0,2.618e-07
3470.0,3.44e-07
3475.0,2.971e-07
3480.0,3.043e-07
3485.0,3.317e-07
3490.0,2.755e-07
3495.0,3.33e-07
3500.0,3.213e-07
3505.0,3.168e-07
3510.0,3.205e-07
3515.0,3.038e-07
3520.0,3.233e-07
3525.0,2.997e-07
3530.0,2.892e-07
3535.0,2.349e-07
3540.0,2.218e-07
3545.0,2.346e-07
3550.0,2.655e-07
3555.0,2.216e-07
3560.0,2.713e-07
3565.0,2.699e-07
3570.0,2.021e-07
3575.0,2.081e-07
3580.0,2.518e-07
3585.0,2.185e-07
3590.0,2.285e-07
3595.0,2.34e-07
3600.0,2.503e-07
3605.0,2.485e-07
3610.0,2.244e-07
3615.0,2.253e-07
3620.0,2.827e-07
3625.0,2.39e-07
3630.0,2.327e-07
3635.0,2.397e-07
3640.0,2.72e-07
3645.0,2.423e-07
3650.0,2.299e-07
3655.0,2.524e-07
3660.0,2.5e-07
3665.0,2.28e-07
3670.0,1.703e-07
3675.0,9.584e-08
3680.0,1.759e-07
3685.0,2.031e-07
3690.0,2.093e-07
3695.0,2.198e-07
3700.0,2.398e-07
3705.0,2.347e-07
3710.0,1.979e-07
3715.0,1.946e-07
3720.0,2.237e-07
3725.0,2.299e-07
3730.0,1.937e-07
3735.0,1.741e-07
3740.0,1.794e-07
3745.0,2.138e-07
3750.0,1.906e-07
3755.0,1.829e-07
3760.0,1.785e-07
3765.0,1.71e-07
3770.0,1.848e-07
3775.0,1.815e-07
3780.0,1.934e-07
3785.0,1.733e-07
3790.0,1.497e-07
3795.0,1.745e-07
3800.0,1.987e-07
3805.0,1.837e-07
3810.0,1.581e-07
3815.0,1.466e-07
3820.0,1.902e-07
3825.0,1.848e-07
3830.0,1.875e-07
3835.0,1.416e-07
3840.0,1.71e-07
3845.0,1.649e-07
3850.0,1.655e-07
3855.0,1.566e-07
3860.0,1.432e-07
3865.0,1.439e-07
3870.0,1.273e-07
3875.0,1.135e-07
3880.0,1.085e-07
3885.0,1.126e-07
3890.0,1.14e-07
3895.0,1.267e-07
3900.0,1.361e-07
3905.0,1.351e-07
3910.0,1.177e-07
3915.0,1.138e-07
3920.0,1.132e-07
3925.0,1.105e-07
3930.0,1.145e-07
3935.0,1.2e-07
3940.0,1.213e-07
3945.0,1.235e-07
3950.0,1.254e-07
3955.0,1.266e-07
3960.0,1.276e-07
3965.0,1.284e-07
3970.0,1.262e-07
3975.0,1.216e-07
3980.0,1.191e-07
3985.0,1.192e-07
3990.0,1.169e-07
3995.0,1.133e-07
4000.0,1.078e-07
