interpolation:linear
wavelength,value
280.0,7.443000000000001e-21
280.5,1.377e-19
281.0,5.928e-19
281.5,1.081e-17
282.0,6.105e-17
282.5,1.831e-16
283.0,6.176e-16
283.5,9.941e-16
284.0,1.439e-14
284.5,3.71e-14
285.0,1.294e-13
285.5,8.225e-13
286.0,3.475e-12
286.5,1.728e-11
287.0,5.233e-11
287.5,2.198e-10
288.0,5.395e-10
288.5,1.852e-09
289.0,5.362e-09
289.5,1.724e-08
290.0,4.914e-08
290.5,1.008e-07
291.0,2.193e-07
291.5,6.524e-07
292.0,1.305e-06
292.5,1.689e-06
293.0,3.307e-06
293.5,7.265e-06
294.0,1.007e-05
294.5,2.627e-05
295.0,4.482e-05
295.5,7.182e-05
296.0,0.000125
296.5,0.0001581
297.0,0.0001972
297.5,0.0004709
298.0,0.0006725
298.5,0.0006271
299.0,0.001285
299.5,0.001888
300.0,0.001936
300.5,0.002614
301.0,0.00424
301.5,0.006124
302.0,0.00497
302.5,0.008789
303.0,0.01394
303.5,0.01626
304.0,0.01458
304.5,0.01946
305.0,0.02544
305.5,0.02654
306.0,0.0247
306.5,0.02894
307.0,0.03795
307.5,0.04497
308.0,0.0464
308.5,0.05169
309.0,0.05093
309.5,0.05285
310.0,0.05061
310.5,0.07982
311.0,0.09627
311.5,0.09104
312.0,0.08413
312.5,0.09705
313.0,0.1021
313.5,0.1008
314.0,0.1185
314.5,0.09706
315.0,0.1252
315.5,0.1078
316.0,0.08829
316.5,0.12
317.0,0.1482
317.5,0.1556
318.0,0.1167
318.5,0.1353
319.0,0.1548
319.5,0.132
320.0,0.1598
320.5,0.1867
321.0,0.1571
321.5,0.1492
322.0,0.1668
322.5,0.1439
323.0,0.1373
323.5,0.1678
324.0,0.1939
324.5,0.1983
325.0,0.1682
325.5,0.2102
326.0,0.2607
326.5,0.2555
327.0,0.2548
327.5,0.2467
328.0,0.2234
328.5,0.2274
329.0,0.2652
329.5,0.2976
330.0,0.3002
330.5,0.2428
331.0,0.2475
331.5,0.2472
332.0,0.2612
332.5,0.2551
333.0,0.2541
333.5,0.2317
334.0,0.2366
334.5,0.2677
335.0,0.2483
335.5,0.3006
336.0,0.2071
336.5,0.2322
337.0,0.1906
337.5,0.2364
338.0,0.227
338.5,0.2698
339.0,0.2637
339.5,0.2537
340.0,0.2871
340.5,0.2571
341.0,0.2572
341.5,0.232
342.0,0.2751
342.5,0.2553
343.0,0.2813
343.5,0.2649
344.0,0.19
344.5,0.198
345.0,0.2565
345.5,0.2591
346.0,0.2183
346.5,0.2455
347.0,0.2636
347.5,0.2125
348.0,0.2394
348.5,0.2372
349.0,0.2186
349.5,0.2155
350.0,0.2651
350.5,0.2782
351.0,0.248
351.5,0.242
352.0,0.2571
352.5,0.1988
353.0,0.2486
353.5,0.2641
354.0,0.2725
354.5,0.275
355.0,0.2729
355.5,0.2451
356.0,0.255
356.5,0.2167
357.0,0.1781
357.5,0.2169
358.0,0.171
358.5,0.1454
359.0,0.2024
359.5,0.2571
360.0,0.271
360.5,0.2154
361.0,0.1952
361.5,0.2236
362.0,0.1924
362.5,0.2649
363.0,0.2367
363.5,0.217
364.0,0.2641
364.5,0.2246
365.0,0.2277
365.5,0.2843
366.0,0.2997
366.5,0.2802
367.0,0.2715
367.5,0.2804
368.0,0.2442
368.5,0.2453
369.0,0.2636
369.5,0.2795
370.0,0.2965
370.5,0.229
371.0,0.2435
371.5,0.3032
372.0,0.2002
372.5,0.239
373.0,0.2419
373.5,0.1567
374.0,0.2265
374.5,0.1867
375.0,0.1806
375.5,0.2684
376.0,0.2214
376.5,0.2283
377.0,0.2406
377.5,0.2802
378.0,0.3022
378.5,0.2842
379.0,0.2334
379.5,0.2121
380.0,0.2194
380.5,0.2644
381.0,0.2636
381.5,0.2079
382.0,0.1837
382.5,0.1558
383.0,0.1435
383.5,0.1375
384.0,0.151
384.5,0.2211
385.0,0.2182
385.5,0.2022
386.0,0.1724
386.5,0.2253
387.0,0.1863
387.5,0.2082
388.0,0.1913
388.5,0.1882
389.0,0.2022
389.5,0.2437
390.0,0.2434
390.5,0.2229
391.0,0.2611
391.5,0.265
392.0,0.2221
392.5,0.1979
393.0,0.1096
393.5,0.0793
394.0,0.1606
394.5,0.2033
395.0,0.2469
395.5,0.2496
396.0,0.2154
396.5,0.1253
397.0,0.09359
397.5,0.1894
398.0,0.264
398.5,0.2716
399.0,0.2928
399.5,0.2905
400.0,0.3003
401.0,0.2948
402.0,0.3081
403.0,0.2899
404.0,0.2828
405.0,0.2802
406.0,0.2731
407.0,0.2661
408.0,0.274
409.0,0.2907
410.0,0.2519
411.0,0.2703
412.0,0.2878
413.0,0.2781
414.0,0.279
415.0,0.2773
416.0,0.2795
417.0,0.2701
418.0,0.2627
419.0,0.2637
420.0,0.2601
421.0,0.2697
422.0,0.254
423.0,0.2458
424.0,0.2576
425.0,0.2548
426.0,0.2461
427.0,0.2394
428.0,0.2312
429.0,0.2171
430.0,0.1883
431.0,0.185
432.0,0.2367
433.0,0.2359
434.0,0.2171
435.0,0.2248
436.0,0.2512
437.0,0.2459
438.0,0.2221
439.0,0.2279
440.0,0.2332
441.0,0.2396
442.0,0.2547
443.0,0.246
444.0,0.2492
445.0,0.2418
446.0,0.2287
447.0,0.2451
448.0,0.2468
449.0,0.2457
450.0,0.2504
451.0,0.2574
452.0,0.2459
453.0,0.2294
454.0,0.2375
455.0,0.237
456.0,0.2406
457.0,0.2426
458.0,0.2324
459.0,0.2294
460.0,0.2282
461.0,0.2316
462.0,0.2316
463.0,0.2282
464.0,0.2228
465.0,0.2181
466.0,0.2184
467.0,0.2126
468.0,0.2133
469.0,0.2125
470.0,0.2042
471.0,0.2025
472.0,0.2117
473.0,0.2072
474.0,0.2059
475.0,0.2061
476.0,0.1984
477.0,0.1974
478.0,0.2013
479.0,0.1984
480.0,0.1973
481.0,0.1992
482.0,0.1987
483.0,0.1947
484.0,0.1892
485.0,0.1788
486.0,0.155
487.0,0.1612
488.0,0.1754
489.0,0.1746
490.0,0.1824
491.0,0.1779
492.0,0.1667
493.0,0.1709
494.0,0.1713
495.0,0.1714
496.0,0.1713
497.0,0.1727
498.0,0.1634
499.0,0.1643
500.0,0.1584
501.0,0.1543
502.0,0.151
503.0,0.156
504.0,0.151
505.0,0.1553
506.0,0.1592
507.0,0.1503
508.0,0.1445
509.0,0.1474
510.0,0.1456
511.0,0.1484
512.0,0.1489
513.0,0.1399
514.0,0.138
515.0,0.1356
516.0,0.1344
517.0,0.1186
518.0,0.1238
519.0,0.1289
520.0,0.1327
521.0,0.133
522.0,0.1322
523.0,0.129
524.0,0.1327
525.0,0.1335
526.0,0.1267
527.0,0.1186
528.0,0.1245
529.0,0.1305
530.0,0.1278
531.0,0.1289
532.0,0.1237
533.0,0.1192
534.0,0.1219
535.0,0.1238
536.0,0.124
537.0,0.1183
538.0,0.1195
539.0,0.1178
540.0,0.1123
541.0,0.1123
542.0,0.115
543.0,0.113
544.0,0.1144
545.0,0.1134
546.0,0.1132
547.0,0.1123
548.0,0.1102
549.0,0.1099
550.0,0.1105
551.0,0.1084
552.0,0.1084
553.0,0.1058
554.0,0.1076
555.0,0.1072
556.0,0.1051
557.0,0.1011
558.0,0.0997
559.0,0.09721
560.0,0.09779
561.0,0.09841
562.0,0.09707
563.0,0.0991
564.0,0.09582
565.0,0.09442
566.0,0.09242
567.0,0.09357
568.0,0.09216
569.0,0.08943
570.0,0.08886
571.0,0.08776
572.0,0.08929
573.0,0.08971
574.0,0.08892
575.0,0.08674
576.0,0.08539
577.0,0.08574
578.0,0.08392
579.0,0.08373
580.0,0.08478
581.0,0.08464
582.0,0.08566
583.0,0.08537
584.0,0.08563
585.0,0.08304
586.0,0.08076
587.0,0.08196
588.0,0.07952
589.0,0.07004
590.0,0.07284
591.0,0.07664
592.0,0.07522
593.0,0.07586
594.0,0.07488
595.0,0.07262
596.0,0.07506
597.0,0.07384
598.0,0.0732
599.0,0.07283
600.0,0.07251
601.0,0.0715
602.0,0.07061
603.0,0.07133
604.0,0.07205
605.0,0.07125
606.0,0.07053
607.0,0.0708
608.0,0.06956
609.0,0.06923
610.0,0.06831
611.0,0.06826
612.0,0.06765
613.0,0.06637
614.0,0.06505
615.0,0.06607
616.0,0.06352
617.0,0.06302
618.0,0.06506
619.0,0.06403
620.0,0.06407
621.0,0.06376
622.0,0.06264
623.0,0.06131
624.0,0.05989
625.0,0.05945
626.0,0.06001
627.0,0.06033
628.0,0.05599
629.0,0.05819
630.0,0.0565
631.0,0.05743
632.0,0.05643
633.0,0.05784
634.0,0.05698
635.0,0.05752
636.0,0.05641
637.0,0.05701
638.0,0.05723
639.0,0.05627
640.0,0.05539
641.0,0.05502
642.0,0.05449
643.0,0.05494
644.0,0.05447
645.0,0.05424
646.0,0.05266
647.0,0.05175
648.0,0.05148
649.0,0.0502
650.0,0.05017
651.0,0.05205
652.0,0.04957
653.0,0.05079
654.0,0.04996
655.0,0.0478
656.0,0.04214
657.0,0.04306
658.0,0.04802
659.0,0.04811
660.0,0.04804
661.0,0.0481
662.0,0.04796
663.0,0.04679
664.0,0.04709
665.0,0.04687
666.0,0.04664
667.0,0.04635
668.0,0.04613
669.0,0.04658
670.0,0.04612
671.0,0.04587
672.0,0.04529
673.0,0.04578
674.0,0.04535
675.0,0.04469
676.0,0.04476
677.0,0.04411
678.0,0.04403
679.0,0.0431
680.0,0.04323
681.0,0.04272
682.0,0.04245
683.0,0.04215
684.0,0.04171
685.0,0.04184
686.0,0.04139
687.0,0.02726
688.0,0.03184
689.0,0.03178
690.0,0.03316
691.0,0.03476
692.0,0.03587
693.0,0.03538
694.0,0.03484
695.0,0.03611
696.0,0.03596
697.0,0.03811
698.0,0.03733
699.0,0.0362
700.0,0.03557
701.0,0.03506
702.0,0.03515
703.0,0.03503
704.0,0.03599
705.0,0.03585
706.0,0.03566
707.0,0.03551
708.0,0.03541
709.0,0.03528
710.0,0.0351
711.0,0.03494
712.0,0.03471
713.0,0.03419
714.0,0.03412
715.0,0.03286
716.0,0.03273
717.0,0.02812
718.0,0.02553
719.0,0.02308
720.0,0.0242
721.0,0.02671
722.0,0.03071
723.0,0.02827
724.0,0.02516
725.0,0.02467
726.0,0.02583
727.0,0.02598
728.0,0.02428
729.0,0.0251
730.0,0.02656
731.0,0.02521
732.0,0.02692
733.0,0.02844
734.0,0.02898
735.0,0.02824
736.0,0.02808
737.0,0.02805
738.0,0.02837
739.0,0.02766
740.0,0.02825
741.0,0.02784
742.0,0.02773
743.0,0.02828
744.0,0.02805
745.0,0.02792
746.0,0.02792
747.0,0.02785
748.0,0.02764
749.0,0.02718
750.0,0.02704
751.0,0.02664
752.0,0.02663
753.0,0.02662
754.0,0.02654
755.0,0.02626
756.0,0.02614
757.0,0.02605
758.0,0.0256
759.0,0.02495
760.0,0.004023
761.0,0.002084
762.0,0.01243
763.0,0.006095
764.0,0.009184
765.0,0.01224
766.0,0.01502
767.0,0.01894
768.0,0.02183
769.0,0.0222
770.0,0.02287
771.0,0.02296
772.0,0.0229
773.0,0.02294
774.0,0.02271
775.0,0.02244
776.0,0.02262
777.0,0.02221
778.0,0.02197
779.0,0.02187
780.0,0.02165
781.0,0.02157
782.0,0.0216
783.0,0.02112
784.0,0.02112
785.0,0.02087
786.0,0.021
787.0,0.02053
788.0,0.02018
789.0,0.02006
790.0,0.01942
791.0,0.01951
792.0,0.01927
793.0,0.01886
794.0,0.01911
795.0,0.01934
796.0,0.01863
797.0,0.01859
798.0,0.01907
799.0,0.01885
800.0,0.01843
801.0,0.01828
802.0,0.01814
803.0,0.01792
804.0,0.01786
805.0,0.01773
806.0,0.01815
807.0,0.01785
808.0,0.01779
809.0,0.01737
810.0,0.01714
811.0,0.01709
812.0,0.0165
813.0,0.01607
814.0,0.01396
815.0,0.0138
816.0,0.01265
817.0,0.01285
818.0,0.01231
819.0,0.01383
820.0,0.0129
821.0,0.01522
822.0,0.01468
823.0,0.009595
824.0,0.0141
825.0,0.01464
826.0,0.01397
827.0,0.01475
828.0,0.01229
829.0,0.0137
830.0,0.01345
831.0,0.01345
832.0,0.01294
833.0,0.01385
834.0,0.01327
835.0,0.01458
836.0,0.01386
837.0,0.0145
838.0,0.01398
839.0,0.01416
840.0,0.01441
841.0,0.01413
842.0,0.01411
843.0,0.01404
844.0,0.01378
845.0,0.01419
846.0,0.01407
847.0,0.01375
848.0,0.0136
849.0,0.01316
850.0,0.01256
851.0,0.01323
852.0,0.01308
853.0,0.01253
854.0,0.01077
855.0,0.01179
856.0,0.01283
857.0,0.01306
858.0,0.01292
859.0,0.01287
860.0,0.01283
861.0,0.01271
862.0,0.01286
863.0,0.01311
864.0,0.0124
865.0,0.01224
866.0,0.01096
867.0,0.01139
868.0,0.01234
869.0,0.01204
870.0,0.01233
871.0,0.01211
872.0,0.01202
873.0,0.01194
874.0,0.01175
875.0,0.01146
876.0,0.01152
877.0,0.01159
878.0,0.01167
879.0,0.01144
880.0,0.01115
881.0,0.01094
882.0,0.01113
883.0,0.01112
884.0,0.01102
885.0,0.01106
886.0,0.01049
887.0,0.01057
888.0,0.01067
889.0,0.01076
890.0,0.01061
891.0,0.01055
892.0,0.0102
893.0,0.009822
894.0,0.00941
895.0,0.008819
896.0,0.008184
897.0,0.006899
898.0,0.00757
899.0,0.005543
900.0,0.007716
901.0,0.005871
902.0,0.006939
903.0,0.006982
904.0,0.008961
905.0,0.008586
906.0,0.007959
907.0,0.006289
908.0,0.006421
909.0,0.007005
910.0,0.006092
911.0,0.006502
912.0,0.006805
913.0,0.006113
914.0,0.006024
915.0,0.0066
916.0,0.005419
917.0,0.007086
918.0,0.005551
919.0,0.007147
920.0,0.007177
921.0,0.007518
922.0,0.006622
923.0,0.007201
924.0,0.00676
925.0,0.00656
926.0,0.006636
927.0,0.007461
928.0,0.005293
929.0,0.004782
930.0,0.003636
931.0,0.003387
932.0,0.002347
933.0,0.001861
934.0,0.0009685
935.0,0.001878
936.0,0.001116
937.0,0.001132
938.0,0.00142
939.0,0.003172
940.0,0.003899
941.0,0.002854
942.0,0.003331
943.0,0.002061
944.0,0.002157
945.0,0.002888
946.0,0.00135
947.0,0.002889
948.0,0.002014
949.0,0.003992
950.0,0.0009546
951.0,0.003887
952.0,0.001925
953.0,0.00255
954.0,0.003199
955.0,0.002581
956.0,0.002449
957.0,0.001903
958.0,0.003582
959.0,0.002769
960.0,0.003161
961.0,0.003566
962.0,0.003337
963.0,0.003901
964.0,0.003516
965.0,0.003852
966.0,0.003853
967.0,0.003814
968.0,0.005258
969.0,0.005527
970.0,0.004994
971.0,0.005789
972.0,0.005475
973.0,0.004688
974.0,0.004407
975.0,0.004554
976.0,0.004299
977.0,0.004943
978.0,0.004655
979.0,0.004889
980.0,0.004531
981.0,0.005537
982.0,0.00525
983.0,0.005001
984.0,0.005664
985.0,0.005175
986.0,0.005732
987.0,0.005591
988.0,0.005557
989.0,0.005656
990.0,0.005486
991.0,0.005626
992.0,0.005638
993.0,0.005484
994.0,0.005597
995.0,0.00557
996.0,0.005521
997.0,0.005508
998.0,0.005462
999.0,0.005423
1000.0,0.005362
1001.0,0.005412
1002.0,0.005232
1003.0,0.005275
1004.0,0.005122
1005.0,0.004919
1006.0,0.005089
1007.0,0.005177
1008.0,0.005128
1009.0,0.00508
1010.0,0.005038
1011.0,0.005075
1012.0,0.005009
1013.0,0.005026
1014.0,0.004973
1015.0,0.004921
1016.0,0.004879
1017.0,0.004872
1018.0,0.004836
1019.0,0.00471
1020.0,0.004772
1021.0,0.004748
1022.0,0.004691
1023.0,0.004724
1024.0,0.004641
1025.0,0.004688
1026.0,0.004649
1027.0,0.00462
1028.0,0.004594
1029.0,0.004523
1030.0,0.004539
1031.0,0.004502
1032.0,0.004472
1033.0,0.004387
1034.0,0.004371
1035.0,0.004368
1036.0,0.004373
1037.0,0.004286
1038.0,0.00429
1039.0,0.004272
1040.0,0.004239
1041.0,0.004239
1042.0,0.004193
1043.0,0.004165
1044.0,0.004165
1045.0,0.004093
1046.0,0.004032
1047.0,0.004053
1048.0,0.004061
1049.0,0.004032
1050.0,0.003999
1051.0,0.003978
1052.0,0.003946
1053.0,0.003901
1054.0,0.003896
1055.0,0.003883
1056.0,0.003854
1057.0,0.003828
1058.0,0.00372
1059.0,0.003711
1060.0,0.003692
1061.0,0.003673
1062.0,0.003678
1063.0,0.003629
1064.0,0.00366
1065.0,0.003619
1066.0,0.003535
1067.0,0.003567
1068.0,0.003475
1069.0,0.003356
1070.0,0.003455
1071.0,0.003499
1072.0,0.003444
1073.0,0.003384
1074.0,0.003463
1075.0,0.003268
1076.0,0.003434
1077.0,0.003354
1078.0,0.003277
1079.0,0.003343
1080.0,0.003261
1081.0,0.003148
1082.0,0.003194
1083.0,0.003193
1084.0,0.003099
1085.0,0.003216
1086.0,0.002894
1087.0,0.003004
1088.0,0.003129
1089.0,0.003014
1090.0,0.002922
1091.0,0.003081
1092.0,0.003065
1093.0,0.002551
1094.0,0.002782
1095.0,0.002654
1096.0,0.002519
1097.0,0.002944
1098.0,0.002463
1099.0,0.002565
1100.0,0.002351
1101.0,0.002381
1102.0,0.002258
1103.0,0.002221
1104.0,0.002218
1105.0,0.002448
1106.0,0.001814
1107.0,0.002297
1108.0,0.001904
1109.0,0.001896
1110.0,0.002251
1111.0,0.001446
1112.0,0.001861
1113.0,0.001116
1114.0,0.001263
1115.0,0.001009
1116.0,0.0007888
1117.0,0.0002591
1118.0,0.0008584
1119.0,0.0003907
1120.0,0.0005081
1121.0,0.0006959
1122.0,0.0002624
1123.0,0.0004459
1124.0,0.0003656
1125.0,0.0004955
1126.0,0.0001536
1127.0,0.0005637
1128.0,0.0003188
1129.0,0.0003392
1130.0,0.0002129
1131.0,0.001152
1132.0,0.0008668
1133.0,0.0005208
1134.0,0.000114
1135.0,3.832e-05
1136.0,0.0004205
1137.0,0.001112
1138.0,0.0007373
1139.0,0.001145
1140.0,0.0009364
1141.0,0.0006874
1142.0,0.0008009
1143.0,0.001197
1144.0,0.0003604
1145.0,0.0004788
1146.0,0.0005209
1147.0,0.0001626
1148.0,0.0009901
1149.0,0.0007659
1150.0,0.0003841
1151.0,0.000699
1152.0,0.0008807
1153.0,0.0008417
1154.0,0.0004511
1155.0,0.001143
1156.0,0.001012
1157.0,0.001149
1158.0,0.001129
1159.0,0.001228
1160.0,0.001026
1161.0,0.001295
1162.0,0.001293
1163.0,0.001806
1164.0,0.001515
1165.0,0.00142
1166.0,0.001397
1167.0,0.001532
1168.0,0.001549
1169.0,0.00159
1170.0,0.001732
1171.0,0.001675
1172.0,0.001699
1173.0,0.001709
1174.0,0.001171
1175.0,0.001656
1176.0,0.001825
1177.0,0.001742
1178.0,0.00126
1179.0,0.001822
1180.0,0.001601
1181.0,0.001657
1182.0,0.001087
1183.0,0.001625
1184.0,0.001498
1185.0,0.001436
1186.0,0.001729
1187.0,0.001634
1188.0,0.001096
1189.0,0.001504
1190.0,0.001663
1191.0,0.001569
1192.0,0.001678
1193.0,0.001595
1194.0,0.001646
1195.0,0.001548
1196.0,0.001482
1197.0,0.001639
1198.0,0.00148
1199.0,0.00124
1200.0,0.001547
1201.0,0.001483
1202.0,0.001466
1203.0,0.00146
1204.0,0.001246
1205.0,0.001491
1206.0,0.001663
1207.0,0.001447
1208.0,0.001424
1209.0,0.001447
1210.0,0.001509
1211.0,0.001426
1212.0,0.001407
1213.0,0.001574
1214.0,0.001435
1215.0,0.0014
1216.0,0.001553
1217.0,0.001504
1218.0,0.00153
1219.0,0.001506
1220.0,0.001522
1221.0,0.001534
1222.0,0.001485
1223.0,0.001466
1224.0,0.001453
1225.0,0.001505
1226.0,0.001511
1227.0,0.001383
1228.0,0.001509
1229.0,0.001497
1230.0,0.001465
1231.0,0.001505
1232.0,0.001491
1233.0,0.001432
1234.0,0.001489
1235.0,0.001475
1236.0,0.001481
1237.0,0.001455
1238.0,0.001466
1239.0,0.001443
1240.0,0.001444
1241.0,0.001432
1242.0,0.001424
1243.0,0.001407
1244.0,0.001412
1245.0,0.001414
1246.0,0.001401
1247.0,0.001391
1248.0,0.001385
1249.0,0.001386
1250.0,0.001373
1251.0,0.00135
1252.0,0.001347
1253.0,0.001331
1254.0,0.001313
1255.0,0.001332
1256.0,0.001289
1257.0,0.001278
1258.0,0.001299
1259.0,0.001246
1260.0,0.001249
1261.0,0.001172
1262.0,0.001132
1263.0,0.001131
1264.0,0.001038
1265.0,0.001118
1266.0,0.001071
1267.0,0.001088
1268.0,0.001026
1269.0,0.0006201
1270.0,0.001075
1271.0,0.001138
1272.0,0.001138
1273.0,0.001122
1274.0,0.001123
1275.0,0.001136
1276.0,0.001144
1277.0,0.001148
1278.0,0.001167
1279.0,0.001153
1280.0,0.001135
1281.0,0.00108
1282.0,0.001038
1283.0,0.001115
1284.0,0.001137
1285.0,0.001141
1286.0,0.001154
1287.0,0.001131
1288.0,0.001128
1289.0,0.001087
1290.0,0.00111
1291.0,0.001122
1292.0,0.001047
1293.0,0.001092
1294.0,0.001081
1295.0,0.001073
1296.0,0.001018
1297.0,0.0009559
1298.0,0.001031
1299.0,0.001073
1300.0,0.0008938
1301.0,0.0009216
1302.0,0.001016
1303.0,0.0008729
1304.0,0.000734
1305.0,0.0009832
1306.0,0.0009813
1307.0,0.0007406
1308.0,0.0008578
1309.0,0.0009652
1310.0,0.0007185
1311.0,0.0008126
1312.0,0.0007906
1313.0,0.0007705
1314.0,0.0006765
1315.0,0.0006713
1316.0,0.0007896
1317.0,0.0007385
1318.0,0.0008082
1319.0,0.0006157
1320.0,0.0005876
1321.0,0.0006981
1322.0,0.0007063
1323.0,0.000514
1324.0,0.0005926
1325.0,0.0007554
1326.0,0.0006365
1327.0,0.0006017
1328.0,0.0005072
1329.0,0.0003702
1330.0,0.0004986
1331.0,0.000284
1332.0,0.0002909
1333.0,0.0004249
1334.0,0.0003434
1335.0,0.0004939
1336.0,0.0003779
1337.0,0.0003294
1338.0,0.00036
1339.0,0.0003565
1340.0,0.0003405
1341.0,0.000336
1342.0,0.0003547
1343.0,0.0002348
1344.0,0.0001284
1345.0,0.0001945
1346.0,9.193e-05
1347.0,9.426e-05
1348.0,4.986e-06
1349.0,1.979e-05
1350.0,1.998e-05
1351.0,4.613e-06
1352.0,1.2e-06
1353.0,5.48e-08
1354.0,1.929e-07
1355.0,1.437e-09
1356.0,2.597e-08
1357.0,3.997e-08
1358.0,1.689e-09
1359.0,2.114e-10
1360.0,7.666e-10
1361.0,8.351e-13
1362.0,2.269e-15
1363.0,1.043e-09
1364.0,4.256e-10
1365.0,7.926e-16
1366.0,4.648e-09
1367.0,1.844e-09
1368.0,6.116e-18
1369.0,1.55e-10
1370.0,7.635e-11
1371.0,4.268e-12
1372.0,9.891e-10
1373.0,2.085e-08
1374.0,9.982e-08
1375.0,1.866e-07
1376.0,1.615e-07
1377.0,7.191e-08
1378.0,7.794e-07
1379.0,2.928e-08
1380.0,4.317e-08
1381.0,1.057e-09
1382.0,8.68e-10
1383.0,1.26e-11
1384.0,1.686e-10
1385.0,8.04e-10
1386.0,7.7e-10
1387.0,1.019e-07
1388.0,1.798e-09
1389.0,3.532e-07
1390.0,2.992e-07
1391.0,1.969e-07
1392.0,1.167e-08
1393.0,6.394e-08
1394.0,3.372e-08
1395.0,2.269e-10
1396.0,1.086e-12
1397.0,2.469e-08
1398.0,8.333e-07
1399.0,5.098e-07
1400.0,4.645e-13
1401.0,1.928e-12
1402.0,1.411e-06
1403.0,1.824e-06
1404.0,5.137e-07
1405.0,1.073e-10
1406.0,1.446e-06
1407.0,1.112e-07
1408.0,1.152e-06
1409.0,3.702e-07
1410.0,2.882e-07
1411.0,1.546e-06
1412.0,2.088e-06
1413.0,2.504e-05
1414.0,2.217e-07
1415.0,1.039e-07
1416.0,4.145e-05
1417.0,1.14e-05
1418.0,1.306e-05
1419.0,1.749e-06
1420.0,7.572e-06
1421.0,8.316e-06
1422.0,5.483e-05
1423.0,8.97e-06
1424.0,1.769e-05
1425.0,2.725e-05
1426.0,3.088e-05
1427.0,5.963e-05
1428.0,3.667e-06
1429.0,4.328e-05
1430.0,7.736e-05
1431.0,8.537e-05
1432.0,2.8e-06
1433.0,5.13e-05
1434.0,2.423e-05
1435.0,2.461e-05
1436.0,5.045e-05
1437.0,3.73e-05
1438.0,1.446e-05
1439.0,7.038e-05
1440.0,5.094e-05
1441.0,3.77e-05
1442.0,4.206e-05
1443.0,5.341e-05
1444.0,7.713e-05
1445.0,5.857e-05
1446.0,2.386e-05
1447.0,3.981e-05
1448.0,0.0001543
1449.0,0.0001319
1450.0,2.826e-05
1451.0,1.037e-05
1452.0,7.361e-05
1453.0,9.985e-05
1454.0,0.000184
1455.0,7.794e-05
1456.0,0.0001096
1457.0,0.0001518
1458.0,0.0001813
1459.0,0.0002206
1460.0,0.0001041
1461.0,0.0001095
1462.0,0.0001696
1463.0,4.698e-05
1464.0,0.0002041
1465.0,0.0001134
1466.0,7.488e-05
1467.0,3.648e-05
1468.0,8.986e-05
1469.0,0.0001136
1470.0,5.19e-05
1471.0,1.669e-05
1472.0,4.917e-05
1473.0,7.864e-05
1474.0,0.0001193
1475.0,0.0002467
1476.0,7.731e-05
1477.0,7.808e-05
1478.0,7.082e-05
1479.0,0.0001487
1480.0,6.543e-05
1481.0,0.0001407
1482.0,6.307e-05
1483.0,0.0001896
1484.0,0.0001731
1485.0,0.000152
1486.0,0.0001494
1487.0,6.235e-05
1488.0,0.0001168
1489.0,0.0002493
1490.0,0.0002257
1491.0,0.0002589
1492.0,0.0002099
1493.0,0.0002334
1494.0,0.0002655
1495.0,0.0002316
1496.0,0.000215
1497.0,0.0003043
1498.0,0.0002422
1499.0,0.0002888
1500.0,0.0003357
1501.0,0.0003556
1502.0,0.0002937
1503.0,0.0002457
1504.0,0.0001919
1505.0,0.0002354
1506.0,0.0003506
1507.0,0.0003352
1508.0,0.0003167
1509.0,0.000235
1510.0,0.0003607
1511.0,0.0003478
1512.0,0.0003431
1513.0,0.000313
1514.0,0.00029
1515.0,0.0003504
1516.0,0.0003334
1517.0,0.0003252
1518.0,0.000323
1519.0,0.0003151
1520.0,0.0003401
1521.0,0.0003623
1522.0,0.0003435
1523.0,0.0003659
1524.0,0.0003545
1525.0,0.0003373
1526.0,0.0003418
1527.0,0.0003376
1528.0,0.0003596
1529.0,0.0003408
1530.0,0.0003339
1531.0,0.0003424
1532.0,0.0003551
1533.0,0.0003542
1534.0,0.0003472
1535.0,0.0003447
1536.0,0.0003503
1537.0,0.0003418
1538.0,0.0003445
1539.0,0.0003379
1540.0,0.000338
1541.0,0.0003396
1542.0,0.0003352
1543.0,0.0003403
1544.0,0.0003355
1545.0,0.0003411
1546.0,0.0003351
1547.0,0.0003296
1548.0,0.0003288
1549.0,0.0003309
1550.0,0.0003279
1551.0,0.0003295
1552.0,0.0003263
1553.0,0.0003233
1554.0,0.0003198
1555.0,0.0003198
1556.0,0.0003188
1557.0,0.0003218
1558.0,0.0003193
1559.0,0.0003166
1560.0,0.0003181
1561.0,0.0003196
1562.0,0.0003149
1563.0,0.0003117
1564.0,0.0003124
1565.0,0.0003122
1566.0,0.0003074
1567.0,0.0003073
1568.0,0.0003035
1569.0,0.0003048
1570.0,0.0003069
1571.0,0.0003088
1572.0,0.0003062
1573.0,0.0003036
1574.0,0.0002922
1575.0,0.0002881
1576.0,0.0002831
1577.0,0.0002752
1578.0,0.0002884
1579.0,0.0002905
1580.0,0.0002924
1581.0,0.0002874
1582.0,0.000281
1583.0,0.0002817
1584.0,0.000286
1585.0,0.0002884
1586.0,0.0002845
1587.0,0.0002792
1588.0,0.0002706
1589.0,0.0002616
1590.0,0.0002669
1591.0,0.0002729
1592.0,0.0002804
1593.0,0.000284
1594.0,0.0002829
1595.0,0.0002785
1596.0,0.0002698
1597.0,0.0002761
1598.0,0.0002792
1599.0,0.0002754
1600.0,0.000273
1601.0,0.0002685
1602.0,0.0002687
1603.0,0.0002707
1604.0,0.0002679
1605.0,0.0002671
1606.0,0.0002634
1607.0,0.0002651
1608.0,0.0002643
1609.0,0.0002566
1610.0,0.0002507
1611.0,0.0002546
1612.0,0.0002569
1613.0,0.0002568
1614.0,0.0002561
1615.0,0.0002498
1616.0,0.0002455
1617.0,0.0002498
1618.0,0.0002534
1619.0,0.0002481
1620.0,0.0002422
1621.0,0.0002444
1622.0,0.0002477
1623.0,0.0002507
1624.0,0.0002472
1625.0,0.0002456
1626.0,0.0002456
1627.0,0.0002468
1628.0,0.0002456
1629.0,0.0002428
1630.0,0.0002408
1631.0,0.0002389
1632.0,0.0002378
1633.0,0.0002301
1634.0,0.0002347
1635.0,0.000231
1636.0,0.0002284
1637.0,0.0002253
1638.0,0.0002118
1639.0,0.0002194
1640.0,0.0002097
1641.0,0.0002168
1642.0,0.0002204
1643.0,0.000208
1644.0,0.0002193
1645.0,0.0002128
1646.0,0.0002074
1647.0,0.0002212
1648.0,0.0002057
1649.0,0.0002149
1650.0,0.0002159
1651.0,0.0002001
1652.0,0.0002128
1653.0,0.0002142
1654.0,0.0002025
1655.0,0.0002131
1656.0,0.0002092
1657.0,0.0002102
1658.0,0.0002122
1659.0,0.0002101
1660.0,0.0002114
1661.0,0.0002097
1662.0,0.0002035
1663.0,0.0002076
1664.0,0.0002052
1665.0,0.0001934
1666.0,0.0001579
1667.0,0.0001906
1668.0,0.0001969
1669.0,0.0001978
1670.0,0.0002007
1671.0,0.0001944
1672.0,0.0001915
1673.0,0.0001955
1674.0,0.0001909
1675.0,0.0001874
1676.0,0.0001882
1677.0,0.0001874
1678.0,0.0001816
1679.0,0.0001849
1680.0,0.0001769
1681.0,0.0001712
1682.0,0.0001802
1683.0,0.0001836
1684.0,0.0001699
1685.0,0.0001847
1686.0,0.0001838
1687.0,0.0001765
1688.0,0.0001818
1689.0,0.0001793
1690.0,0.0001783
1691.0,0.0001622
1692.0,0.0001767
1693.0,0.0001813
1694.0,0.0001741
1695.0,0.0001785
1696.0,0.000178
1697.0,0.000149
1698.0,0.0001755
1699.0,0.0001727
1700.0,0.0001676
1702.0,0.0001698
1705.0,0.0001635
1710.0,0.0001528
1715.0,0.0001512
1720.0,0.0001478
1725.0,0.0001363
1730.0,0.0001331
1735.0,0.0001226
1740.0,0.0001231
1745.0,0.0001135
1750.0,0.0001211
1755.0,0.0001094
1760.0,0.0001138
1765.0,9.027e-05
1770.0,9.679e-05
1775.0,7.525e-05
1780.0,6.287e-05
1785.0,4.551e-05
1790.0,5.334e-05
1795.0,2.466e-05
1800.0,1.589e-05
1805.0,6.141e-06
1810.0,3.802e-06
1815.0,1.07e-06
1820.0,2.518e-07
1825.0,3.341e-07
1830.0,7.071e-10
1835.0,1.058e-09
1840.0,6.037e-12
1845.0,6.86e-10
1850.0,3.046e-10
1855.0,2.809e-11
1860.0,1.656e-09
1865.0,2.35e-09
1870.0,1.208e-14
1875.0,2.184e-14
1880.0,1.263e-08
1885.0,6.635e-09
1890.0,3.845e-08
1895.0,2.161e-08
1900.0,8.582e-11
1905.0,5.816e-11
1910.0,2.945e-09
1915.0,2.82e-09
1920.0,8.054e-08
1925.0,1.909e-07
1930.0,1.079e-07
1935.0,8.855e-07
1940.0,8.558e-07
1945.0,3.827e-06
1950.0,7.759e-06
1955.0,6.984e-06
1960.0,1.262e-05
1965.0,1.893e-05
1970.0,2.725e-05
1975.0,3.108e-05
1980.0,3.103e-05
1985.0,3.34e-05
1990.0,3.44e-05
1995.0,3.618e-05
2000.0,3.79e-05
2005.0,3.133e-05
2010.0,4.536e-05
2015.0,3.495e-05
2020.0,3.719e-05
2025.0,4.014e-05
2030.0,3.638e-05
2035.0,3.93e-05
2040.0,3.702e-05
2045.0,3.785e-05
2050.0,3.8e-05
2055.0,3.605e-05
2060.0,3.449e-05
2065.0,3.477e-05
2070.0,3.4e-05
2075.0,3.444e-05
2080.0,3.321e-05
2085.0,3.271e-05
2090.0,3.277e-05
2095.0,3.147e-05
2100.0,2.905e-05
2105.0,3.12e-05
2110.0,2.965e-05
2115.0,3.011e-05
2120.0,2.802e-05
2125.0,2.82e-05
2130.0,2.832e-05
2135.0,2.83e-05
2140.0,2.827e-05
2145.0,2.772e-05
2150.0,2.574e-05
2155.0,2.552e-05
2160.0,2.5e-05
2165.0,2.255e-05
2170.0,2.384e-05
2175.0,2.307e-05
2180.0,2.348e-05
2185.0,2.075e-05
2190.0,2.227e-05
2195.0,2.187e-05
2200.0,1.904e-05
2205.0,1.988e-05
2210.0,2.141e-05
2215.0,2.025e-05
2220.0,2.051e-05
2225.0,1.968e-05
2230.0,1.959e-05
2235.0,1.89e-05
2240.0,1.848e-05
2245.0,1.755e-05
2250.0,1.769e-05
2255.0,1.629e-05
2260.0,1.582e-05
2265.0,1.605e-05
2270.0,1.492e-05
2275.0,1.455e-05
2280.0,1.513e-05
2285.0,1.401e-05
2290.0,1.388e-05
2295.0,1.339e-05
2300.0,1.256e-05
2305.0,1.255e-05
2310.0,1.371e-05
2315.0,1.211e-05
2320.0,1.045e-05
2325.0,1.163e-05
2330.0,1.156e-05
2335.0,1.175e-05
2340.0,8.853e-06
2345.0,1.002e-05
2350.0,7.708e-06
2355.0,9.044e-06
2360.0,9.563e-06
2365.0,9.324e-06
2370.0,5.215e-06
2375.0,8.045e-06
2380.0,7.585e-06
2385.0,5.235e-06
2390.0,6.267e-06
2395.0,6.929e-06
2400.0,7.589e-06
2405.0,5.53e-06
2410.0,5.506e-06
2415.0,4.291e-06
2420.0,4.087e-06
2425.0,5.216e-06
2430.0,7.294e-06
2435.0,2.04e-06
2440.0,6.91e-06
2445.0,2.923e-06
2450.0,1.782e-06
2455.0,3.537e-06
2460.0,4.868e-06
2465.0,3.312e-06
2470.0,2.14e-06
2475.0,2.072e-06
2480.0,9.221e-07
2485.0,5.925e-07
2490.0,3.351e-07
2495.0,2.864e-07
2500.0,7.467e-07
2505.0,1.385e-07
2510.0,2.082e-07
2515.0,4.186e-08
2520.0,2.431e-08
2525.0,2.56e-09
2530.0,1.752e-11
2535.0,3.855e-12
2540.0,9.183e-12
2545.0,6.927e-16
2550.0,2.805e-18
2555.0,1.355e-14
2560.0,4.044e-16
2565.0,9.045e-20
2570.0,2.692e-24
2575.0,1.703e-34
2580.0,1.7760000000000001e-28
2585.0,3.712e-42
2590.0,2.316e-38
2595.0,4.506e-40
2600.0,3.709e-35
2605.0,4.1e-42
2610.0,1.411e-41
2615.0,1.4009999999999999e-45
2620.0,1.244e-35
2625.0,2.277e-35
2630.0,0.0
2635.0,1.186e-21
2640.0,2.567e-22
2645.0,1.119e-24
2650.0,1.115e-25
2655.0,1.34e-34
2660.0,1.129e-31
2665.0,1.121e-44
2670.0,0.0
2675.0,0.0
2680.0,2.2880000000000002e-30
2685.0,2.1860000000000003e-31
2690.0,8.177e-31
2695.0,3.2079999999999996e-33
2700.0,9.343999999999999e-29
2705.0,2.65e-26
2710.0,2.11e-31
2715.0,2.665e-29
2720.0,0.0
2725.0,5.968e-27
2730.0,1.74e-24
2735.0,1.9840000000000002e-26
2740.0,3.584e-32
2745.0,4.6209999999999996e-27
2750.0,2.59e-26
2755.0,4.166e-28
2760.0,6.241999999999999e-23
2765.0,2.93e-29
2770.0,1.4400000000000002e-26
2775.0,1.777e-23
2780.0,8.274e-21
2785.0,3.106e-20
2790.0,7.085e-18
2795.0,1.559e-18
2800.0,4.977e-15
2805.0,9.301e-17
2810.0,3.737e-13
2815.0,1.113e-13
2820.0,1.36e-15
2825.0,1.199e-11
2830.0,2.614e-10
2835.0,3.573e-15
2840.0,7.66e-12
2845.0,2.672e-09
2850.0,4.594e-11
2855.0,1.831e-11
2860.0,9.57e-10
2865.0,7.087e-09
2870.0,1.786e-10
2875.0,1.727e-08
2880.0,1.084e-08
2885.0,1.793e-08
2890.0,7.583e-09
2895.0,1.304e-07
2900.0,3.616e-08
2905.0,4.165e-09
2910.0,1.329e-07
2915.0,5.626e-08
2920.0,1.4e-07
2925.0,4.967e-08
2930.0,3.032e-07
2935.0,3.348e-07
2940.0,7.442e-08
2945.0,6.387e-08
2950.0,2.596e-07
2955.0,1.148e-07
2960.0,2.291e-07
2965.0,3.887e-07
2970.0,1.502e-08
2975.0,3.818e-08
2980.0,5.959e-08
2985.0,3.535e-07
2990.0,5.368e-07
2995.0,2.027e-07
3000.0,3.869e-07
3005.0,1.311e-07
3010.0,3.385e-07
3015.0,2.625e-07
3020.0,2.349e-08
3025.0,3.623e-07
3030.0,2.854e-07
3035.0,1.078e-07
3040.0,8.425e-08
3045.0,1.82e-07
3050.0,4.089e-08
3055.0,9.961e-09
3060.0,2.845e-07
3065.0,1.199e-07
3070.0,6.723e-08
3075.0,2.656e-07
3080.0,1.537e-07
3085.0,6.771e-08
3090.0,9.238e-08
3095.0,2.254e-08
3100.0,1.854e-07
3105.0,3.434e-08
3110.0,2.884e-08
3115.0,8.71e-08
3120.0,4.34e-07
3125.0,1.255e-07
3130.0,2.511e-07
3135.0,5.098e-07
3140.0,1.334e-07
3145.0,1.308e-07
3150.0,2.793e-07
3155.0,2.344e-07
3160.0,3.926e-07
3165.0,6.208e-07
3170.0,5.495e-07
3175.0,3.848e-07
3180.0,4.548e-07
3185.0,3.187e-07
3190.0,1.646e-07
3195.0,9.158e-08
3200.0,1.266e-08
3205.0,8.269e-09
3210.0,3.424e-09
3215.0,1.408e-08
3220.0,5.003e-08
3225.0,5.618e-09
3230.0,9.396e-09
3235.0,2.743e-07
3240.0,1.237e-07
3245.0,2.282e-08
3250.0,8.579e-08
3255.0,3.78e-07
3260.0,3.643e-08
3265.0,7.972e-08
3270.0,3.721e-08
3275.0,2.3e-07
3280.0,9.654e-08
3285.0,4.305e-07
3290.0,3.23e-07
3295.0,3.818e-08
3300.0,5.701e-08
3305.0,1.334e-07
3310.0,1.27e-07
3315.0,1.76e-10
3320.0,1.108e-09
3325.0,1.068e-07
3330.0,1.612e-07
3335.0,3.187e-07
3340.0,1.144e-07
3345.0,1.113e-07
3350.0,2.811e-07
3355.0,1.124e-07
3360.0,1.728e-07
3365.0,2.441e-07
3370.0,1.173e-07
3375.0,2.863e-07
3380.0,1.544e-07
3385.0,2.449e-07
3390.0,3.232e-07
3395.0,3.121e-07
3400.0,4.219e-07
3405.0,1.273e-07
3410.0,2.241e-07
3415.0,2.183e-07
3420.0,4.37e-07
3425.0,3.124e-07
3430.0,2.636e-07
3435.0,3.759e-07
3440.0,2.405e-07
3445.0,3.588e-07
3450.0,3.508e-07
3455.0,2.494e-07
3460.0,3.991e-07
3465.0,2.957e-07
3470.0,3.863e-07
3475.0,3.356e-07
3480.0,3.439e-07
3485.0,3.739e-07
3490.0,3.122e-07
3495.0,3.762e-07
3500.0,3.63e-07
3505.0,3.576e-07
3510.0,3.624e-07
3515.0,3.464e-07
3520.0,3.703e-07
3525.0,3.448e-07
3530.0,3.346e-07
3535.0,2.737e-07
3540.0,2.591e-07
3545.0,2.749e-07
3550.0,3.104e-07
3555.0,2.6e-07
3560.0,3.177e-07
3565.0,3.174e-07
3570.0,2.38e-07
3575.0,2.463e-07
3580.0,2.969e-07
3585.0,2.588e-07
3590.0,2.701e-07
3595.0,2.756e-07
3600.0,2.948e-07
3605.0,2.946e-07
3610.0,2.662e-07
3615.0,2.66e-07
3620.0,3.325e-07
3625.0,2.84e-07
3630.0,2.756e-07
3635.0,2.84e-07
3640.0,3.205e-07
3645.0,2.882e-07
3650.0,2.732e-07
3655.0,2.987e-07
3660.0,2.955e-07
3665.0,2.721e-07
3670.0,2.032e-07
3675.0,1.143e-07
3680.0,2.115e-07
3685.0,2.437e-07
3690.0,2.515e-07
3695.0,2.623e-07
3700.0,2.846e-07
3705.0,2.791e-07
3710.0,2.376e-07
3715.0,2.332e-07
3720.0,2.67e-07
3725.0,2.744e-07
3730.0,2.326e-07
3735.0,2.101e-07
3740.0,2.16e-07
3745.0,2.561e-07
3750.0,2.29e-07
3755.0,2.205e-07
3760.0,2.165e-07
3765.0,2.069e-07
3770.0,2.229e-07
3775.0,2.193e-07
3780.0,2.333e-07
3785.0,2.106e-07
3790.0,1.824e-07
3795.0,2.115e-07
3800.0,2.398e-07
3805.0,2.229e-07
3810.0,1.939e-07
3815.0,1.794e-07
3820.0,2.304e-07
3825.0,2.244e-07
3830.0,2.273e-07
3835.0,1.747e-07
3840.0,2.093e-07
3845.0,2.027e-07
3850.0,2.034e-07
3855.0,1.931e-07
3860.0,1.783e-07
3865.0,1.791e-07
3870.0,1.595e-07
3875.0,1.428e-07
3880.0,1.369e-07
3885.0,1.419e-07
3890.0,1.436e-07
3895.0,1.591e-07
3900.0,1.699e-07
3905.0,1.686e-07
3910.0,1.483e-07
3915.0,1.434e-07
3920.0,1.428e-07
3925.0,1.395e-07
3930.0,1.444e-07
3935.0,1.509e-07
3940.0,1.525e-07
3945.0,1.549e-07
3950.0,1.571e-07
3955.0,1.585e-07
3960.0,1.594e-07
3965.0,1.603e-07
3970.0,1.578e-07
3975.0,1.525e-07
3980.0,1.496e-07
3985.0,1.497e-07
3990.0,1.47e-07
3995.0,1.43e-07
4000.0,1.362e-07
