interpolation:linear
wavelength,value
280.0,1.375e-19
280.5,6.051e-21
281.0,2.112e-20
281.5,2.982e-19
282.0,1.626e-18
282.5,4.92e-18
283.0,1.703e-17
283.5,2.826e-17
284.0,4.494e-16
284.5,1.246e-15
285.0,3.715e-15
285.5,2.427e-14
286.0,1.049e-13
286.5,5.221e-13
287.0,1.57e-12
287.5,6.282e-12
288.0,1.764e-11
288.5,6.818e-11
289.0,2.234e-10
289.5,8.204e-10
290.0,2.637e-09
290.5,6.054e-09
291.0,1.495e-08
291.5,5.15e-08
292.0,1.156e-07
292.5,1.75e-07
293.0,4.156e-07
293.5,1.176e-06
294.0,2.065e-06
294.5,4.808e-06
295.0,9.24e-06
295.5,1.859e-05
296.0,3.418e-05
296.5,4.564e-05
297.0,5.946e-05
297.5,0.0001513
298.0,0.000228
298.5,0.0002215
299.0,0.0004723
299.5,0.0007423
300.0,0.0007905
300.5,0.001108
301.0,0.001906
301.5,0.002898
302.0,0.002413
302.5,0.004413
303.0,0.007291
303.5,0.008709
304.0,0.007913
304.5,0.01093
305.0,0.01495
305.5,0.01605
306.0,0.0151
306.5,0.01801
307.0,0.02453
307.5,0.0301
308.0,0.03126
308.5,0.03542
309.0,0.0356
309.5,0.03785
310.0,0.03668
310.5,0.05823
311.0,0.07094
311.5,0.06741
312.0,0.06365
312.5,0.0745
313.0,0.079
313.5,0.07756
314.0,0.09273
314.5,0.07776
315.0,0.1008
315.5,0.0859
316.0,0.0717
316.5,0.09906
317.0,0.1224
317.5,0.128
318.0,0.09714
318.5,0.1151
319.0,0.1332
319.5,0.1116
320.0,0.1349
320.5,0.1611
321.0,0.1377
321.5,0.131
322.0,0.1443
322.5,0.1247
323.0,0.1205
323.5,0.1475
324.0,0.1708
324.5,0.1741
325.0,0.1481
325.5,0.1858
326.0,0.2305
326.5,0.2273
327.0,0.2263
327.5,0.2187
328.0,0.1967
328.5,0.2021
329.0,0.2376
329.5,0.2674
330.0,0.2693
330.5,0.2167
331.0,0.2205
331.5,0.2213
332.0,0.2354
332.5,0.2307
333.0,0.2296
333.5,0.2084
334.0,0.2127
334.5,0.2422
335.0,0.2254
335.5,0.2705
336.0,0.1864
336.5,0.2108
337.0,0.1727
337.5,0.2141
338.0,0.2067
338.5,0.2437
339.0,0.2386
339.5,0.2294
340.0,0.2619
340.5,0.2348
341.0,0.233
341.5,0.2107
342.0,0.25
342.5,0.2323
343.0,0.2557
343.5,0.2408
344.0,0.174
344.5,0.1799
345.0,0.2336
345.5,0.2363
346.0,0.1993
346.5,0.2242
347.0,0.2407
347.5,0.1941
348.0,0.2189
348.5,0.2172
349.0,0.2003
349.5,0.1975
350.0,0.243
350.5,0.2552
351.0,0.2274
351.5,0.2217
352.0,0.2358
352.5,0.1825
353.0,0.2284
353.5,0.2428
354.0,0.2507
354.5,0.2531
355.0,0.2513
355.5,0.2258
356.0,0.235
356.5,0.1997
357.0,0.1643
357.5,0.2001
358.0,0.1578
358.5,0.1342
359.0,0.1869
359.5,0.2375
360.0,0.2504
360.5,0.1991
361.0,0.1806
361.5,0.2069
362.0,0.1781
362.5,0.2453
363.0,0.2193
363.5,0.2011
364.0,0.2448
364.5,0.2083
365.0,0.2112
365.5,0.2638
366.0,0.2782
366.5,0.2602
367.0,0.2522
367.5,0.2606
368.0,0.227
368.5,0.228
369.0,0.2451
369.5,0.2601
370.0,0.276
370.5,0.2132
371.0,0.2268
371.5,0.2824
372.0,0.1866
372.5,0.2227
373.0,0.2256
373.5,0.1461
374.0,0.2113
374.5,0.1742
375.0,0.1686
375.5,0.2506
376.0,0.2068
376.5,0.2133
377.0,0.2249
377.5,0.2619
378.0,0.2826
378.5,0.2658
379.0,0.2183
379.5,0.1985
380.0,0.2054
380.5,0.2476
381.0,0.2469
381.5,0.1948
382.0,0.1722
382.5,0.1461
383.0,0.1346
383.5,0.129
384.0,0.1417
384.5,0.2075
385.0,0.2049
385.5,0.1899
386.0,0.1619
386.5,0.2117
387.0,0.1751
387.5,0.1958
388.0,0.1799
388.5,0.177
389.0,0.1902
389.5,0.2294
390.0,0.2291
390.5,0.2099
391.0,0.2459
391.5,0.2497
392.0,0.2093
392.5,0.1865
393.0,0.1033
393.5,0.07478
394.0,0.1515
394.5,0.1918
395.0,0.233
395.5,0.2356
396.0,0.2034
396.5,0.1183
397.0,0.08841
397.5,0.179
398.0,0.2495
398.5,0.2568
399.0,0.2768
399.5,0.2747
400.0,0.284
401.0,0.2789
402.0,0.2915
403.0,0.2744
404.0,0.2678
405.0,0.2655
406.0,0.2588
407.0,0.2523
408.0,0.2599
409.0,0.2758
410.0,0.239
411.0,0.2567
412.0,0.2733
413.0,0.2642
414.0,0.2652
415.0,0.2636
416.0,0.2658
417.0,0.257
418.0,0.25
419.0,0.2511
420.0,0.2477
421.0,0.2569
422.0,0.242
423.0,0.2343
424.0,0.2456
425.0,0.243
426.0,0.2347
427.0,0.2284
428.0,0.2206
429.0,0.2073
430.0,0.1799
431.0,0.1767
432.0,0.2262
433.0,0.2254
434.0,0.2075
435.0,0.2149
436.0,0.2403
437.0,0.2352
438.0,0.2125
439.0,0.218
440.0,0.2231
441.0,0.2292
442.0,0.2437
443.0,0.2354
444.0,0.2386
445.0,0.2315
446.0,0.2191
447.0,0.2349
448.0,0.2365
449.0,0.2354
450.0,0.24
451.0,0.2468
452.0,0.2358
453.0,0.22
454.0,0.2279
455.0,0.2274
456.0,0.2308
457.0,0.2327
458.0,0.223
459.0,0.22
460.0,0.2189
461.0,0.2221
462.0,0.2221
463.0,0.2189
464.0,0.2138
465.0,0.2094
466.0,0.2097
467.0,0.2042
468.0,0.2048
469.0,0.2041
470.0,0.1961
471.0,0.1944
472.0,0.2033
473.0,0.1991
474.0,0.1978
475.0,0.1979
476.0,0.1905
477.0,0.1895
478.0,0.1931
479.0,0.1904
480.0,0.1893
481.0,0.1911
482.0,0.1906
483.0,0.1868
484.0,0.1815
485.0,0.1716
486.0,0.1488
487.0,0.1548
488.0,0.1685
489.0,0.1677
490.0,0.1751
491.0,0.1708
492.0,0.1601
493.0,0.164
494.0,0.1644
495.0,0.1646
496.0,0.1644
497.0,0.1657
498.0,0.1568
499.0,0.1576
500.0,0.1518
501.0,0.1478
502.0,0.1446
503.0,0.1493
504.0,0.1444
505.0,0.1485
506.0,0.1522
507.0,0.1438
508.0,0.1383
509.0,0.1411
510.0,0.1394
511.0,0.1421
512.0,0.1426
513.0,0.134
514.0,0.1321
515.0,0.1299
516.0,0.1286
517.0,0.1135
518.0,0.1185
519.0,0.1234
520.0,0.1269
521.0,0.1272
522.0,0.1264
523.0,0.1233
524.0,0.1268
525.0,0.1275
526.0,0.1209
527.0,0.1131
528.0,0.1188
529.0,0.1244
530.0,0.1218
531.0,0.1228
532.0,0.1178
533.0,0.1135
534.0,0.1161
535.0,0.1179
536.0,0.1181
537.0,0.1127
538.0,0.1138
539.0,0.1122
540.0,0.1069
541.0,0.1069
542.0,0.1094
543.0,0.1075
544.0,0.1088
545.0,0.1078
546.0,0.1076
547.0,0.1068
548.0,0.1048
549.0,0.1044
550.0,0.105
551.0,0.103
552.0,0.103
553.0,0.1005
554.0,0.1022
555.0,0.1018
556.0,0.09976
557.0,0.09599
558.0,0.09461
559.0,0.0922
560.0,0.09271
561.0,0.09327
562.0,0.09196
563.0,0.09384
564.0,0.09071
565.0,0.08935
566.0,0.08744
567.0,0.0885
568.0,0.08713
569.0,0.08451
570.0,0.08395
571.0,0.08291
572.0,0.08433
573.0,0.08471
574.0,0.08395
575.0,0.08189
576.0,0.08062
577.0,0.08097
578.0,0.07927
579.0,0.07912
580.0,0.08014
581.0,0.08005
582.0,0.08104
583.0,0.08079
584.0,0.08105
585.0,0.0786
586.0,0.07646
587.0,0.07759
588.0,0.07524
589.0,0.06621
590.0,0.06885
591.0,0.07247
592.0,0.07109
593.0,0.0717
594.0,0.07074
595.0,0.06856
596.0,0.0709
597.0,0.06971
598.0,0.0691
599.0,0.06873
600.0,0.06844
601.0,0.06749
602.0,0.06664
603.0,0.06732
604.0,0.06802
605.0,0.06727
606.0,0.06662
607.0,0.0669
608.0,0.06576
609.0,0.06547
610.0,0.06463
611.0,0.06461
612.0,0.06405
613.0,0.06287
614.0,0.06165
615.0,0.06263
616.0,0.06023
617.0,0.05978
618.0,0.06174
619.0,0.06078
620.0,0.06082
621.0,0.06054
622.0,0.05948
623.0,0.05822
624.0,0.05689
625.0,0.05647
626.0,0.05702
627.0,0.05733
628.0,0.05309
629.0,0.05527
630.0,0.05368
631.0,0.05461
632.0,0.05367
633.0,0.05505
634.0,0.05425
635.0,0.05478
636.0,0.05375
637.0,0.05434
638.0,0.05458
639.0,0.05367
640.0,0.05285
641.0,0.05252
642.0,0.05202
643.0,0.05247
644.0,0.05204
645.0,0.05182
646.0,0.05031
647.0,0.04942
648.0,0.04916
649.0,0.04795
650.0,0.04797
651.0,0.04978
652.0,0.04737
653.0,0.04859
654.0,0.04781
655.0,0.04573
656.0,0.04033
657.0,0.04122
658.0,0.04599
659.0,0.04609
660.0,0.04603
661.0,0.0461
662.0,0.04596
663.0,0.04485
664.0,0.04515
665.0,0.04495
666.0,0.04475
667.0,0.04448
668.0,0.04428
669.0,0.04473
670.0,0.0443
671.0,0.04407
672.0,0.04351
673.0,0.04398
674.0,0.04358
675.0,0.04295
676.0,0.04303
677.0,0.04241
678.0,0.04234
679.0,0.04145
680.0,0.04158
681.0,0.0411
682.0,0.04084
683.0,0.04055
684.0,0.04013
685.0,0.04026
686.0,0.03982
687.0,0.02584
688.0,0.03036
689.0,0.03032
690.0,0.0317
691.0,0.0333
692.0,0.03443
693.0,0.03395
694.0,0.03344
695.0,0.03471
696.0,0.03456
697.0,0.0367
698.0,0.03595
699.0,0.03482
700.0,0.03422
701.0,0.03372
702.0,0.03382
703.0,0.03371
704.0,0.03465
705.0,0.03452
706.0,0.03435
707.0,0.03422
708.0,0.03412
709.0,0.03401
710.0,0.03383
711.0,0.03368
712.0,0.03347
713.0,0.03296
714.0,0.03289
715.0,0.03166
716.0,0.03153
717.0,0.02695
718.0,0.02444
719.0,0.02209
720.0,0.02315
721.0,0.02564
722.0,0.02957
723.0,0.02717
724.0,0.02414
725.0,0.02364
726.0,0.02477
727.0,0.02494
728.0,0.02327
729.0,0.0241
730.0,0.02551
731.0,0.02419
732.0,0.02589
733.0,0.0274
734.0,0.02793
735.0,0.02721
736.0,0.02706
737.0,0.02703
738.0,0.02737
739.0,0.02669
740.0,0.02727
741.0,0.02687
742.0,0.02677
743.0,0.02731
744.0,0.02709
745.0,0.02697
746.0,0.02697
747.0,0.0269
748.0,0.0267
749.0,0.02626
750.0,0.02612
751.0,0.02574
752.0,0.02573
753.0,0.02572
754.0,0.02565
755.0,0.02538
756.0,0.02526
757.0,0.02518
758.0,0.02475
759.0,0.0241
760.0,0.00367
761.0,0.001877
762.0,0.01171
763.0,0.005619
764.0,0.008568
765.0,0.01153
766.0,0.01428
767.0,0.01815
768.0,0.02103
769.0,0.02141
770.0,0.02209
771.0,0.02219
772.0,0.02213
773.0,0.02217
774.0,0.02195
775.0,0.02169
776.0,0.02186
777.0,0.02147
778.0,0.02123
779.0,0.02113
780.0,0.02092
781.0,0.02084
782.0,0.02087
783.0,0.02042
784.0,0.02042
785.0,0.02017
786.0,0.0203
787.0,0.01984
788.0,0.01949
789.0,0.01938
790.0,0.01874
791.0,0.01884
792.0,0.01861
793.0,0.01822
794.0,0.01848
795.0,0.0187
796.0,0.01799
797.0,0.01794
798.0,0.01843
799.0,0.01822
800.0,0.0178
801.0,0.01765
802.0,0.01752
803.0,0.01731
804.0,0.01725
805.0,0.01713
806.0,0.01755
807.0,0.01725
808.0,0.01719
809.0,0.01678
810.0,0.01655
811.0,0.0165
812.0,0.01591
813.0,0.01547
814.0,0.01339
815.0,0.01324
816.0,0.01213
817.0,0.01233
818.0,0.0118
819.0,0.0133
820.0,0.0124
821.0,0.01468
822.0,0.01415
823.0,0.009169
824.0,0.01357
825.0,0.01412
826.0,0.01346
827.0,0.01423
828.0,0.01181
829.0,0.01321
830.0,0.01296
831.0,0.01296
832.0,0.01246
833.0,0.01336
834.0,0.01278
835.0,0.01409
836.0,0.01337
837.0,0.01401
838.0,0.0135
839.0,0.01368
840.0,0.01392
841.0,0.01365
842.0,0.01364
843.0,0.01358
844.0,0.01333
845.0,0.01373
846.0,0.01361
847.0,0.0133
848.0,0.01316
849.0,0.01272
850.0,0.01214
851.0,0.01279
852.0,0.01264
853.0,0.01212
854.0,0.01041
855.0,0.0114
856.0,0.0124
857.0,0.01263
858.0,0.01249
859.0,0.01245
860.0,0.01241
861.0,0.01229
862.0,0.01244
863.0,0.01268
864.0,0.012
865.0,0.01184
866.0,0.0106
867.0,0.01102
868.0,0.01194
869.0,0.01164
870.0,0.01193
871.0,0.01172
872.0,0.01163
873.0,0.01155
874.0,0.01136
875.0,0.01108
876.0,0.01115
877.0,0.01122
878.0,0.01129
879.0,0.01107
880.0,0.01079
881.0,0.01058
882.0,0.01077
883.0,0.01076
884.0,0.01066
885.0,0.01069
886.0,0.01014
887.0,0.01022
888.0,0.01032
889.0,0.0104
890.0,0.01026
891.0,0.0102
892.0,0.009859
893.0,0.009482
894.0,0.009068
895.0,0.00848
896.0,0.007862
897.0,0.006604
898.0,0.00726
899.0,0.005295
900.0,0.007415
901.0,0.005603
902.0,0.006661
903.0,0.006689
904.0,0.008635
905.0,0.008265
906.0,0.007656
907.0,0.006019
908.0,0.006147
909.0,0.006723
910.0,0.005818
911.0,0.006226
912.0,0.006524
913.0,0.005836
914.0,0.005757
915.0,0.006308
916.0,0.005175
917.0,0.006793
918.0,0.005298
919.0,0.006859
920.0,0.006903
921.0,0.007235
922.0,0.00635
923.0,0.00693
924.0,0.006482
925.0,0.006289
926.0,0.006362
927.0,0.007174
928.0,0.005035
929.0,0.004536
930.0,0.003433
931.0,0.003207
932.0,0.002211
933.0,0.001746
934.0,0.0008987
935.0,0.001772
936.0,0.001048
937.0,0.00106
938.0,0.00133
939.0,0.003003
940.0,0.003698
941.0,0.002692
942.0,0.003153
943.0,0.001946
944.0,0.002049
945.0,0.002728
946.0,0.001269
947.0,0.002722
948.0,0.001903
949.0,0.003773
950.0,0.0008899
951.0,0.003679
952.0,0.001807
953.0,0.002404
954.0,0.003031
955.0,0.002434
956.0,0.002319
957.0,0.001783
958.0,0.003416
959.0,0.002622
960.0,0.002989
961.0,0.003387
962.0,0.003168
963.0,0.003716
964.0,0.003345
965.0,0.003672
966.0,0.003666
967.0,0.003629
968.0,0.005054
969.0,0.005308
970.0,0.004788
971.0,0.005575
972.0,0.005269
973.0,0.004487
974.0,0.004214
975.0,0.004366
976.0,0.004109
977.0,0.004747
978.0,0.004461
979.0,0.004692
980.0,0.004344
981.0,0.005333
982.0,0.005048
983.0,0.004803
984.0,0.005465
985.0,0.004976
986.0,0.005536
987.0,0.005394
988.0,0.005361
989.0,0.005466
990.0,0.005293
991.0,0.005436
992.0,0.005448
993.0,0.005293
994.0,0.005409
995.0,0.005384
996.0,0.005336
997.0,0.005324
998.0,0.005279
999.0,0.005241
1000.0,0.005181
1001.0,0.005231
1002.0,0.005051
1003.0,0.005098
1004.0,0.004949
1005.0,0.004755
1006.0,0.004918
1007.0,0.005004
1008.0,0.004956
1009.0,0.004908
1010.0,0.004867
1011.0,0.004906
1012.0,0.00484
1013.0,0.004858
1014.0,0.004807
1015.0,0.004757
1016.0,0.004716
1017.0,0.004709
1018.0,0.004675
1019.0,0.004551
1020.0,0.004613
1021.0,0.00459
1022.0,0.004534
1023.0,0.004565
1024.0,0.004484
1025.0,0.004531
1026.0,0.004493
1027.0,0.004465
1028.0,0.00444
1029.0,0.004371
1030.0,0.004387
1031.0,0.004351
1032.0,0.004323
1033.0,0.004241
1034.0,0.004225
1035.0,0.004222
1036.0,0.004227
1037.0,0.004142
1038.0,0.004146
1039.0,0.004129
1040.0,0.004097
1041.0,0.004097
1042.0,0.004053
1043.0,0.004025
1044.0,0.004025
1045.0,0.003955
1046.0,0.003896
1047.0,0.003916
1048.0,0.003924
1049.0,0.003896
1050.0,0.003863
1051.0,0.003843
1052.0,0.003812
1053.0,0.003768
1054.0,0.003763
1055.0,0.00375
1056.0,0.003722
1057.0,0.003696
1058.0,0.003592
1059.0,0.003583
1060.0,0.003564
1061.0,0.003546
1062.0,0.00355
1063.0,0.003503
1064.0,0.003532
1065.0,0.003492
1066.0,0.003412
1067.0,0.003443
1068.0,0.003353
1069.0,0.003239
1070.0,0.003334
1071.0,0.003378
1072.0,0.003324
1073.0,0.003266
1074.0,0.003344
1075.0,0.003151
1076.0,0.003316
1077.0,0.003235
1078.0,0.003161
1079.0,0.003229
1080.0,0.003146
1081.0,0.003034
1082.0,0.003083
1083.0,0.003083
1084.0,0.002986
1085.0,0.003103
1086.0,0.002785
1087.0,0.002896
1088.0,0.003021
1089.0,0.002905
1090.0,0.002814
1091.0,0.002973
1092.0,0.002958
1093.0,0.002449
1094.0,0.002684
1095.0,0.00255
1096.0,0.002417
1097.0,0.002842
1098.0,0.002361
1099.0,0.002461
1100.0,0.002251
1101.0,0.00228
1102.0,0.00216
1103.0,0.002122
1104.0,0.00212
1105.0,0.002348
1106.0,0.001721
1107.0,0.002199
1108.0,0.001811
1109.0,0.001807
1110.0,0.002154
1111.0,0.001371
1112.0,0.001775
1113.0,0.001052
1114.0,0.001191
1115.0,0.0009549
1116.0,0.000739
1117.0,0.0002398
1118.0,0.0008072
1119.0,0.0003651
1120.0,0.0004726
1121.0,0.0006486
1122.0,0.000244
1123.0,0.0004159
1124.0,0.0003423
1125.0,0.0004624
1126.0,0.0001423
1127.0,0.0005254
1128.0,0.0002946
1129.0,0.000314
1130.0,0.0001964
1131.0,0.00108
1132.0,0.0008121
1133.0,0.0004836
1134.0,0.0001055
1135.0,3.643e-05
1136.0,0.0003895
1137.0,0.00104
1138.0,0.0006909
1139.0,0.001085
1140.0,0.0008821
1141.0,0.0006448
1142.0,0.0007533
1143.0,0.001126
1144.0,0.0003378
1145.0,0.0004452
1146.0,0.0004835
1147.0,0.0001499
1148.0,0.0009344
1149.0,0.0007197
1150.0,0.0003592
1151.0,0.0006549
1152.0,0.0008284
1153.0,0.0007972
1154.0,0.0004176
1155.0,0.001082
1156.0,0.000956
1157.0,0.001087
1158.0,0.00107
1159.0,0.001167
1160.0,0.0009705
1161.0,0.001232
1162.0,0.00123
1163.0,0.001732
1164.0,0.001448
1165.0,0.001352
1166.0,0.001333
1167.0,0.001465
1168.0,0.001481
1169.0,0.001521
1170.0,0.001662
1171.0,0.001606
1172.0,0.001632
1173.0,0.00164
1174.0,0.001113
1175.0,0.001591
1176.0,0.00176
1177.0,0.001676
1178.0,0.001203
1179.0,0.001757
1180.0,0.001537
1181.0,0.001591
1182.0,0.001037
1183.0,0.001562
1184.0,0.001438
1185.0,0.001375
1186.0,0.001665
1187.0,0.00157
1188.0,0.001043
1189.0,0.001445
1190.0,0.001601
1191.0,0.001506
1192.0,0.001616
1193.0,0.001534
1194.0,0.001584
1195.0,0.001487
1196.0,0.001421
1197.0,0.00158
1198.0,0.001424
1199.0,0.001186
1200.0,0.001487
1201.0,0.001423
1202.0,0.001408
1203.0,0.001403
1204.0,0.001193
1205.0,0.001434
1206.0,0.001604
1207.0,0.001389
1208.0,0.001369
1209.0,0.001392
1210.0,0.001453
1211.0,0.001371
1212.0,0.00135
1213.0,0.001517
1214.0,0.001377
1215.0,0.001343
1216.0,0.001497
1217.0,0.001448
1218.0,0.001475
1219.0,0.001451
1220.0,0.001467
1221.0,0.001479
1222.0,0.001431
1223.0,0.001413
1224.0,0.001399
1225.0,0.001451
1226.0,0.001458
1227.0,0.001331
1228.0,0.001457
1229.0,0.001444
1230.0,0.001413
1231.0,0.001453
1232.0,0.00144
1233.0,0.001381
1234.0,0.001439
1235.0,0.001424
1236.0,0.001431
1237.0,0.001405
1238.0,0.001417
1239.0,0.001394
1240.0,0.001395
1241.0,0.001383
1242.0,0.001376
1243.0,0.00136
1244.0,0.001365
1245.0,0.001366
1246.0,0.001354
1247.0,0.001344
1248.0,0.001338
1249.0,0.001339
1250.0,0.001326
1251.0,0.001304
1252.0,0.001301
1253.0,0.001285
1254.0,0.001266
1255.0,0.001287
1256.0,0.001244
1257.0,0.001232
1258.0,0.001254
1259.0,0.0012
1260.0,0.001203
1261.0,0.001127
1262.0,0.001087
1263.0,0.001086
1264.0,0.0009924
1265.0,0.001073
1266.0,0.001025
1267.0,0.001043
1268.0,0.0009815
1269.0,0.00058
1270.0,0.00103
1271.0,0.001094
1272.0,0.001094
1273.0,0.001079
1274.0,0.00108
1275.0,0.001093
1276.0,0.001101
1277.0,0.001105
1278.0,0.001126
1279.0,0.001112
1280.0,0.001094
1281.0,0.001042
1282.0,0.001002
1283.0,0.001076
1284.0,0.001098
1285.0,0.001102
1286.0,0.001114
1287.0,0.001092
1288.0,0.001088
1289.0,0.001047
1290.0,0.001072
1291.0,0.001084
1292.0,0.001008
1293.0,0.001054
1294.0,0.001042
1295.0,0.001034
1296.0,0.000979
1297.0,0.0009178
1298.0,0.0009933
1299.0,0.001036
1300.0,0.0008568
1301.0,0.0008846
1302.0,0.000979
1303.0,0.0008375
1304.0,0.0006993
1305.0,0.0009467
1306.0,0.0009446
1307.0,0.0007074
1308.0,0.000824
1309.0,0.0009288
1310.0,0.0006862
1311.0,0.0007795
1312.0,0.0007573
1313.0,0.0007375
1314.0,0.0006461
1315.0,0.0006398
1316.0,0.0007565
1317.0,0.0007073
1318.0,0.0007759
1319.0,0.0005856
1320.0,0.0005606
1321.0,0.0006672
1322.0,0.0006741
1323.0,0.0004868
1324.0,0.0005638
1325.0,0.0007236
1326.0,0.000607
1327.0,0.0005732
1328.0,0.0004823
1329.0,0.0003493
1330.0,0.0004709
1331.0,0.0002655
1332.0,0.0002734
1333.0,0.0003988
1334.0,0.0003247
1335.0,0.0004681
1336.0,0.0003569
1337.0,0.0003099
1338.0,0.0003387
1339.0,0.000336
1340.0,0.0003222
1341.0,0.0003155
1342.0,0.0003329
1343.0,0.0002165
1344.0,0.0001197
1345.0,0.0001808
1346.0,8.397e-05
1347.0,8.566e-05
1348.0,4.586e-06
1349.0,1.778e-05
1350.0,1.827e-05
1351.0,4.159e-06
1352.0,1.078e-06
1353.0,5.162e-08
1354.0,1.8e-07
1355.0,1.397e-09
1356.0,2.479e-08
1357.0,3.785e-08
1358.0,1.641e-09
1359.0,2.059e-10
1360.0,7.457e-10
1361.0,8.286e-13
1362.0,2.265e-15
1363.0,1.005e-09
1364.0,4.136e-10
1365.0,7.908e-16
1366.0,4.389e-09
1367.0,1.779e-09
1368.0,6.106e-18
1369.0,1.52e-10
1370.0,7.483e-11
1371.0,4.231e-12
1372.0,9.623e-10
1373.0,1.97e-08
1374.0,9.286e-08
1375.0,1.707e-07
1376.0,1.514e-07
1377.0,6.835e-08
1378.0,7.031e-07
1379.0,2.826e-08
1380.0,4.092e-08
1381.0,1.042e-09
1382.0,8.433e-10
1383.0,1.252e-11
1384.0,1.648e-10
1385.0,7.89e-10
1386.0,7.439e-10
1387.0,9.337e-08
1388.0,1.767e-09
1389.0,3.211e-07
1390.0,2.743e-07
1391.0,1.81e-07
1392.0,1.131e-08
1393.0,6.081e-08
1394.0,3.138e-08
1395.0,2.238e-10
1396.0,1.078e-12
1397.0,2.373e-08
1398.0,7.484e-07
1399.0,4.657e-07
1400.0,4.61e-13
1401.0,1.913e-12
1402.0,1.308e-06
1403.0,1.662e-06
1404.0,4.846e-07
1405.0,1.059e-10
1406.0,1.304e-06
1407.0,1.074e-07
1408.0,1.05e-06
1409.0,3.412e-07
1410.0,2.702e-07
1411.0,1.419e-06
1412.0,1.924e-06
1413.0,2.259e-05
1414.0,2.096e-07
1415.0,9.906e-08
1416.0,3.806e-05
1417.0,1.042e-05
1418.0,1.193e-05
1419.0,1.667e-06
1420.0,7.009e-06
1421.0,7.618e-06
1422.0,5.02e-05
1423.0,8.451e-06
1424.0,1.65e-05
1425.0,2.502e-05
1426.0,2.865e-05
1427.0,5.569e-05
1428.0,3.385e-06
1429.0,4.021e-05
1430.0,7.225e-05
1431.0,7.995e-05
1432.0,2.599e-06
1433.0,4.803e-05
1434.0,2.284e-05
1435.0,2.259e-05
1436.0,4.658e-05
1437.0,3.464e-05
1438.0,1.349e-05
1439.0,6.509e-05
1440.0,4.729e-05
1441.0,3.472e-05
1442.0,3.883e-05
1443.0,4.992e-05
1444.0,7.179e-05
1445.0,5.416e-05
1446.0,2.236e-05
1447.0,3.677e-05
1448.0,0.0001451
1449.0,0.0001232
1450.0,2.632e-05
1451.0,9.751e-06
1452.0,6.873e-05
1453.0,9.323e-05
1454.0,0.0001735
1455.0,7.336e-05
1456.0,0.0001019
1457.0,0.0001425
1458.0,0.000172
1459.0,0.0002082
1460.0,9.83e-05
1461.0,0.0001026
1462.0,0.0001593
1463.0,4.414e-05
1464.0,0.0001931
1465.0,0.0001079
1466.0,6.986e-05
1467.0,3.385e-05
1468.0,8.4e-05
1469.0,0.0001064
1470.0,4.815e-05
1471.0,1.565e-05
1472.0,4.562e-05
1473.0,7.345e-05
1474.0,0.0001125
1475.0,0.000234
1476.0,7.258e-05
1477.0,7.296e-05
1478.0,6.689e-05
1479.0,0.0001404
1480.0,6.135e-05
1481.0,0.0001326
1482.0,5.95e-05
1483.0,0.0001788
1484.0,0.0001643
1485.0,0.0001435
1486.0,0.0001408
1487.0,5.819e-05
1488.0,0.0001101
1489.0,0.000237
1490.0,0.0002151
1491.0,0.0002479
1492.0,0.0001987
1493.0,0.0002216
1494.0,0.0002534
1495.0,0.0002209
1496.0,0.0002047
1497.0,0.0002928
1498.0,0.0002315
1499.0,0.0002766
1500.0,0.0003232
1501.0,0.0003424
1502.0,0.0002824
1503.0,0.0002349
1504.0,0.0001826
1505.0,0.0002249
1506.0,0.0003383
1507.0,0.0003229
1508.0,0.0003051
1509.0,0.0002244
1510.0,0.0003484
1511.0,0.0003353
1512.0,0.0003312
1513.0,0.0003008
1514.0,0.0002781
1515.0,0.0003385
1516.0,0.0003217
1517.0,0.0003133
1518.0,0.0003112
1519.0,0.0003033
1520.0,0.0003283
1521.0,0.0003509
1522.0,0.0003319
1523.0,0.0003544
1524.0,0.0003429
1525.0,0.0003257
1526.0,0.0003302
1527.0,0.0003261
1528.0,0.0003483
1529.0,0.0003297
1530.0,0.0003229
1531.0,0.0003311
1532.0,0.0003441
1533.0,0.0003434
1534.0,0.0003365
1535.0,0.0003338
1536.0,0.0003395
1537.0,0.0003311
1538.0,0.0003339
1539.0,0.0003274
1540.0,0.0003277
1541.0,0.0003292
1542.0,0.0003248
1543.0,0.0003299
1544.0,0.0003251
1545.0,0.0003307
1546.0,0.0003248
1547.0,0.0003195
1548.0,0.0003188
1549.0,0.0003209
1550.0,0.0003179
1551.0,0.0003195
1552.0,0.0003162
1553.0,0.0003135
1554.0,0.00031
1555.0,0.0003101
1556.0,0.0003091
1557.0,0.000312
1558.0,0.0003095
1559.0,0.0003069
1560.0,0.0003083
1561.0,0.0003098
1562.0,0.0003052
1563.0,0.0003021
1564.0,0.0003028
1565.0,0.0003026
1566.0,0.000298
1567.0,0.0002979
1568.0,0.0002942
1569.0,0.0002954
1570.0,0.0002975
1571.0,0.0002993
1572.0,0.0002968
1573.0,0.0002942
1574.0,0.0002831
1575.0,0.0002791
1576.0,0.0002742
1577.0,0.0002665
1578.0,0.0002793
1579.0,0.0002812
1580.0,0.0002831
1581.0,0.0002783
1582.0,0.000272
1583.0,0.0002727
1584.0,0.000277
1585.0,0.0002794
1586.0,0.0002755
1587.0,0.0002704
1588.0,0.0002621
1589.0,0.0002534
1590.0,0.0002586
1591.0,0.0002644
1592.0,0.0002716
1593.0,0.0002752
1594.0,0.000274
1595.0,0.0002698
1596.0,0.0002613
1597.0,0.0002674
1598.0,0.0002704
1599.0,0.0002668
1600.0,0.0002644
1601.0,0.0002601
1602.0,0.0002603
1603.0,0.0002622
1604.0,0.0002595
1605.0,0.0002588
1606.0,0.0002552
1607.0,0.0002568
1608.0,0.000256
1609.0,0.0002486
1610.0,0.0002429
1611.0,0.0002466
1612.0,0.0002489
1613.0,0.0002487
1614.0,0.0002481
1615.0,0.000242
1616.0,0.0002378
1617.0,0.0002419
1618.0,0.0002455
1619.0,0.0002403
1620.0,0.0002346
1621.0,0.0002368
1622.0,0.0002399
1623.0,0.0002428
1624.0,0.0002394
1625.0,0.0002378
1626.0,0.0002378
1627.0,0.0002391
1628.0,0.0002378
1629.0,0.0002352
1630.0,0.0002332
1631.0,0.0002313
1632.0,0.0002302
1633.0,0.0002227
1634.0,0.0002272
1635.0,0.0002235
1636.0,0.0002211
1637.0,0.0002182
1638.0,0.0002048
1639.0,0.0002124
1640.0,0.0002027
1641.0,0.0002098
1642.0,0.0002135
1643.0,0.0002009
1644.0,0.0002124
1645.0,0.0002058
1646.0,0.0002003
1647.0,0.0002142
1648.0,0.0001987
1649.0,0.000208
1650.0,0.000209
1651.0,0.0001931
1652.0,0.000206
1653.0,0.0002073
1654.0,0.0001956
1655.0,0.0002063
1656.0,0.0002024
1657.0,0.0002034
1658.0,0.0002055
1659.0,0.0002034
1660.0,0.0002047
1661.0,0.0002031
1662.0,0.0001968
1663.0,0.000201
1664.0,0.0001987
1665.0,0.0001869
1666.0,0.0001513
1667.0,0.0001841
1668.0,0.0001907
1669.0,0.0001914
1670.0,0.0001944
1671.0,0.0001882
1672.0,0.0001855
1673.0,0.0001894
1674.0,0.0001847
1675.0,0.0001814
1676.0,0.0001822
1677.0,0.0001815
1678.0,0.0001757
1679.0,0.0001791
1680.0,0.0001714
1681.0,0.0001657
1682.0,0.0001746
1683.0,0.0001779
1684.0,0.0001639
1685.0,0.000179
1686.0,0.0001781
1687.0,0.0001707
1688.0,0.0001761
1689.0,0.0001737
1690.0,0.0001727
1691.0,0.0001564
1692.0,0.0001711
1693.0,0.0001757
1694.0,0.0001684
1695.0,0.0001729
1696.0,0.0001724
1697.0,0.0001434
1698.0,0.00017
1699.0,0.0001672
1700.0,0.0001622
1702.0,0.0001645
1705.0,0.0001581
1710.0,0.0001477
1715.0,0.0001462
1720.0,0.000143
1725.0,0.0001315
1730.0,0.0001285
1735.0,0.0001183
1740.0,0.0001188
1745.0,0.0001094
1750.0,0.0001169
1755.0,0.0001054
1760.0,0.0001097
1765.0,8.671e-05
1770.0,9.289e-05
1775.0,7.186e-05
1780.0,5.986e-05
1785.0,4.308e-05
1790.0,5.049e-05
1795.0,2.295e-05
1800.0,1.498e-05
1805.0,5.652e-06
1810.0,3.529e-06
1815.0,9.769e-07
1820.0,2.324e-07
1825.0,3.063e-07
1830.0,6.845e-10
1835.0,1.035e-09
1840.0,5.986e-12
1845.0,6.497e-10
1850.0,2.919e-10
1855.0,2.766e-11
1860.0,1.603e-09
1865.0,2.245e-09
1870.0,1.205e-14
1875.0,2.176e-14
1880.0,1.197e-08
1885.0,6.333e-09
1890.0,3.565e-08
1895.0,2.04e-08
1900.0,8.44e-11
1905.0,5.743e-11
1910.0,2.824e-09
1915.0,2.74e-09
1920.0,7.505e-08
1925.0,1.787e-07
1930.0,1.018e-07
1935.0,8.233e-07
1940.0,8.085e-07
1945.0,3.597e-06
1950.0,7.306e-06
1955.0,6.528e-06
1960.0,1.195e-05
1965.0,1.8e-05
1970.0,2.607e-05
1975.0,2.98e-05
1980.0,2.98e-05
1985.0,3.213e-05
1990.0,3.309e-05
1995.0,3.488e-05
2000.0,3.659e-05
2005.0,3.012e-05
2010.0,4.404e-05
2015.0,3.37e-05
2020.0,3.595e-05
2025.0,3.894e-05
2030.0,3.521e-05
2035.0,3.819e-05
2040.0,3.591e-05
2045.0,3.676e-05
2050.0,3.696e-05
2055.0,3.502e-05
2060.0,3.349e-05
2065.0,3.379e-05
2070.0,3.304e-05
2075.0,3.35e-05
2080.0,3.23e-05
2085.0,3.182e-05
2090.0,3.189e-05
2095.0,3.062e-05
2100.0,2.821e-05
2105.0,3.036e-05
2110.0,2.881e-05
2115.0,2.93e-05
2120.0,2.722e-05
2125.0,2.742e-05
2130.0,2.754e-05
2135.0,2.753e-05
2140.0,2.752e-05
2145.0,2.698e-05
2150.0,2.5e-05
2155.0,2.479e-05
2160.0,2.43e-05
2165.0,2.19e-05
2170.0,2.318e-05
2175.0,2.24e-05
2180.0,2.283e-05
2185.0,2.012e-05
2190.0,2.163e-05
2195.0,2.124e-05
2200.0,1.842e-05
2205.0,1.928e-05
2210.0,2.083e-05
2215.0,1.967e-05
2220.0,1.995e-05
2225.0,1.913e-05
2230.0,1.905e-05
2235.0,1.836e-05
2240.0,1.797e-05
2245.0,1.704e-05
2250.0,1.721e-05
2255.0,1.581e-05
2260.0,1.536e-05
2265.0,1.561e-05
2270.0,1.448e-05
2275.0,1.411e-05
2280.0,1.471e-05
2285.0,1.359e-05
2290.0,1.348e-05
2295.0,1.299e-05
2300.0,1.216e-05
2305.0,1.216e-05
2310.0,1.334e-05
2315.0,1.174e-05
2320.0,1.009e-05
2325.0,1.129e-05
2330.0,1.12e-05
2335.0,1.141e-05
2340.0,8.532e-06
2345.0,9.688e-06
2350.0,7.423e-06
2355.0,8.732e-06
2360.0,9.249e-06
2365.0,9.028e-06
2370.0,4.979e-06
2375.0,7.76e-06
2380.0,7.32e-06
2385.0,5.018e-06
2390.0,6.031e-06
2395.0,6.676e-06
2400.0,7.326e-06
2405.0,5.322e-06
2410.0,5.295e-06
2415.0,4.117e-06
2420.0,3.929e-06
2425.0,5.021e-06
2430.0,7.047e-06
2435.0,1.956e-06
2440.0,6.69e-06
2445.0,2.806e-06
2450.0,1.706e-06
2455.0,3.402e-06
2460.0,4.69e-06
2465.0,3.179e-06
2470.0,2.042e-06
2475.0,1.975e-06
2480.0,8.775e-07
2485.0,5.616e-07
2490.0,3.163e-07
2495.0,2.714e-07
2500.0,7.038e-07
2505.0,1.327e-07
2510.0,1.984e-07
2515.0,4.025e-08
2520.0,2.277e-08
2525.0,2.494e-09
2530.0,1.71e-11
2535.0,3.773e-12
2540.0,8.964e-12
2545.0,6.915e-16
2550.0,2.803e-18
2555.0,1.346e-14
2560.0,4.038e-16
2565.0,9.038e-20
2570.0,2.691e-24
2575.0,1.702e-34
2580.0,1.7750000000000002e-28
2585.0,3.711e-42
2590.0,2.315e-38
2595.0,4.504e-40
2600.0,3.708e-35
2605.0,4.097e-42
2610.0,1.411e-41
2615.0,1.4009999999999999e-45
2620.0,1.243e-35
2625.0,2.276e-35
2630.0,0.0
2635.0,1.185e-21
2640.0,2.5659999999999997e-22
2645.0,1.118e-24
2650.0,1.114e-25
2655.0,1.34e-34
2660.0,1.128e-31
2665.0,1.121e-44
2670.0,0.0
2675.0,5.464999999999999e-44
2680.0,2.2870000000000002e-30
2685.0,2.185e-31
2690.0,8.175e-31
2695.0,3.2069999999999995e-33
2700.0,9.339999999999999e-29
2705.0,2.649e-26
2710.0,2.109e-31
2715.0,2.664e-29
2720.0,0.0
2725.0,5.964e-27
2730.0,1.739e-24
2735.0,1.983e-26
2740.0,3.582e-32
2745.0,4.618e-27
2750.0,2.5880000000000004e-26
2755.0,4.164e-28
2760.0,6.238999999999999e-23
2765.0,2.928e-29
2770.0,1.439e-26
2775.0,1.776e-23
2780.0,8.269e-21
2785.0,3.105e-20
2790.0,7.081e-18
2795.0,1.558e-18
2800.0,4.973e-15
2805.0,9.297e-17
2810.0,3.728e-13
2815.0,1.112e-13
2820.0,1.359e-15
2825.0,1.194e-11
2830.0,2.598e-10
2835.0,3.57e-15
2840.0,7.643e-12
2845.0,2.654e-09
2850.0,4.579e-11
2855.0,1.829e-11
2860.0,9.525e-10
2865.0,7.042e-09
2870.0,1.779e-10
2875.0,1.716e-08
2880.0,1.079e-08
2885.0,1.782e-08
2890.0,7.552e-09
2895.0,1.297e-07
2900.0,3.6e-08
2905.0,4.151e-09
2910.0,1.323e-07
2915.0,5.597e-08
2920.0,1.393e-07
2925.0,4.947e-08
2930.0,3.017e-07
2935.0,3.33e-07
2940.0,7.405e-08
2945.0,6.356e-08
2950.0,2.581e-07
2955.0,1.144e-07
2960.0,2.279e-07
2965.0,3.869e-07
2970.0,1.497e-08
2975.0,3.802e-08
2980.0,5.93e-08
2985.0,3.517e-07
2990.0,5.342e-07
2995.0,2.017e-07
3000.0,3.85e-07
3005.0,1.304e-07
3010.0,3.37e-07
3015.0,2.61e-07
3020.0,2.336e-08
3025.0,3.606e-07
3030.0,2.838e-07
3035.0,1.073e-07
3040.0,8.38e-08
3045.0,1.808e-07
3050.0,4.067e-08
3055.0,9.912e-09
3060.0,2.829e-07
3065.0,1.191e-07
3070.0,6.676e-08
3075.0,2.639e-07
3080.0,1.528e-07
3085.0,6.719e-08
3090.0,9.162e-08
3095.0,2.237e-08
3100.0,1.841e-07
3105.0,3.412e-08
3110.0,2.859e-08
3115.0,8.636e-08
3120.0,4.302e-07
3125.0,1.246e-07
3130.0,2.492e-07
3135.0,5.056e-07
3140.0,1.322e-07
3145.0,1.297e-07
3150.0,2.767e-07
3155.0,2.323e-07
3160.0,3.89e-07
3165.0,6.158e-07
3170.0,5.449e-07
3175.0,3.811e-07
3180.0,4.51e-07
3185.0,3.149e-07
3190.0,1.63e-07
3195.0,9.028e-08
3200.0,1.252e-08
3205.0,8.166e-09
3210.0,3.388e-09
3215.0,1.388e-08
3220.0,4.93e-08
3225.0,5.569e-09
3230.0,9.287e-09
3235.0,2.707e-07
3240.0,1.217e-07
3245.0,2.257e-08
3250.0,8.468e-08
3255.0,3.733e-07
3260.0,3.591e-08
3265.0,7.858e-08
3270.0,3.665e-08
3275.0,2.268e-07
3280.0,9.51e-08
3285.0,4.252e-07
3290.0,3.183e-07
3295.0,3.769e-08
3300.0,5.627e-08
3305.0,1.313e-07
3310.0,1.249e-07
3315.0,1.729e-10
3320.0,1.093e-09
3325.0,1.048e-07
3330.0,1.594e-07
3335.0,3.144e-07
3340.0,1.13e-07
3345.0,1.097e-07
3350.0,2.778e-07
3355.0,1.108e-07
3360.0,1.708e-07
3365.0,2.416e-07
3370.0,1.157e-07
3375.0,2.835e-07
3380.0,1.525e-07
3385.0,2.428e-07
3390.0,3.203e-07
3395.0,3.095e-07
3400.0,4.189e-07
3405.0,1.261e-07
3410.0,2.224e-07
3415.0,2.164e-07
3420.0,4.346e-07
3425.0,3.102e-07
3430.0,2.613e-07
3435.0,3.734e-07
3440.0,2.382e-07
3445.0,3.564e-07
3450.0,3.481e-07
3455.0,2.472e-07
3460.0,3.965e-07
3465.0,2.931e-07
3470.0,3.84e-07
3475.0,3.331e-07
3480.0,3.412e-07
3485.0,3.712e-07
3490.0,3.096e-07
3495.0,3.733e-07
3500.0,3.606e-07
3505.0,3.55e-07
3510.0,3.598e-07
3515.0,3.436e-07
3520.0,3.67e-07
3525.0,3.415e-07
3530.0,3.312e-07
3535.0,2.704e-07
3540.0,2.559e-07
3545.0,2.716e-07
3550.0,3.068e-07
3555.0,2.566e-07
3560.0,3.141e-07
3565.0,3.135e-07
3570.0,2.346e-07
3575.0,2.428e-07
3580.0,2.932e-07
3585.0,2.552e-07
3590.0,2.665e-07
3595.0,2.721e-07
3600.0,2.913e-07
3605.0,2.907e-07
3610.0,2.627e-07
3615.0,2.625e-07
3620.0,3.287e-07
3625.0,2.803e-07
3630.0,2.72e-07
3635.0,2.804e-07
3640.0,3.169e-07
3645.0,2.846e-07
3650.0,2.697e-07
3655.0,2.952e-07
3660.0,2.921e-07
3665.0,2.686e-07
3670.0,2.001e-07
3675.0,1.12e-07
3680.0,2.08e-07
3685.0,2.403e-07
3690.0,2.48e-07
3695.0,2.59e-07
3700.0,2.81e-07
3705.0,2.758e-07
3710.0,2.343e-07
3715.0,2.299e-07
3720.0,2.636e-07
3725.0,2.709e-07
3730.0,2.293e-07
3735.0,2.068e-07
3740.0,2.127e-07
3745.0,2.527e-07
3750.0,2.259e-07
3755.0,2.171e-07
3760.0,2.13e-07
3765.0,2.038e-07
3770.0,2.197e-07
3775.0,2.161e-07
3780.0,2.302e-07
3785.0,2.075e-07
3790.0,1.794e-07
3795.0,2.084e-07
3800.0,2.366e-07
3805.0,2.197e-07
3810.0,1.906e-07
3815.0,1.763e-07
3820.0,2.271e-07
3825.0,2.21e-07
3830.0,2.24e-07
3835.0,1.716e-07
3840.0,2.06e-07
3845.0,1.994e-07
3850.0,2.003e-07
3855.0,1.899e-07
3860.0,1.749e-07
3865.0,1.759e-07
3870.0,1.563e-07
3875.0,1.398e-07
3880.0,1.338e-07
3885.0,1.388e-07
3890.0,1.406e-07
3895.0,1.56e-07
3900.0,1.669e-07
3905.0,1.658e-07
3910.0,1.452e-07
3915.0,1.406e-07
3920.0,1.399e-07
3925.0,1.366e-07
3930.0,1.415e-07
3935.0,1.48e-07
3940.0,1.496e-07
3945.0,1.521e-07
3950.0,1.544e-07
3955.0,1.557e-07
3960.0,1.568e-07
3965.0,1.576e-07
3970.0,1.551e-07
3975.0,1.499e-07
3980.0,1.47e-07
3985.0,1.47e-07
3990.0,1.443e-07
3995.0,1.402e-07
4000.0,1.337e-07
