interpolation:linear
wavelength,value
280.0,1.0960000000000002e-20
280.5,3.28e-19
281.0,1.705e-18
281.5,4.488e-19
282.0,1.512e-18
282.5,4.055e-18
283.0,1.316e-17
283.5,2.155e-17
284.0,3.419e-16
284.5,9.734e-16
285.0,1.866e-15
285.5,1.001e-14
286.0,4.095e-14
286.5,1.855e-13
287.0,5.308e-13
287.5,2.019e-12
288.0,5.357e-12
288.5,1.944e-11
289.0,5.943e-11
289.5,2.01e-10
290.0,6.013e-10
290.5,1.294e-09
291.0,2.93e-09
291.5,8.941e-09
292.0,2.089e-08
292.5,3.27e-08
293.0,8.096e-08
293.5,2.424e-07
294.0,4.433e-07
294.5,5.345e-07
295.0,1.063e-06
295.5,2.805e-06
296.0,5.413e-06
296.5,7.594e-06
297.0,1.032e-05
297.5,2.803e-05
298.0,4.486e-05
298.5,4.579e-05
299.0,0.0001027
299.5,0.0001778
300.0,0.000201
300.5,0.0003007
301.0,0.0005805
301.5,0.0009936
302.0,0.0008852
302.5,0.001676
303.0,0.002891
303.5,0.00355
304.0,0.003292
304.5,0.004784
305.0,0.00701
305.5,0.007851
306.0,0.007515
306.5,0.009215
307.0,0.01329
307.5,0.01722
308.0,0.01805
308.5,0.02101
309.0,0.02122
309.5,0.02338
310.0,0.02305
310.5,0.03692
311.0,0.04563
311.5,0.04366
312.0,0.04249
312.5,0.05078
313.0,0.05446
313.5,0.053
314.0,0.06496
314.5,0.05628
315.0,0.07341
315.5,0.06167
316.0,0.05287
316.5,0.07477
317.0,0.09246
317.5,0.0961
318.0,0.07412
318.5,0.09051
319.0,0.1064
319.5,0.08714
320.0,0.105
320.5,0.1294
321.0,0.1137
321.5,0.1085
322.0,0.1162
322.5,0.1006
323.0,0.09919
323.5,0.1222
324.0,0.1419
324.5,0.1439
325.0,0.1226
325.5,0.1564
326.0,0.1925
326.5,0.1915
327.0,0.1902
327.5,0.1832
328.0,0.1631
328.5,0.1699
329.0,0.2021
329.5,0.2284
330.0,0.2295
330.5,0.1833
331.0,0.1861
331.5,0.1881
332.0,0.2021
332.5,0.199
333.0,0.1977
333.5,0.1783
334.0,0.1819
334.5,0.2089
335.0,0.1955
335.5,0.2323
336.0,0.1601
336.5,0.1827
337.0,0.1493
337.5,0.1849
338.0,0.1798
338.5,0.2103
339.0,0.2063
339.5,0.1984
340.0,0.2285
340.5,0.2051
341.0,0.202
341.5,0.1832
342.0,0.2177
342.5,0.2025
343.0,0.2227
343.5,0.2096
344.0,0.1527
344.5,0.1564
345.0,0.2039
345.5,0.2066
346.0,0.1745
346.5,0.1965
347.0,0.2108
347.5,0.17
348.0,0.1922
348.5,0.1909
349.0,0.1762
349.5,0.1738
350.0,0.2141
350.5,0.2249
351.0,0.2004
351.5,0.1951
352.0,0.2079
352.5,0.1611
353.0,0.2019
353.5,0.2148
354.0,0.2219
354.5,0.2242
355.0,0.2226
355.5,0.2002
356.0,0.2085
356.5,0.1773
357.0,0.1459
357.5,0.1778
358.0,0.1403
358.5,0.1194
359.0,0.1664
359.5,0.2113
360.0,0.223
360.5,0.1774
361.0,0.1611
361.5,0.1846
362.0,0.159
362.5,0.2191
363.0,0.196
363.5,0.1798
364.0,0.219
364.5,0.1864
365.0,0.1891
365.5,0.2364
366.0,0.2494
366.5,0.2333
367.0,0.2263
367.5,0.2339
368.0,0.2038
368.5,0.2049
369.0,0.2203
369.5,0.2339
370.0,0.2483
370.5,0.1919
371.0,0.2042
371.5,0.2544
372.0,0.1682
372.5,0.2008
373.0,0.2035
373.5,0.1318
374.0,0.1908
374.5,0.1574
375.0,0.1524
375.5,0.2265
376.0,0.187
376.5,0.193
377.0,0.2035
377.5,0.2371
378.0,0.256
378.5,0.2409
379.0,0.1979
379.5,0.18
380.0,0.1863
380.5,0.2247
381.0,0.2242
381.5,0.177
382.0,0.1565
382.5,0.1328
383.0,0.1224
383.5,0.1175
384.0,0.129
384.5,0.189
385.0,0.1867
385.5,0.1731
386.0,0.1477
386.5,0.1931
387.0,0.1598
387.5,0.1787
388.0,0.1643
388.5,0.1618
389.0,0.1739
389.5,0.2097
390.0,0.2096
390.5,0.1921
391.0,0.2251
391.5,0.2286
392.0,0.1918
392.5,0.171
393.0,0.09473
393.5,0.06858
394.0,0.139
394.5,0.176
395.0,0.2139
395.5,0.2164
396.0,0.1868
396.5,0.1088
397.0,0.08127
397.5,0.1646
398.0,0.2295
398.5,0.2363
399.0,0.2548
399.5,0.253
400.0,0.2616
401.0,0.2569
402.0,0.2687
403.0,0.2532
404.0,0.2472
405.0,0.2452
406.0,0.2392
407.0,0.2333
408.0,0.2404
409.0,0.2553
410.0,0.2213
411.0,0.2378
412.0,0.2534
413.0,0.2451
414.0,0.2461
415.0,0.2447
416.0,0.2469
417.0,0.2388
418.0,0.2324
419.0,0.2336
420.0,0.2306
421.0,0.2392
422.0,0.2254
423.0,0.2184
424.0,0.229
425.0,0.2267
426.0,0.219
427.0,0.2132
428.0,0.2061
429.0,0.1937
430.0,0.1681
431.0,0.1653
432.0,0.2116
433.0,0.211
434.0,0.1943
435.0,0.2013
436.0,0.2251
437.0,0.2204
438.0,0.1992
439.0,0.2044
440.0,0.2092
441.0,0.215
442.0,0.2286
443.0,0.2209
444.0,0.224
445.0,0.2174
446.0,0.2059
447.0,0.2208
448.0,0.2224
449.0,0.2214
450.0,0.2257
451.0,0.2322
452.0,0.2219
453.0,0.2071
454.0,0.2146
455.0,0.2142
456.0,0.2174
457.0,0.2192
458.0,0.21
459.0,0.2072
460.0,0.2061
461.0,0.2092
462.0,0.2092
463.0,0.2063
464.0,0.2015
465.0,0.1975
466.0,0.1979
467.0,0.1927
468.0,0.1933
469.0,0.1926
470.0,0.1851
471.0,0.1835
472.0,0.192
473.0,0.188
474.0,0.1868
475.0,0.1869
476.0,0.1798
477.0,0.1788
478.0,0.1822
479.0,0.1795
480.0,0.1784
481.0,0.1801
482.0,0.1796
483.0,0.1761
484.0,0.1712
485.0,0.1619
486.0,0.1405
487.0,0.1462
488.0,0.1591
489.0,0.1584
490.0,0.1654
491.0,0.1613
492.0,0.1511
493.0,0.1549
494.0,0.1553
495.0,0.1555
496.0,0.1552
497.0,0.1564
498.0,0.1479
499.0,0.1486
500.0,0.143
501.0,0.1392
502.0,0.1361
503.0,0.1404
504.0,0.1357
505.0,0.1396
506.0,0.1431
507.0,0.1351
508.0,0.13
509.0,0.1328
510.0,0.1312
511.0,0.1338
512.0,0.1342
513.0,0.1261
514.0,0.1243
515.0,0.1222
516.0,0.121
517.0,0.1067
518.0,0.1114
519.0,0.116
520.0,0.1193
521.0,0.1195
522.0,0.1187
523.0,0.1158
524.0,0.119
525.0,0.1196
526.0,0.1134
527.0,0.106
528.0,0.1112
529.0,0.1163
530.0,0.1139
531.0,0.1147
532.0,0.11
533.0,0.1061
534.0,0.1085
535.0,0.1101
536.0,0.1104
537.0,0.1053
538.0,0.1064
539.0,0.1048
540.0,0.09985
541.0,0.09979
542.0,0.1021
543.0,0.1003
544.0,0.1015
545.0,0.1005
546.0,0.1003
547.0,0.09954
548.0,0.09767
549.0,0.09732
550.0,0.09782
551.0,0.09597
552.0,0.09597
553.0,0.0936
554.0,0.0952
555.0,0.09474
556.0,0.09284
557.0,0.0893
558.0,0.08796
559.0,0.08568
560.0,0.08611
561.0,0.08658
562.0,0.08531
563.0,0.08701
564.0,0.08406
565.0,0.08277
566.0,0.08098
567.0,0.08193
568.0,0.08062
569.0,0.07813
570.0,0.07761
571.0,0.07663
572.0,0.0779
573.0,0.07823
574.0,0.07752
575.0,0.07562
576.0,0.07446
577.0,0.07481
578.0,0.07326
579.0,0.07315
580.0,0.07415
581.0,0.0741
582.0,0.07506
583.0,0.07485
584.0,0.07511
585.0,0.07286
586.0,0.07088
587.0,0.07193
588.0,0.06971
589.0,0.06126
590.0,0.0637
591.0,0.06708
592.0,0.06576
593.0,0.06634
594.0,0.06541
595.0,0.06334
596.0,0.06553
597.0,0.06439
598.0,0.06381
599.0,0.06346
600.0,0.06318
601.0,0.0623
602.0,0.06151
603.0,0.06216
604.0,0.06282
605.0,0.06215
606.0,0.06157
607.0,0.06186
608.0,0.06084
609.0,0.06062
610.0,0.05988
611.0,0.05989
612.0,0.05941
613.0,0.05834
614.0,0.05724
615.0,0.05819
616.0,0.05599
617.0,0.05559
618.0,0.05743
619.0,0.05656
620.0,0.05661
621.0,0.05636
622.0,0.05539
623.0,0.05423
624.0,0.053
625.0,0.05263
626.0,0.05315
627.0,0.05344
628.0,0.04936
629.0,0.0515
630.0,0.05003
631.0,0.05096
632.0,0.05011
633.0,0.05143
634.0,0.05071
635.0,0.05124
636.0,0.0503
637.0,0.05088
638.0,0.05113
639.0,0.05031
640.0,0.04956
641.0,0.04928
642.0,0.04883
643.0,0.04926
644.0,0.04888
645.0,0.04868
646.0,0.04726
647.0,0.04639
648.0,0.04616
649.0,0.04504
650.0,0.04511
651.0,0.04684
652.0,0.04453
653.0,0.04574
654.0,0.04502
655.0,0.04305
656.0,0.03799
657.0,0.03884
658.0,0.04336
659.0,0.04347
660.0,0.04342
661.0,0.0435
662.0,0.04337
663.0,0.04233
664.0,0.04264
665.0,0.04247
666.0,0.0423
667.0,0.04206
668.0,0.04189
669.0,0.04232
670.0,0.04193
671.0,0.04172
672.0,0.0412
673.0,0.04166
674.0,0.04129
675.0,0.04071
676.0,0.04079
677.0,0.04021
678.0,0.04015
679.0,0.03931
680.0,0.03944
681.0,0.03899
682.0,0.03875
683.0,0.03848
684.0,0.03809
685.0,0.03821
686.0,0.03781
687.0,0.02407
688.0,0.02848
689.0,0.02845
690.0,0.02984
691.0,0.03143
692.0,0.03257
693.0,0.03212
694.0,0.03164
695.0,0.03291
696.0,0.03277
697.0,0.03488
698.0,0.03417
699.0,0.03305
700.0,0.03249
701.0,0.03199
702.0,0.03211
703.0,0.03201
704.0,0.03294
705.0,0.03282
706.0,0.03267
707.0,0.03255
708.0,0.03246
709.0,0.03237
710.0,0.03219
711.0,0.03205
712.0,0.03186
713.0,0.03137
714.0,0.03131
715.0,0.03012
716.0,0.02999
717.0,0.02547
718.0,0.02308
719.0,0.02086
720.0,0.02184
721.0,0.02428
722.0,0.02811
723.0,0.02578
724.0,0.02285
725.0,0.02236
726.0,0.02343
727.0,0.02364
728.0,0.022
729.0,0.02285
730.0,0.02418
731.0,0.02292
732.0,0.02458
733.0,0.02607
734.0,0.0266
735.0,0.0259
736.0,0.02576
737.0,0.02573
738.0,0.02609
739.0,0.02544
740.0,0.026
741.0,0.02564
742.0,0.02555
743.0,0.02606
744.0,0.02586
745.0,0.02574
746.0,0.02574
747.0,0.02568
748.0,0.02549
749.0,0.02507
750.0,0.02494
751.0,0.02458
752.0,0.02457
753.0,0.02457
754.0,0.0245
755.0,0.02425
756.0,0.02414
757.0,0.02406
758.0,0.02365
759.0,0.02301
760.0,0.003308
761.0,0.001684
762.0,0.01084
763.0,0.005099
764.0,0.007856
765.0,0.01068
766.0,0.01336
767.0,0.01714
768.0,0.02
769.0,0.0204
770.0,0.02109
771.0,0.0212
772.0,0.02115
773.0,0.02119
774.0,0.02098
775.0,0.02073
776.0,0.02088
777.0,0.02051
778.0,0.02028
779.0,0.02019
780.0,0.01998
781.0,0.01991
782.0,0.01995
783.0,0.01951
784.0,0.01952
785.0,0.01928
786.0,0.0194
787.0,0.01895
788.0,0.01861
789.0,0.0185
790.0,0.01787
791.0,0.01799
792.0,0.01778
793.0,0.0174
794.0,0.01768
795.0,0.01788
796.0,0.01717
797.0,0.01713
798.0,0.01762
799.0,0.01741
800.0,0.017
801.0,0.01686
802.0,0.01673
803.0,0.01652
804.0,0.01647
805.0,0.01637
806.0,0.01678
807.0,0.01649
808.0,0.01643
809.0,0.01603
810.0,0.0158
811.0,0.01573
812.0,0.01515
813.0,0.01473
814.0,0.01269
815.0,0.01254
816.0,0.0115
817.0,0.01169
818.0,0.01118
819.0,0.01264
820.0,0.01176
821.0,0.014
822.0,0.01348
823.0,0.008657
824.0,0.01291
825.0,0.01347
826.0,0.01282
827.0,0.01358
828.0,0.01121
829.0,0.01258
830.0,0.01235
831.0,0.01235
832.0,0.01186
833.0,0.01274
834.0,0.01217
835.0,0.01346
836.0,0.01274
837.0,0.01338
838.0,0.01288
839.0,0.01307
840.0,0.01331
841.0,0.01305
842.0,0.01304
843.0,0.01299
844.0,0.01274
845.0,0.01313
846.0,0.01302
847.0,0.01273
848.0,0.01258
849.0,0.01217
850.0,0.01161
851.0,0.01222
852.0,0.01208
853.0,0.01158
854.0,0.009951
855.0,0.0109
856.0,0.01186
857.0,0.01208
858.0,0.01194
859.0,0.0119
860.0,0.01187
861.0,0.01176
862.0,0.0119
863.0,0.01214
864.0,0.01148
865.0,0.01133
866.0,0.01015
867.0,0.01055
868.0,0.01143
869.0,0.01115
870.0,0.01142
871.0,0.01121
872.0,0.01113
873.0,0.01106
874.0,0.01088
875.0,0.01061
876.0,0.01067
877.0,0.01074
878.0,0.01081
879.0,0.01059
880.0,0.01032
881.0,0.01012
882.0,0.0103
883.0,0.0103
884.0,0.0102
885.0,0.01023
886.0,0.009696
887.0,0.009773
888.0,0.009866
889.0,0.009953
890.0,0.009806
891.0,0.00976
892.0,0.009422
893.0,0.009051
894.0,0.008638
895.0,0.008055
896.0,0.007462
897.0,0.006247
898.0,0.006878
899.0,0.004998
900.0,0.007041
901.0,0.005281
902.0,0.006318
903.0,0.006329
904.0,0.008224
905.0,0.007864
906.0,0.007279
907.0,0.005691
908.0,0.005815
909.0,0.006375
910.0,0.005487
911.0,0.00589
912.0,0.006178
913.0,0.005502
914.0,0.005434
915.0,0.00595
916.0,0.004883
917.0,0.00643
918.0,0.004994
919.0,0.006502
920.0,0.006565
921.0,0.006879
922.0,0.006015
923.0,0.006591
924.0,0.006136
925.0,0.005954
926.0,0.006021
927.0,0.006812
928.0,0.004724
929.0,0.004242
930.0,0.003197
931.0,0.002995
932.0,0.002054
933.0,0.001619
934.0,0.0008262
935.0,0.001652
936.0,0.0009743
937.0,0.0009836
938.0,0.001232
939.0,0.002804
940.0,0.003459
941.0,0.002505
942.0,0.002943
943.0,0.001815
944.0,0.001924
945.0,0.002542
946.0,0.00118
947.0,0.00253
948.0,0.001777
949.0,0.003512
950.0,0.0008228
951.0,0.003431
952.0,0.001677
953.0,0.002238
954.0,0.002832
955.0,0.002265
956.0,0.002172
957.0,0.00165
958.0,0.003217
959.0,0.002453
960.0,0.002789
961.0,0.003176
962.0,0.00297
963.0,0.003494
964.0,0.003144
965.0,0.003455
966.0,0.003444
967.0,0.003408
968.0,0.004801
969.0,0.005033
970.0,0.004534
971.0,0.005306
972.0,0.005011
973.0,0.00424
974.0,0.003979
975.0,0.004136
976.0,0.003877
977.0,0.004505
978.0,0.004221
979.0,0.004448
980.0,0.004115
981.0,0.005076
982.0,0.004795
983.0,0.004557
984.0,0.005214
985.0,0.004726
986.0,0.005289
987.0,0.005145
988.0,0.005113
989.0,0.005226
990.0,0.005048
991.0,0.005194
992.0,0.005207
993.0,0.005052
994.0,0.005171
995.0,0.005149
996.0,0.005102
997.0,0.005091
998.0,0.005048
999.0,0.005012
1000.0,0.004953
1001.0,0.005003
1002.0,0.004823
1003.0,0.004875
1004.0,0.004731
1005.0,0.004548
1006.0,0.004702
1007.0,0.004786
1008.0,0.004738
1009.0,0.004691
1010.0,0.00465
1011.0,0.004691
1012.0,0.004627
1013.0,0.004646
1014.0,0.004597
1015.0,0.004549
1016.0,0.00451
1017.0,0.004503
1018.0,0.004471
1019.0,0.00435
1020.0,0.004411
1021.0,0.00439
1022.0,0.004335
1023.0,0.004365
1024.0,0.004284
1025.0,0.004333
1026.0,0.004296
1027.0,0.00427
1028.0,0.004245
1029.0,0.004179
1030.0,0.004195
1031.0,0.004161
1032.0,0.004134
1033.0,0.004055
1034.0,0.00404
1035.0,0.004037
1036.0,0.004042
1037.0,0.003961
1038.0,0.003964
1039.0,0.003948
1040.0,0.003917
1041.0,0.003917
1042.0,0.003874
1043.0,0.003848
1044.0,0.003848
1045.0,0.003781
1046.0,0.003724
1047.0,0.003743
1048.0,0.00375
1049.0,0.003723
1050.0,0.003692
1051.0,0.003672
1052.0,0.003643
1053.0,0.0036
1054.0,0.003595
1055.0,0.003582
1056.0,0.003555
1057.0,0.00353
1058.0,0.00343
1059.0,0.003421
1060.0,0.003403
1061.0,0.003385
1062.0,0.003389
1063.0,0.003343
1064.0,0.003372
1065.0,0.003332
1066.0,0.003257
1067.0,0.003286
1068.0,0.0032
1069.0,0.003091
1070.0,0.003181
1071.0,0.003226
1072.0,0.003172
1073.0,0.003117
1074.0,0.003194
1075.0,0.003003
1076.0,0.003166
1077.0,0.003086
1078.0,0.003014
1079.0,0.003084
1080.0,0.003001
1081.0,0.002891
1082.0,0.002943
1083.0,0.002944
1084.0,0.002844
1085.0,0.00296
1086.0,0.002649
1087.0,0.00276
1088.0,0.002884
1089.0,0.002767
1090.0,0.002677
1091.0,0.002837
1092.0,0.002824
1093.0,0.002323
1094.0,0.00256
1095.0,0.00242
1096.0,0.002289
1097.0,0.002713
1098.0,0.002235
1099.0,0.002332
1100.0,0.002127
1101.0,0.002157
1102.0,0.002039
1103.0,0.002001
1104.0,0.001999
1105.0,0.002224
1106.0,0.001609
1107.0,0.002078
1108.0,0.0017
1109.0,0.001699
1110.0,0.002034
1111.0,0.001283
1112.0,0.00167
1113.0,0.0009795
1114.0,0.001108
1115.0,0.0008914
1116.0,0.0006835
1117.0,0.0002203
1118.0,0.0007487
1119.0,0.0003376
1120.0,0.0004339
1121.0,0.0005954
1122.0,0.0002246
1123.0,0.0003834
1124.0,0.000317
1125.0,0.0004261
1126.0,0.000131
1127.0,0.0004833
1128.0,0.0002694
1129.0,0.0002873
1130.0,0.00018
1131.0,0.0009953
1132.0,0.0007494
1133.0,0.0004429
1134.0,9.741e-05
1135.0,3.463e-05
1136.0,0.0003561
1137.0,0.000955
1138.0,0.0006381
1139.0,0.001013
1140.0,0.0008188
1141.0,0.0005964
1142.0,0.0006981
1143.0,0.001044
1144.0,0.0003133
1145.0,0.0004083
1146.0,0.0004423
1147.0,0.0001372
1148.0,0.0008684
1149.0,0.0006667
1150.0,0.0003329
1151.0,0.0006047
1152.0,0.0007675
1153.0,0.0007444
1154.0,0.000382
1155.0,0.001008
1156.0,0.0008893
1157.0,0.001015
1158.0,0.0009989
1159.0,0.001093
1160.0,0.0009056
1161.0,0.001157
1162.0,0.001154
1163.0,0.001641
1164.0,0.001366
1165.0,0.001269
1166.0,0.001257
1167.0,0.001384
1168.0,0.001396
1169.0,0.001436
1170.0,0.001574
1171.0,0.001521
1172.0,0.001549
1173.0,0.001554
1174.0,0.001044
1175.0,0.00151
1176.0,0.001677
1177.0,0.001592
1178.0,0.001136
1179.0,0.001675
1180.0,0.001458
1181.0,0.00151
1182.0,0.0009766
1183.0,0.001484
1184.0,0.001363
1185.0,0.0013
1186.0,0.001584
1187.0,0.001491
1188.0,0.000981
1189.0,0.001371
1190.0,0.001524
1191.0,0.001428
1192.0,0.001538
1193.0,0.001459
1194.0,0.001508
1195.0,0.001411
1196.0,0.001346
1197.0,0.001505
1198.0,0.001354
1199.0,0.00112
1200.0,0.001413
1201.0,0.00135
1202.0,0.001338
1203.0,0.001331
1204.0,0.001129
1205.0,0.001365
1206.0,0.00153
1207.0,0.001318
1208.0,0.001301
1209.0,0.001324
1210.0,0.001384
1211.0,0.001302
1212.0,0.001278
1213.0,0.001445
1214.0,0.001306
1215.0,0.001273
1216.0,0.001426
1217.0,0.001378
1218.0,0.001405
1219.0,0.001381
1220.0,0.001398
1221.0,0.00141
1222.0,0.001364
1223.0,0.001345
1224.0,0.001331
1225.0,0.001383
1226.0,0.001391
1227.0,0.001265
1228.0,0.001391
1229.0,0.001378
1230.0,0.001347
1231.0,0.001388
1232.0,0.001375
1233.0,0.001316
1234.0,0.001375
1235.0,0.001361
1236.0,0.001367
1237.0,0.001341
1238.0,0.001354
1239.0,0.001332
1240.0,0.001333
1241.0,0.001321
1242.0,0.001315
1243.0,0.0013
1244.0,0.001304
1245.0,0.001306
1246.0,0.001294
1247.0,0.001285
1248.0,0.001278
1249.0,0.001279
1250.0,0.001267
1251.0,0.001245
1252.0,0.001243
1253.0,0.001227
1254.0,0.001208
1255.0,0.001229
1256.0,0.001186
1257.0,0.001175
1258.0,0.001197
1259.0,0.001142
1260.0,0.001146
1261.0,0.001069
1262.0,0.001029
1263.0,0.001028
1264.0,0.0009355
1265.0,0.001016
1266.0,0.0009684
1267.0,0.0009868
1268.0,0.0009259
1269.0,0.0005323
1270.0,0.0009736
1271.0,0.001038
1272.0,0.001039
1273.0,0.001024
1274.0,0.001025
1275.0,0.001039
1276.0,0.001047
1277.0,0.001052
1278.0,0.001073
1279.0,0.001059
1280.0,0.001043
1281.0,0.0009936
1282.0,0.0009572
1283.0,0.001027
1284.0,0.001048
1285.0,0.001052
1286.0,0.001064
1287.0,0.001041
1288.0,0.001039
1289.0,0.0009971
1290.0,0.001023
1291.0,0.001035
1292.0,0.0009584
1293.0,0.001005
1294.0,0.0009944
1295.0,0.0009851
1296.0,0.0009302
1297.0,0.0008701
1298.0,0.0009457
1299.0,0.0009888
1300.0,0.0008113
1301.0,0.0008388
1302.0,0.0009322
1303.0,0.0007938
1304.0,0.0006573
1305.0,0.000901
1306.0,0.0008986
1307.0,0.0006671
1308.0,0.0007823
1309.0,0.000883
1310.0,0.000647
1311.0,0.0007387
1312.0,0.0007165
1313.0,0.000697
1314.0,0.0006094
1315.0,0.0006017
1316.0,0.0007157
1317.0,0.000669
1318.0,0.0007359
1319.0,0.0005497
1320.0,0.0005282
1321.0,0.0006296
1322.0,0.0006349
1323.0,0.0004547
1324.0,0.0005295
1325.0,0.0006845
1326.0,0.0005712
1327.0,0.0005389
1328.0,0.0004527
1329.0,0.0003251
1330.0,0.0004382
1331.0,0.0002449
1332.0,0.0002536
1333.0,0.0003684
1334.0,0.0003034
1335.0,0.0004372
1336.0,0.0003323
1337.0,0.0002877
1338.0,0.0003141
1339.0,0.0003122
1340.0,0.000301
1341.0,0.0002919
1342.0,0.0003078
1343.0,0.0001966
1344.0,0.0001106
1345.0,0.0001658
1346.0,7.601e-05
1347.0,7.709e-05
1348.0,4.293e-06
1349.0,1.615e-05
1350.0,1.677e-05
1351.0,3.849e-06
1352.0,1.01e-06
1353.0,5.03e-08
1354.0,1.738e-07
1355.0,1.385e-09
1356.0,2.432e-08
1357.0,3.698e-08
1358.0,1.626e-09
1359.0,2.046e-10
1360.0,7.399e-10
1361.0,8.27e-13
1362.0,2.262e-15
1363.0,9.949e-10
1364.0,4.106e-10
1365.0,7.897e-16
1366.0,4.316e-09
1367.0,1.76e-09
1368.0,6.098e-18
1369.0,1.513e-10
1370.0,7.448e-11
1371.0,4.221e-12
1372.0,9.544e-10
1373.0,1.929e-08
1374.0,8.987e-08
1375.0,1.635e-07
1376.0,1.465e-07
1377.0,6.669e-08
1378.0,6.624e-07
1379.0,2.779e-08
1380.0,3.998e-08
1381.0,1.036e-09
1382.0,8.363e-10
1383.0,1.249e-11
1384.0,1.639e-10
1385.0,7.839e-10
1386.0,7.373e-10
1387.0,8.988e-08
1388.0,1.755e-09
1389.0,3.057e-07
1390.0,2.62e-07
1391.0,1.738e-07
1392.0,1.116e-08
1393.0,5.938e-08
1394.0,3.054e-08
1395.0,2.228e-10
1396.0,1.076e-12
1397.0,2.332e-08
1398.0,7.03e-07
1399.0,4.426e-07
1400.0,4.602e-13
1401.0,1.909e-12
1402.0,1.241e-06
1403.0,1.561e-06
1404.0,4.667e-07
1405.0,1.055e-10
1406.0,1.22e-06
1407.0,1.052e-07
1408.0,9.898e-07
1409.0,3.261e-07
1410.0,2.606e-07
1411.0,1.338e-06
1412.0,1.815e-06
1413.0,2.046e-05
1414.0,2.031e-07
1415.0,9.66e-08
1416.0,3.485e-05
1417.0,9.642e-06
1418.0,1.098e-05
1419.0,1.602e-06
1420.0,6.546e-06
1421.0,7.082e-06
1422.0,4.567e-05
1423.0,7.999e-06
1424.0,1.542e-05
1425.0,2.3e-05
1426.0,2.654e-05
1427.0,5.159e-05
1428.0,3.18e-06
1429.0,3.715e-05
1430.0,6.686e-05
1431.0,7.413e-05
1432.0,2.456e-06
1433.0,4.47e-05
1434.0,2.149e-05
1435.0,2.079e-05
1436.0,4.279e-05
1437.0,3.21e-05
1438.0,1.262e-05
1439.0,5.967e-05
1440.0,4.365e-05
1441.0,3.19e-05
1442.0,3.563e-05
1443.0,4.625e-05
1444.0,6.622e-05
1445.0,4.969e-05
1446.0,2.087e-05
1447.0,3.386e-05
1448.0,0.0001345
1449.0,0.0001137
1450.0,2.448e-05
1451.0,9.203e-06
1452.0,6.359e-05
1453.0,8.604e-05
1454.0,0.0001614
1455.0,6.838e-05
1456.0,9.375e-05
1457.0,0.0001321
1458.0,0.0001611
1459.0,0.0001939
1460.0,9.188e-05
1461.0,9.494e-05
1462.0,0.0001476
1463.0,4.125e-05
1464.0,0.0001803
1465.0,0.0001016
1466.0,6.453e-05
1467.0,3.131e-05
1468.0,7.769e-05
1469.0,9.85e-05
1470.0,4.428e-05
1471.0,1.469e-05
1472.0,4.196e-05
1473.0,6.788e-05
1474.0,0.0001049
1475.0,0.0002188
1476.0,6.749e-05
1477.0,6.749e-05
1478.0,6.266e-05
1479.0,0.000131
1480.0,5.699e-05
1481.0,0.0001234
1482.0,5.569e-05
1483.0,0.0001664
1484.0,0.0001541
1485.0,0.000134
1486.0,0.000131
1487.0,5.386e-05
1488.0,0.0001027
1489.0,0.0002223
1490.0,0.0002025
1491.0,0.0002345
1492.0,0.0001856
1493.0,0.0002077
1494.0,0.0002389
1495.0,0.0002081
1496.0,0.0001926
1497.0,0.0002787
1498.0,0.0002188
1499.0,0.0002618
1500.0,0.0003079
1501.0,0.000326
1502.0,0.0002687
1503.0,0.000222
1504.0,0.0001718
1505.0,0.0002124
1506.0,0.0003229
1507.0,0.0003076
1508.0,0.0002908
1509.0,0.0002119
1510.0,0.0003329
1511.0,0.0003197
1512.0,0.0003163
1513.0,0.0002858
1514.0,0.0002636
1515.0,0.0003236
1516.0,0.0003072
1517.0,0.0002984
1518.0,0.0002966
1519.0,0.0002886
1520.0,0.0003133
1521.0,0.0003366
1522.0,0.0003173
1523.0,0.0003401
1524.0,0.0003283
1525.0,0.0003111
1526.0,0.0003155
1527.0,0.0003117
1528.0,0.0003341
1529.0,0.0003157
1530.0,0.0003089
1531.0,0.000317
1532.0,0.0003303
1533.0,0.0003298
1534.0,0.000323
1535.0,0.0003201
1536.0,0.0003258
1537.0,0.0003176
1538.0,0.0003207
1539.0,0.0003142
1540.0,0.0003148
1541.0,0.0003161
1542.0,0.0003117
1543.0,0.0003167
1544.0,0.000312
1545.0,0.0003176
1546.0,0.0003118
1547.0,0.0003068
1548.0,0.0003061
1549.0,0.0003082
1550.0,0.0003053
1551.0,0.0003068
1552.0,0.0003034
1553.0,0.0003011
1554.0,0.0002977
1555.0,0.0002978
1556.0,0.0002968
1557.0,0.0002997
1558.0,0.0002973
1559.0,0.0002947
1560.0,0.0002961
1561.0,0.0002975
1562.0,0.000293
1563.0,0.00029
1564.0,0.0002907
1565.0,0.0002906
1566.0,0.0002861
1567.0,0.000286
1568.0,0.0002824
1569.0,0.0002837
1570.0,0.0002856
1571.0,0.0002873
1572.0,0.0002849
1573.0,0.0002823
1574.0,0.0002717
1575.0,0.0002678
1576.0,0.000263
1577.0,0.0002556
1578.0,0.0002678
1579.0,0.0002695
1580.0,0.0002713
1581.0,0.0002667
1582.0,0.0002607
1583.0,0.0002613
1584.0,0.0002657
1585.0,0.000268
1586.0,0.0002642
1587.0,0.0002593
1588.0,0.0002515
1589.0,0.0002432
1590.0,0.0002481
1591.0,0.0002536
1592.0,0.0002604
1593.0,0.000264
1594.0,0.0002628
1595.0,0.0002589
1596.0,0.0002506
1597.0,0.0002563
1598.0,0.0002594
1599.0,0.000256
1600.0,0.0002537
1601.0,0.0002495
1602.0,0.0002496
1603.0,0.0002516
1604.0,0.000249
1605.0,0.0002482
1606.0,0.0002448
1607.0,0.0002464
1608.0,0.0002455
1609.0,0.0002385
1610.0,0.000233
1611.0,0.0002366
1612.0,0.0002388
1613.0,0.0002386
1614.0,0.000238
1615.0,0.0002322
1616.0,0.0002281
1617.0,0.000232
1618.0,0.0002354
1619.0,0.0002304
1620.0,0.0002251
1621.0,0.0002271
1622.0,0.0002301
1623.0,0.0002329
1624.0,0.0002296
1625.0,0.0002281
1626.0,0.0002281
1627.0,0.0002293
1628.0,0.000228
1629.0,0.0002256
1630.0,0.0002236
1631.0,0.0002217
1632.0,0.0002207
1633.0,0.0002133
1634.0,0.0002179
1635.0,0.000214
1636.0,0.0002119
1637.0,0.0002092
1638.0,0.0001959
1639.0,0.0002037
1640.0,0.0001938
1641.0,0.0002011
1642.0,0.0002048
1643.0,0.0001919
1644.0,0.0002038
1645.0,0.000197
1646.0,0.0001913
1647.0,0.0002055
1648.0,0.0001898
1649.0,0.0001993
1650.0,0.0002004
1651.0,0.0001843
1652.0,0.0001973
1653.0,0.0001987
1654.0,0.0001869
1655.0,0.0001978
1656.0,0.0001937
1657.0,0.0001948
1658.0,0.0001971
1659.0,0.000195
1660.0,0.0001962
1661.0,0.0001946
1662.0,0.0001885
1663.0,0.0001928
1664.0,0.0001905
1665.0,0.0001786
1666.0,0.0001429
1667.0,0.000176
1668.0,0.0001828
1669.0,0.0001835
1670.0,0.0001864
1671.0,0.0001804
1672.0,0.0001779
1673.0,0.0001817
1674.0,0.000177
1675.0,0.0001739
1676.0,0.0001748
1677.0,0.0001739
1678.0,0.0001682
1679.0,0.0001719
1680.0,0.0001644
1681.0,0.0001587
1682.0,0.0001676
1683.0,0.0001707
1684.0,0.0001564
1685.0,0.0001718
1686.0,0.0001709
1687.0,0.0001634
1688.0,0.000169
1689.0,0.0001667
1690.0,0.0001656
1691.0,0.0001491
1692.0,0.0001639
1693.0,0.0001686
1694.0,0.0001613
1695.0,0.0001659
1696.0,0.0001655
1697.0,0.0001363
1698.0,0.0001631
1699.0,0.0001604
1700.0,0.0001554
1702.0,0.0001578
1705.0,0.0001515
1710.0,0.0001413
1715.0,0.0001399
1720.0,0.0001369
1725.0,0.0001256
1730.0,0.0001228
1735.0,0.0001131
1740.0,0.0001134
1745.0,0.0001044
1750.0,0.0001116
1755.0,0.0001004
1760.0,0.0001046
1765.0,8.237e-05
1770.0,8.811e-05
1775.0,6.782e-05
1780.0,5.632e-05
1785.0,4.029e-05
1790.0,4.721e-05
1795.0,2.108e-05
1800.0,1.4e-05
1805.0,5.184e-06
1810.0,3.285e-06
1815.0,9.052e-07
1820.0,2.195e-07
1825.0,2.878e-07
1830.0,6.768e-10
1835.0,1.025e-09
1840.0,5.97e-12
1845.0,6.393e-10
1850.0,2.884e-10
1855.0,2.754e-11
1860.0,1.582e-09
1865.0,2.206e-09
1870.0,1.203e-14
1875.0,2.174e-14
1880.0,1.166e-08
1885.0,6.203e-09
1890.0,3.427e-08
1895.0,1.982e-08
1900.0,8.395e-11
1905.0,5.717e-11
1910.0,2.777e-09
1915.0,2.705e-09
1920.0,7.196e-08
1925.0,1.706e-07
1930.0,9.797e-08
1935.0,7.746e-07
1940.0,7.698e-07
1945.0,3.371e-06
1950.0,6.842e-06
1955.0,6.062e-06
1960.0,1.121e-05
1965.0,1.695e-05
1970.0,2.469e-05
1975.0,2.827e-05
1980.0,2.832e-05
1985.0,3.059e-05
1990.0,3.151e-05
1995.0,3.33e-05
2000.0,3.498e-05
2005.0,2.867e-05
2010.0,4.238e-05
2015.0,3.216e-05
2020.0,3.441e-05
2025.0,3.744e-05
2030.0,3.376e-05
2035.0,3.679e-05
2040.0,3.452e-05
2045.0,3.538e-05
2050.0,3.564e-05
2055.0,3.372e-05
2060.0,3.223e-05
2065.0,3.256e-05
2070.0,3.182e-05
2075.0,3.232e-05
2080.0,3.116e-05
2085.0,3.07e-05
2090.0,3.079e-05
2095.0,2.955e-05
2100.0,2.714e-05
2105.0,2.93e-05
2110.0,2.777e-05
2115.0,2.828e-05
2120.0,2.622e-05
2125.0,2.643e-05
2130.0,2.657e-05
2135.0,2.657e-05
2140.0,2.657e-05
2145.0,2.605e-05
2150.0,2.407e-05
2155.0,2.387e-05
2160.0,2.341e-05
2165.0,2.108e-05
2170.0,2.235e-05
2175.0,2.155e-05
2180.0,2.2e-05
2185.0,1.933e-05
2190.0,2.083e-05
2195.0,2.045e-05
2200.0,1.764e-05
2205.0,1.853e-05
2210.0,2.01e-05
2215.0,1.895e-05
2220.0,1.923e-05
2225.0,1.843e-05
2230.0,1.836e-05
2235.0,1.77e-05
2240.0,1.732e-05
2245.0,1.639e-05
2250.0,1.659e-05
2255.0,1.521e-05
2260.0,1.477e-05
2265.0,1.504e-05
2270.0,1.392e-05
2275.0,1.357e-05
2280.0,1.418e-05
2285.0,1.307e-05
2290.0,1.296e-05
2295.0,1.249e-05
2300.0,1.167e-05
2305.0,1.167e-05
2310.0,1.286e-05
2315.0,1.127e-05
2320.0,9.651e-06
2325.0,1.086e-05
2330.0,1.076e-05
2335.0,1.098e-05
2340.0,8.141e-06
2345.0,9.271e-06
2350.0,7.079e-06
2355.0,8.345e-06
2360.0,8.858e-06
2365.0,8.663e-06
2370.0,4.704e-06
2375.0,7.411e-06
2380.0,6.997e-06
2385.0,4.766e-06
2390.0,5.75e-06
2395.0,6.371e-06
2400.0,7.004e-06
2405.0,5.077e-06
2410.0,5.046e-06
2415.0,3.911e-06
2420.0,3.743e-06
2425.0,4.787e-06
2430.0,6.741e-06
2435.0,1.862e-06
2440.0,6.416e-06
2445.0,2.673e-06
2450.0,1.623e-06
2455.0,3.246e-06
2460.0,4.476e-06
2465.0,3.023e-06
2470.0,1.933e-06
2475.0,1.868e-06
2480.0,8.329e-07
2485.0,5.315e-07
2490.0,2.994e-07
2495.0,2.578e-07
2500.0,6.628e-07
2505.0,1.279e-07
2510.0,1.9e-07
2515.0,3.906e-08
2520.0,2.183e-08
2525.0,2.456e-09
2530.0,1.698e-11
2535.0,3.755e-12
2540.0,8.91e-12
2545.0,6.907e-16
2550.0,2.8e-18
2555.0,1.344e-14
2560.0,4.034e-16
2565.0,9.030000000000001e-20
2570.0,2.689e-24
2575.0,1.701e-34
2580.0,1.773e-28
2585.0,3.706e-42
2590.0,2.313e-38
2595.0,4.5e-40
2600.0,3.705e-35
2605.0,4.0950000000000004e-42
2610.0,1.4089999999999998e-41
2615.0,1.4009999999999999e-45
2620.0,1.2420000000000001e-35
2625.0,2.2740000000000001e-35
2630.0,0.0
2635.0,1.184e-21
2640.0,2.5639999999999996e-22
2645.0,1.117e-24
2650.0,1.113e-25
2655.0,1.338e-34
2660.0,1.127e-31
2665.0,1.121e-44
2670.0,0.0
2675.0,5.464999999999999e-44
2680.0,2.285e-30
2685.0,2.183e-31
2690.0,8.166000000000001e-31
2695.0,3.204e-33
2700.0,9.333e-29
2705.0,2.6470000000000003e-26
2710.0,2.107e-31
2715.0,2.661e-29
2720.0,0.0
2725.0,5.959e-27
2730.0,1.737e-24
2735.0,1.9810000000000003e-26
2740.0,3.579e-32
2745.0,4.614e-27
2750.0,2.586e-26
2755.0,4.161e-28
2760.0,6.234e-23
2765.0,2.925e-29
2770.0,1.437e-26
2775.0,1.7749999999999998e-23
2780.0,8.262000000000001e-21
2785.0,3.1030000000000003e-20
2790.0,7.073e-18
2795.0,1.556e-18
2800.0,4.967e-15
2805.0,9.289e-17
2810.0,3.724e-13
2815.0,1.111e-13
2820.0,1.357e-15
2825.0,1.192e-11
2830.0,2.59e-10
2835.0,3.566e-15
2840.0,7.631e-12
2845.0,2.644e-09
2850.0,4.572e-11
2855.0,1.826e-11
2860.0,9.499e-10
2865.0,7.01e-09
2870.0,1.776e-10
2875.0,1.708e-08
2880.0,1.076e-08
2885.0,1.773e-08
2890.0,7.53e-09
2895.0,1.29e-07
2900.0,3.584e-08
2905.0,4.139e-09
2910.0,1.316e-07
2915.0,5.571e-08
2920.0,1.386e-07
2925.0,4.927e-08
2930.0,2.999e-07
2935.0,3.31e-07
2940.0,7.368e-08
2945.0,6.325e-08
2950.0,2.566e-07
2955.0,1.139e-07
2960.0,2.266e-07
2965.0,3.847e-07
2970.0,1.493e-08
2975.0,3.787e-08
2980.0,5.9e-08
2985.0,3.496e-07
2990.0,5.312e-07
2995.0,2.006e-07
3000.0,3.827e-07
3005.0,1.296e-07
3010.0,3.35e-07
3015.0,2.594e-07
3020.0,2.325e-08
3025.0,3.584e-07
3030.0,2.82e-07
3035.0,1.067e-07
3040.0,8.332e-08
3045.0,1.796e-07
3050.0,4.046e-08
3055.0,9.87e-09
3060.0,2.809e-07
3065.0,1.182e-07
3070.0,6.627e-08
3075.0,2.62e-07
3080.0,1.517e-07
3085.0,6.668e-08
3090.0,9.087e-08
3095.0,2.222e-08
3100.0,1.826e-07
3105.0,3.39e-08
3110.0,2.837e-08
3115.0,8.56e-08
3120.0,4.26e-07
3125.0,1.236e-07
3130.0,2.472e-07
3135.0,5.005e-07
3140.0,1.31e-07
3145.0,1.285e-07
3150.0,2.737e-07
3155.0,2.3e-07
3160.0,3.845e-07
3165.0,6.097e-07
3170.0,5.392e-07
3175.0,3.767e-07
3180.0,4.46e-07
3185.0,3.104e-07
3190.0,1.612e-07
3195.0,8.896e-08
3200.0,1.24e-08
3205.0,8.089e-09
3210.0,3.362e-09
3215.0,1.373e-08
3220.0,4.859e-08
3225.0,5.527e-09
3230.0,9.197e-09
3235.0,2.666e-07
3240.0,1.197e-07
3245.0,2.235e-08
3250.0,8.35e-08
3255.0,3.675e-07
3260.0,3.543e-08
3265.0,7.736e-08
3270.0,3.612e-08
3275.0,2.231e-07
3280.0,9.365e-08
3285.0,4.188e-07
3290.0,3.128e-07
3295.0,3.72e-08
3300.0,5.552e-08
3305.0,1.291e-07
3310.0,1.225e-07
3315.0,1.716e-10
3320.0,1.084e-09
3325.0,1.027e-07
3330.0,1.572e-07
3335.0,3.091e-07
3340.0,1.114e-07
3345.0,1.08e-07
3350.0,2.74e-07
3355.0,1.091e-07
3360.0,1.684e-07
3365.0,2.388e-07
3370.0,1.14e-07
3375.0,2.803e-07
3380.0,1.505e-07
3385.0,2.401e-07
3390.0,3.168e-07
3395.0,3.065e-07
3400.0,4.156e-07
3405.0,1.246e-07
3410.0,2.204e-07
3415.0,2.14e-07
3420.0,4.316e-07
3425.0,3.073e-07
3430.0,2.586e-07
3435.0,3.704e-07
3440.0,2.356e-07
3445.0,3.533e-07
3450.0,3.45e-07
3455.0,2.447e-07
3460.0,3.934e-07
3465.0,2.901e-07
3470.0,3.806e-07
3475.0,3.297e-07
3480.0,3.378e-07
3485.0,3.68e-07
3490.0,3.062e-07
3495.0,3.698e-07
3500.0,3.571e-07
3505.0,3.519e-07
3510.0,3.563e-07
3515.0,3.398e-07
3520.0,3.631e-07
3525.0,3.374e-07
3530.0,3.27e-07
3535.0,2.663e-07
3540.0,2.517e-07
3545.0,2.672e-07
3550.0,3.022e-07
3555.0,2.522e-07
3560.0,3.095e-07
3565.0,3.088e-07
3570.0,2.306e-07
3575.0,2.383e-07
3580.0,2.886e-07
3585.0,2.508e-07
3590.0,2.62e-07
3595.0,2.678e-07
3600.0,2.866e-07
3605.0,2.86e-07
3610.0,2.581e-07
3615.0,2.582e-07
3620.0,3.24e-07
3625.0,2.755e-07
3630.0,2.676e-07
3635.0,2.76e-07
3640.0,3.123e-07
3645.0,2.8e-07
3650.0,2.652e-07
3655.0,2.907e-07
3660.0,2.876e-07
3665.0,2.641e-07
3670.0,1.962e-07
3675.0,1.093e-07
3680.0,2.04e-07
3685.0,2.358e-07
3690.0,2.436e-07
3695.0,2.547e-07
3700.0,2.769e-07
3705.0,2.715e-07
3710.0,2.3e-07
3715.0,2.256e-07
3720.0,2.592e-07
3725.0,2.666e-07
3730.0,2.252e-07
3735.0,2.028e-07
3740.0,2.088e-07
3745.0,2.485e-07
3750.0,2.219e-07
3755.0,2.132e-07
3760.0,2.088e-07
3765.0,1.998e-07
3770.0,2.156e-07
3775.0,2.121e-07
3780.0,2.259e-07
3785.0,2.033e-07
3790.0,1.756e-07
3795.0,2.042e-07
3800.0,2.323e-07
3805.0,2.155e-07
3810.0,1.866e-07
3815.0,1.725e-07
3820.0,2.231e-07
3825.0,2.169e-07
3830.0,2.199e-07
3835.0,1.676e-07
3840.0,2.021e-07
3845.0,1.955e-07
3850.0,1.962e-07
3855.0,1.859e-07
3860.0,1.71e-07
3865.0,1.719e-07
3870.0,1.526e-07
3875.0,1.36e-07
3880.0,1.3e-07
3885.0,1.351e-07
3890.0,1.368e-07
3895.0,1.522e-07
3900.0,1.63e-07
3905.0,1.619e-07
3910.0,1.415e-07
3915.0,1.369e-07
3920.0,1.363e-07
3925.0,1.33e-07
3930.0,1.379e-07
3935.0,1.445e-07
3940.0,1.459e-07
3945.0,1.485e-07
3950.0,1.507e-07
3955.0,1.521e-07
3960.0,1.532e-07
3965.0,1.541e-07
3970.0,1.516e-07
3975.0,1.464e-07
3980.0,1.435e-07
3985.0,1.436e-07
3990.0,1.409e-07
3995.0,1.369e-07
4000.0,1.304e-07
