interpolation:linear
wavelength,value
280.0,2.2979999999999997e-22
280.5,7.576e-21
281.0,4.066e-20
281.5,3.906e-19
282.0,6.282e-19
282.5,1.557e-18
283.0,4.927e-18
283.5,8.026e-18
284.0,1.325e-16
284.5,3.868e-16
285.0,6.335e-16
285.5,3.165e-15
286.0,1.277e-14
286.5,5.76e-14
287.0,1.655e-13
287.5,6.389e-13
288.0,2.239e-12
288.5,6.703e-12
289.0,1.774e-11
289.5,5.335e-11
290.0,1.478e-10
290.5,3.011e-10
291.0,6.459e-10
291.5,1.854e-09
292.0,3.72e-09
292.5,5.226e-09
293.0,1.122e-08
293.5,2.737e-08
294.0,4.285e-08
294.5,5.867e-08
295.0,9.952e-08
295.5,1.656e-07
296.0,3.214e-07
296.5,4.524e-07
297.0,6.156e-07
297.5,1.668e-06
298.0,2.654e-06
298.5,2.69e-06
299.0,5.979e-06
299.5,1.008e-05
300.0,1.119e-05
300.5,1.636e-05
301.0,3.008e-05
301.5,4.859e-05
302.0,4.182e-05
302.5,8.371e-05
303.0,0.0001556
303.5,0.0002017
304.0,0.0001961
304.5,0.0003213
305.0,0.0005586
305.5,0.0006995
306.0,0.0007007
306.5,0.0009255
307.0,0.001572
307.5,0.002392
308.0,0.00258
308.5,0.003261
309.0,0.003271
309.5,0.004153
310.0,0.004373
310.5,0.007243
311.0,0.009441
311.5,0.009254
312.0,0.01006
312.5,0.01294
313.0,0.01443
313.5,0.0136
314.0,0.01818
314.5,0.01763
315.0,0.02351
315.5,0.01876
316.0,0.01762
316.5,0.02695
317.0,0.03335
317.5,0.03399
318.0,0.02767
318.5,0.03737
319.0,0.04624
319.5,0.03505
320.0,0.04181
320.5,0.05706
321.0,0.05499
321.5,0.05304
322.0,0.0517
322.5,0.04507
323.0,0.04741
323.5,0.06127
324.0,0.072
324.5,0.07134
325.0,0.05972
325.5,0.0803
326.0,0.0991
326.5,0.102
327.0,0.1003
327.5,0.09535
328.0,0.08156
328.5,0.08957
329.0,0.1112
329.5,0.1276
330.0,0.1271
330.5,0.09848
331.0,0.09911
331.5,0.1028
332.0,0.1145
332.5,0.1148
333.0,0.1132
333.5,0.09968
334.0,0.1015
334.5,0.1202
335.0,0.1146
335.5,0.1348
336.0,0.09308
336.5,0.1068
337.0,0.08637
337.5,0.1067
338.0,0.1065
338.5,0.124
339.0,0.1224
339.5,0.1175
340.0,0.1364
340.5,0.123
341.0,0.1206
341.5,0.1104
342.0,0.1317
342.5,0.1229
343.0,0.1349
343.5,0.1267
344.0,0.09289
344.5,0.09426
345.0,0.1243
345.5,0.1266
346.0,0.1074
346.5,0.1213
347.0,0.1299
347.5,0.1048
348.0,0.1192
348.5,0.1189
349.0,0.1101
349.5,0.1087
350.0,0.1342
350.5,0.1412
351.0,0.1258
351.5,0.1219
352.0,0.1307
352.5,0.1017
353.0,0.1279
353.5,0.1365
354.0,0.1413
354.5,0.143
355.0,0.1421
355.5,0.1281
356.0,0.1337
356.5,0.1139
357.0,0.09388
357.5,0.1146
358.0,0.09064
358.5,0.07727
359.0,0.1078
359.5,0.137
360.0,0.1448
360.5,0.1155
361.0,0.105
361.5,0.1207
362.0,0.1041
362.5,0.1437
363.0,0.1288
363.5,0.1183
364.0,0.1443
364.5,0.123
365.0,0.125
365.5,0.1565
366.0,0.1654
366.5,0.155
367.0,0.1506
367.5,0.1558
368.0,0.136
368.5,0.1369
369.0,0.1475
369.5,0.1568
370.0,0.1667
370.5,0.129
371.0,0.1375
371.5,0.1716
372.0,0.1136
372.5,0.1359
373.0,0.1378
373.5,0.08945
374.0,0.1296
374.5,0.1071
375.0,0.1038
375.5,0.1546
376.0,0.1278
376.5,0.1321
377.0,0.1395
377.5,0.1627
378.0,0.1759
378.5,0.1658
379.0,0.1364
379.5,0.1243
380.0,0.1288
380.5,0.1556
381.0,0.1555
381.5,0.1229
382.0,0.1088
382.5,0.09252
383.0,0.08541
383.5,0.08204
384.0,0.09025
384.5,0.1324
385.0,0.1309
385.5,0.1216
386.0,0.1038
386.5,0.136
387.0,0.1127
387.5,0.1262
388.0,0.1162
388.5,0.1145
389.0,0.1233
389.5,0.1489
390.0,0.149
390.5,0.1367
391.0,0.1605
391.5,0.1632
392.0,0.1371
392.5,0.1223
393.0,0.06788
393.5,0.0492
394.0,0.09984
394.5,0.1266
395.0,0.154
395.5,0.156
396.0,0.1348
396.5,0.0786
397.0,0.05882
397.5,0.1193
398.0,0.1665
398.5,0.1716
399.0,0.1853
399.5,0.1842
400.0,0.1907
401.0,0.1875
402.0,0.1966
403.0,0.1856
404.0,0.1817
405.0,0.1805
406.0,0.1765
407.0,0.1726
408.0,0.1782
409.0,0.1895
410.0,0.1646
411.0,0.1773
412.0,0.1893
413.0,0.1835
414.0,0.1846
415.0,0.1839
416.0,0.1859
417.0,0.1802
418.0,0.1757
419.0,0.1769
420.0,0.175
421.0,0.1819
422.0,0.1717
423.0,0.1666
424.0,0.175
425.0,0.1735
426.0,0.1679
427.0,0.1638
428.0,0.1586
429.0,0.1493
430.0,0.1299
431.0,0.1278
432.0,0.1639
433.0,0.1637
434.0,0.151
435.0,0.1567
436.0,0.1755
437.0,0.172
438.0,0.1556
439.0,0.1598
440.0,0.1637
441.0,0.1684
442.0,0.1793
443.0,0.1734
444.0,0.1761
445.0,0.1713
446.0,0.1626
447.0,0.1746
448.0,0.1761
449.0,0.1755
450.0,0.1791
451.0,0.1844
452.0,0.1765
453.0,0.165
454.0,0.1712
455.0,0.171
456.0,0.1737
457.0,0.1752
458.0,0.1678
459.0,0.1656
460.0,0.1647
461.0,0.1672
462.0,0.1674
463.0,0.1654
464.0,0.1619
465.0,0.159
466.0,0.1595
467.0,0.1555
468.0,0.1561
469.0,0.1556
470.0,0.1496
471.0,0.1484
472.0,0.1554
473.0,0.1524
474.0,0.1515
475.0,0.1516
476.0,0.1458
477.0,0.1449
478.0,0.1475
479.0,0.1452
480.0,0.1442
481.0,0.1456
482.0,0.1452
483.0,0.1426
484.0,0.1389
485.0,0.1317
486.0,0.1145
487.0,0.1193
488.0,0.13
489.0,0.1294
490.0,0.1351
491.0,0.1318
492.0,0.1235
493.0,0.1267
494.0,0.127
495.0,0.1272
496.0,0.127
497.0,0.1279
498.0,0.1208
499.0,0.1211
500.0,0.1164
501.0,0.113
502.0,0.1103
503.0,0.1136
504.0,0.1095
505.0,0.1126
506.0,0.1155
507.0,0.1092
508.0,0.1052
509.0,0.1076
510.0,0.1064
511.0,0.1086
512.0,0.109
513.0,0.1024
514.0,0.1009
515.0,0.09913
516.0,0.09813
517.0,0.08655
518.0,0.09032
519.0,0.09401
520.0,0.09665
521.0,0.09676
522.0,0.09601
523.0,0.09355
524.0,0.09601
525.0,0.09623
526.0,0.09108
527.0,0.08497
528.0,0.08898
529.0,0.09296
530.0,0.09085
531.0,0.09142
532.0,0.08758
533.0,0.08441
534.0,0.08633
535.0,0.08767
536.0,0.08794
537.0,0.08393
538.0,0.08483
539.0,0.08355
540.0,0.07953
541.0,0.0794
542.0,0.08119
543.0,0.07971
544.0,0.0805
545.0,0.07971
546.0,0.07945
547.0,0.07884
548.0,0.07735
549.0,0.07707
550.0,0.07744
551.0,0.07595
552.0,0.07593
553.0,0.07402
554.0,0.07524
555.0,0.07481
556.0,0.07326
557.0,0.07039
558.0,0.06923
559.0,0.06732
560.0,0.06755
561.0,0.06781
562.0,0.0667
563.0,0.06792
564.0,0.06554
565.0,0.06446
566.0,0.06301
567.0,0.06367
568.0,0.06257
569.0,0.06052
570.0,0.06007
571.0,0.05929
572.0,0.06018
573.0,0.06041
574.0,0.05984
575.0,0.05836
576.0,0.05751
577.0,0.05784
578.0,0.05671
579.0,0.05671
580.0,0.05759
581.0,0.05766
582.0,0.0585
583.0,0.0584
584.0,0.05866
585.0,0.05694
586.0,0.05543
587.0,0.05625
588.0,0.05443
589.0,0.04767
590.0,0.04957
591.0,0.05227
592.0,0.05115
593.0,0.05161
594.0,0.05079
595.0,0.04906
596.0,0.05082
597.0,0.04983
598.0,0.04936
599.0,0.04904
600.0,0.04881
601.0,0.04814
602.0,0.04753
603.0,0.04805
604.0,0.0486
605.0,0.04813
606.0,0.04775
607.0,0.04806
608.0,0.04736
609.0,0.04728
610.0,0.0468
611.0,0.04689
612.0,0.0466
613.0,0.04585
614.0,0.04507
615.0,0.0459
616.0,0.04423
617.0,0.04398
618.0,0.0455
619.0,0.04486
620.0,0.04495
621.0,0.04478
622.0,0.04404
623.0,0.04315
624.0,0.04222
625.0,0.04195
626.0,0.0424
627.0,0.04264
628.0,0.0391
629.0,0.04107
630.0,0.03992
631.0,0.04083
632.0,0.04021
633.0,0.04135
634.0,0.04085
635.0,0.04134
636.0,0.04066
637.0,0.04119
638.0,0.04147
639.0,0.04087
640.0,0.04033
641.0,0.04016
642.0,0.03985
643.0,0.04025
644.0,0.03998
645.0,0.03986
646.0,0.03869
647.0,0.03793
648.0,0.03778
649.0,0.03688
650.0,0.03708
651.0,0.03855
652.0,0.03658
653.0,0.03772
654.0,0.03716
655.0,0.03551
656.0,0.03141
657.0,0.03213
658.0,0.03593
659.0,0.03606
660.0,0.03606
661.0,0.03616
662.0,0.03605
663.0,0.03521
664.0,0.03553
665.0,0.03545
666.0,0.03535
667.0,0.0352
668.0,0.03509
669.0,0.0355
670.0,0.03519
671.0,0.03506
672.0,0.03464
673.0,0.03506
674.0,0.03478
675.0,0.03432
676.0,0.03441
677.0,0.03395
678.0,0.03392
679.0,0.03324
680.0,0.03336
681.0,0.033
682.0,0.03281
683.0,0.0326
684.0,0.03228
685.0,0.03241
686.0,0.03207
687.0,0.01952
688.0,0.02343
689.0,0.02344
690.0,0.02473
691.0,0.02625
692.0,0.02737
693.0,0.027
694.0,0.02666
695.0,0.02788
696.0,0.02779
697.0,0.02973
698.0,0.02913
699.0,0.02809
700.0,0.02762
701.0,0.02716
702.0,0.02732
703.0,0.02725
704.0,0.02811
705.0,0.02802
706.0,0.02792
707.0,0.02783
708.0,0.02776
709.0,0.02774
710.0,0.02757
711.0,0.02746
712.0,0.02731
713.0,0.02687
714.0,0.02684
715.0,0.02578
716.0,0.02566
717.0,0.02147
718.0,0.01949
719.0,0.01764
720.0,0.01841
721.0,0.02062
722.0,0.02403
723.0,0.02198
724.0,0.01941
725.0,0.01895
726.0,0.01984
727.0,0.02013
728.0,0.01865
729.0,0.01947
730.0,0.02055
731.0,0.01948
732.0,0.021
733.0,0.02237
734.0,0.02286
735.0,0.02225
736.0,0.02212
737.0,0.0221
738.0,0.0225
739.0,0.02194
740.0,0.02246
741.0,0.02216
742.0,0.0221
743.0,0.02255
744.0,0.02239
745.0,0.02229
746.0,0.02229
747.0,0.02224
748.0,0.02208
749.0,0.02172
750.0,0.02162
751.0,0.02131
752.0,0.02132
753.0,0.02133
754.0,0.02129
755.0,0.02107
756.0,0.02098
757.0,0.02092
758.0,0.02056
759.0,0.01995
760.0,0.002738
761.0,0.001434
762.0,0.008835
763.0,0.004159
764.0,0.00637
765.0,0.008702
766.0,0.01104
767.0,0.01444
768.0,0.01718
769.0,0.0176
770.0,0.01829
771.0,0.01843
772.0,0.0184
773.0,0.01844
774.0,0.01825
775.0,0.01803
776.0,0.01816
777.0,0.01783
778.0,0.01762
779.0,0.01755
780.0,0.01737
781.0,0.01731
782.0,0.01735
783.0,0.01698
784.0,0.01699
785.0,0.01679
786.0,0.0169
787.0,0.01647
788.0,0.01616
789.0,0.01608
790.0,0.01548
791.0,0.01564
792.0,0.01547
793.0,0.01514
794.0,0.01543
795.0,0.01559
796.0,0.01491
797.0,0.01487
798.0,0.01536
799.0,0.01517
800.0,0.0148
801.0,0.01466
802.0,0.01455
803.0,0.01436
804.0,0.01432
805.0,0.01425
806.0,0.01464
807.0,0.01438
808.0,0.01432
809.0,0.01394
810.0,0.01372
811.0,0.01363
812.0,0.01308
813.0,0.0127
814.0,0.01085
815.0,0.01074
816.0,0.009857
817.0,0.01002
818.0,0.009561
819.0,0.01087
820.0,0.0101
821.0,0.01212
822.0,0.01166
823.0,0.007393
824.0,0.01113
825.0,0.01169
826.0,0.0111
827.0,0.01179
828.0,0.009643
829.0,0.01091
830.0,0.0107
831.0,0.0107
832.0,0.01027
833.0,0.01106
834.0,0.01053
835.0,0.01173
836.0,0.01104
837.0,0.01167
838.0,0.01119
839.0,0.0114
840.0,0.01161
841.0,0.01137
842.0,0.01138
843.0,0.01137
844.0,0.01113
845.0,0.01149
846.0,0.01139
847.0,0.01114
848.0,0.011
849.0,0.01064
850.0,0.01014
851.0,0.01067
852.0,0.01055
853.0,0.01012
854.0,0.008683
855.0,0.00952
856.0,0.01035
857.0,0.01056
858.0,0.01044
859.0,0.01041
860.0,0.01039
861.0,0.01029
862.0,0.01042
863.0,0.01063
864.0,0.01006
865.0,0.009931
866.0,0.008894
867.0,0.009245
868.0,0.01002
869.0,0.009773
870.0,0.01001
871.0,0.009834
872.0,0.00976
873.0,0.0097
874.0,0.009543
875.0,0.009307
876.0,0.009361
877.0,0.009417
878.0,0.009476
879.0,0.009291
880.0,0.009053
881.0,0.008872
882.0,0.009024
883.0,0.009024
884.0,0.008938
885.0,0.008964
886.0,0.008477
887.0,0.008556
888.0,0.008631
889.0,0.008718
890.0,0.008574
891.0,0.008542
892.0,0.008224
893.0,0.007883
894.0,0.007482
895.0,0.006929
896.0,0.006425
897.0,0.005348
898.0,0.005896
899.0,0.004276
900.0,0.006064
901.0,0.004493
902.0,0.005427
903.0,0.00541
904.0,0.007122
905.0,0.0068
906.0,0.006287
907.0,0.004865
908.0,0.004982
909.0,0.005474
910.0,0.004673
911.0,0.005054
912.0,0.005293
913.0,0.004682
914.0,0.004639
915.0,0.00505
916.0,0.004172
917.0,0.005492
918.0,0.004253
919.0,0.005578
920.0,0.005683
921.0,0.005933
922.0,0.005159
923.0,0.005691
924.0,0.005241
925.0,0.005096
926.0,0.005136
927.0,0.00584
928.0,0.003974
929.0,0.003551
930.0,0.00267
931.0,0.00251
932.0,0.00172
933.0,0.001361
934.0,0.000702
935.0,0.001395
936.0,0.0008322
937.0,0.000839
938.0,0.001042
939.0,0.002348
940.0,0.002893
941.0,0.002088
942.0,0.002452
943.0,0.001529
944.0,0.001638
945.0,0.002126
946.0,0.001002
947.0,0.002107
948.0,0.001507
949.0,0.00291
950.0,0.0007034
951.0,0.002849
952.0,0.001409
953.0,0.001874
954.0,0.00237
955.0,0.001892
956.0,0.001857
957.0,0.001382
958.0,0.002735
959.0,0.002069
960.0,0.002335
961.0,0.002678
962.0,0.00251
963.0,0.002961
964.0,0.002668
965.0,0.002926
966.0,0.002912
967.0,0.002879
968.0,0.004145
969.0,0.00431
970.0,0.003886
971.0,0.00459
972.0,0.004328
973.0,0.003616
974.0,0.003396
975.0,0.003546
976.0,0.003295
977.0,0.003883
978.0,0.003614
979.0,0.003816
980.0,0.003533
981.0,0.004392
982.0,0.00413
983.0,0.003917
984.0,0.004536
985.0,0.004067
986.0,0.004618
987.0,0.004471
988.0,0.004445
989.0,0.004573
990.0,0.004385
991.0,0.004538
992.0,0.004553
993.0,0.004398
994.0,0.004524
995.0,0.004508
996.0,0.004465
997.0,0.004458
998.0,0.004419
999.0,0.004389
1000.0,0.004333
1001.0,0.004381
1002.0,0.004204
1003.0,0.004268
1004.0,0.004137
1005.0,0.003984
1006.0,0.004116
1007.0,0.004191
1008.0,0.004146
1009.0,0.004101
1010.0,0.004064
1011.0,0.004109
1012.0,0.004049
1013.0,0.00407
1014.0,0.004027
1015.0,0.003984
1016.0,0.00395
1017.0,0.003943
1018.0,0.003917
1019.0,0.003804
1020.0,0.003864
1021.0,0.003846
1022.0,0.003796
1023.0,0.003822
1024.0,0.003744
1025.0,0.003796
1026.0,0.003762
1027.0,0.003739
1028.0,0.003717
1029.0,0.003658
1030.0,0.003675
1031.0,0.003644
1032.0,0.003621
1033.0,0.003552
1034.0,0.003539
1035.0,0.003536
1036.0,0.00354
1037.0,0.003469
1038.0,0.003472
1039.0,0.003456
1040.0,0.003429
1041.0,0.003429
1042.0,0.003392
1043.0,0.003368
1044.0,0.003367
1045.0,0.003308
1046.0,0.003257
1047.0,0.003274
1048.0,0.003279
1049.0,0.003255
1050.0,0.003227
1051.0,0.003209
1052.0,0.003183
1053.0,0.003145
1054.0,0.003139
1055.0,0.003127
1056.0,0.003102
1057.0,0.00308
1058.0,0.002992
1059.0,0.002983
1060.0,0.002966
1061.0,0.00295
1062.0,0.002953
1063.0,0.002912
1064.0,0.002937
1065.0,0.0029
1066.0,0.002836
1067.0,0.002861
1068.0,0.002784
1069.0,0.002691
1070.0,0.002769
1071.0,0.002812
1072.0,0.002761
1073.0,0.002714
1074.0,0.002787
1075.0,0.002606
1076.0,0.002762
1077.0,0.002685
1078.0,0.002618
1079.0,0.002693
1080.0,0.002612
1081.0,0.002508
1082.0,0.002565
1083.0,0.00257
1084.0,0.002465
1085.0,0.002577
1086.0,0.002292
1087.0,0.002395
1088.0,0.002515
1089.0,0.0024
1090.0,0.002318
1091.0,0.002471
1092.0,0.002462
1093.0,0.001997
1094.0,0.002227
1095.0,0.002079
1096.0,0.00196
1097.0,0.002365
1098.0,0.001908
1099.0,0.001995
1100.0,0.001813
1101.0,0.001841
1102.0,0.001734
1103.0,0.001697
1104.0,0.001696
1105.0,0.0019
1106.0,0.001345
1107.0,0.00177
1108.0,0.001431
1109.0,0.001434
1110.0,0.001726
1111.0,0.001076
1112.0,0.001411
1113.0,0.0008194
1114.0,0.000922
1115.0,0.000748
1116.0,0.0005697
1117.0,0.0001891
1118.0,0.0006228
1119.0,0.0002865
1120.0,0.0003612
1121.0,0.0004895
1122.0,0.0001915
1123.0,0.000322
1124.0,0.000269
1125.0,0.0003563
1126.0,0.0001139
1127.0,0.0004016
1128.0,0.000227
1129.0,0.0002413
1130.0,0.0001549
1131.0,0.00081
1132.0,0.0006163
1133.0,0.0003662
1134.0,8.576e-05
1135.0,3.189e-05
1136.0,0.000296
1137.0,0.0007723
1138.0,0.000527
1139.0,0.0008435
1140.0,0.0006779
1141.0,0.0004946
1142.0,0.0005779
1143.0,0.0008561
1144.0,0.0002662
1145.0,0.0003382
1146.0,0.0003644
1147.0,0.0001183
1148.0,0.0007175
1149.0,0.0005522
1150.0,0.0002834
1151.0,0.0004997
1152.0,0.0006329
1153.0,0.0006224
1154.0,0.0003177
1155.0,0.000836
1156.0,0.000736
1157.0,0.0008471
1158.0,0.0008338
1159.0,0.0009134
1160.0,0.0007593
1161.0,0.0009757
1162.0,0.0009725
1163.0,0.001401
1164.0,0.001161
1165.0,0.001068
1166.0,0.001069
1167.0,0.001179
1168.0,0.001186
1169.0,0.001221
1170.0,0.001347
1171.0,0.001303
1172.0,0.001335
1173.0,0.00133
1174.0,0.0008833
1175.0,0.0013
1176.0,0.001458
1177.0,0.001374
1178.0,0.0009726
1179.0,0.001456
1180.0,0.001255
1181.0,0.001298
1182.0,0.0008326
1183.0,0.001278
1184.0,0.00117
1185.0,0.001112
1186.0,0.001369
1187.0,0.001283
1188.0,0.0008301
1189.0,0.001181
1190.0,0.00132
1191.0,0.001223
1192.0,0.001334
1193.0,0.001261
1194.0,0.001305
1195.0,0.001212
1196.0,0.001152
1197.0,0.001305
1198.0,0.001173
1199.0,0.0009551
1200.0,0.00122
1201.0,0.001159
1202.0,0.001156
1203.0,0.001144
1204.0,0.0009687
1205.0,0.001183
1206.0,0.001333
1207.0,0.001134
1208.0,0.001125
1209.0,0.001146
1210.0,0.001201
1211.0,0.001124
1212.0,0.001092
1213.0,0.001252
1214.0,0.001119
1215.0,0.00109
1216.0,0.001237
1217.0,0.001193
1218.0,0.001219
1219.0,0.001196
1220.0,0.001213
1221.0,0.001226
1222.0,0.001185
1223.0,0.001167
1224.0,0.00115
1225.0,0.001202
1226.0,0.001211
1227.0,0.001093
1228.0,0.001213
1229.0,0.0012
1230.0,0.001171
1231.0,0.001214
1232.0,0.001202
1233.0,0.001141
1234.0,0.001204
1235.0,0.00119
1236.0,0.001197
1237.0,0.001171
1238.0,0.001185
1239.0,0.001166
1240.0,0.001168
1241.0,0.001155
1242.0,0.001152
1243.0,0.001139
1244.0,0.001142
1245.0,0.001144
1246.0,0.001133
1247.0,0.001124
1248.0,0.001118
1249.0,0.00112
1250.0,0.001108
1251.0,0.001088
1252.0,0.001088
1253.0,0.00107
1254.0,0.001052
1255.0,0.001075
1256.0,0.001031
1257.0,0.001021
1258.0,0.001044
1259.0,0.0009883
1260.0,0.0009923
1261.0,0.0009162
1262.0,0.0008773
1263.0,0.0008759
1264.0,0.0007873
1265.0,0.0008656
1266.0,0.0008191
1267.0,0.0008387
1268.0,0.0007807
1269.0,0.0004264
1270.0,0.0008256
1271.0,0.0008897
1272.0,0.0008917
1273.0,0.0008775
1274.0,0.00088
1275.0,0.0008932
1276.0,0.0009024
1277.0,0.0009094
1278.0,0.000931
1279.0,0.0009192
1280.0,0.0009051
1281.0,0.0008643
1282.0,0.0008356
1283.0,0.000896
1284.0,0.0009134
1285.0,0.0009175
1286.0,0.0009301
1287.0,0.0009072
1288.0,0.0009057
1289.0,0.0008636
1290.0,0.0008926
1291.0,0.0009041
1292.0,0.0008272
1293.0,0.0008759
1294.0,0.000866
1295.0,0.0008541
1296.0,0.0008009
1297.0,0.0007459
1298.0,0.000819
1299.0,0.0008624
1300.0,0.0006952
1301.0,0.0007205
1302.0,0.0008074
1303.0,0.0006817
1304.0,0.000555
1305.0,0.0007804
1306.0,0.0007764
1307.0,0.0005678
1308.0,0.0006745
1309.0,0.0007603
1310.0,0.0005497
1311.0,0.0006346
1312.0,0.0006136
1313.0,0.0005942
1314.0,0.000518
1315.0,0.0005081
1316.0,0.0006122
1317.0,0.0005719
1318.0,0.0006325
1319.0,0.0004633
1320.0,0.0004487
1321.0,0.0005358
1322.0,0.0005371
1323.0,0.00038
1324.0,0.0004474
1325.0,0.0005841
1326.0,0.0004838
1327.0,0.0004555
1328.0,0.000382
1329.0,0.000271
1330.0,0.0003638
1331.0,0.0002029
1332.0,0.0002114
1333.0,0.0003016
1334.0,0.0002565
1335.0,0.0003643
1336.0,0.0002764
1337.0,0.0002403
1338.0,0.0002604
1339.0,0.0002596
1340.0,0.0002532
1341.0,0.0002407
1342.0,0.0002537
1343.0,0.0001602
1344.0,9.415e-05
1345.0,0.0001371
1346.0,6.411e-05
1347.0,6.47e-05
1348.0,4.039e-06
1349.0,1.455e-05
1350.0,1.511e-05
1351.0,3.625e-06
1352.0,9.737e-07
1353.0,4.954e-08
1354.0,1.703e-07
1355.0,1.371e-09
1356.0,2.399e-08
1357.0,3.645e-08
1358.0,1.61e-09
1359.0,2.028e-10
1360.0,7.328e-10
1361.0,8.197e-13
1362.0,2.242e-15
1363.0,9.853e-10
1364.0,4.068e-10
1365.0,7.828e-16
1366.0,4.27e-09
1367.0,1.743e-09
1368.0,6.045e-18
1369.0,1.499e-10
1370.0,7.381e-11
1371.0,4.184e-12
1372.0,9.452e-10
1373.0,1.904e-08
1374.0,8.832e-08
1375.0,1.602e-07
1376.0,1.437e-07
1377.0,6.562e-08
1378.0,6.416e-07
1379.0,2.742e-08
1380.0,3.94e-08
1381.0,1.026e-09
1382.0,8.284e-10
1383.0,1.238e-11
1384.0,1.624e-10
1385.0,7.765e-10
1386.0,7.303e-10
1387.0,8.833e-08
1388.0,1.737e-09
1389.0,2.983e-07
1390.0,2.56e-07
1391.0,1.702e-07
1392.0,1.103e-08
1393.0,5.846e-08
1394.0,3.013e-08
1395.0,2.208e-10
1396.0,1.067e-12
1397.0,2.301e-08
1398.0,6.805e-07
1399.0,4.305e-07
1400.0,4.562e-13
1401.0,1.893e-12
1402.0,1.193e-06
1403.0,1.494e-06
1404.0,4.538e-07
1405.0,1.045e-10
1406.0,1.173e-06
1407.0,1.034e-07
1408.0,9.543e-07
1409.0,3.18e-07
1410.0,2.546e-07
1411.0,1.285e-06
1412.0,1.734e-06
1413.0,1.819e-05
1414.0,1.988e-07
1415.0,9.493e-08
1416.0,3.05e-05
1417.0,8.865e-06
1418.0,1.002e-05
1419.0,1.536e-06
1420.0,6.08e-06
1421.0,6.57e-06
1422.0,3.933e-05
1423.0,7.424e-06
1424.0,1.402e-05
1425.0,2.048e-05
1426.0,2.362e-05
1427.0,4.472e-05
1428.0,3.007e-06
1429.0,3.252e-05
1430.0,5.748e-05
1431.0,6.358e-05
1432.0,2.336e-06
1433.0,3.918e-05
1434.0,1.94e-05
1435.0,1.859e-05
1436.0,3.726e-05
1437.0,2.839e-05
1438.0,1.154e-05
1439.0,5.109e-05
1440.0,3.804e-05
1441.0,2.805e-05
1442.0,3.106e-05
1443.0,4.015e-05
1444.0,5.677e-05
1445.0,4.284e-05
1446.0,1.869e-05
1447.0,2.973e-05
1448.0,0.000113
1449.0,9.586e-05
1450.0,2.187e-05
1451.0,8.502e-06
1452.0,5.465e-05
1453.0,7.29e-05
1454.0,0.0001357
1455.0,5.902e-05
1456.0,7.915e-05
1457.0,0.0001111
1458.0,0.0001368
1459.0,0.0001626
1460.0,7.908e-05
1461.0,8.037e-05
1462.0,0.000124
1463.0,3.634e-05
1464.0,0.000152
1465.0,8.778e-05
1466.0,5.524e-05
1467.0,2.758e-05
1468.0,6.616e-05
1469.0,8.362e-05
1470.0,3.817e-05
1471.0,1.335e-05
1472.0,3.623e-05
1473.0,5.788e-05
1474.0,8.931e-05
1475.0,0.0001835
1476.0,5.804e-05
1477.0,5.764e-05
1478.0,5.452e-05
1479.0,0.000111
1480.0,4.914e-05
1481.0,0.0001042
1482.0,4.854e-05
1483.0,0.0001396
1484.0,0.0001314
1485.0,0.0001142
1486.0,0.0001104
1487.0,4.637e-05
1488.0,8.743e-05
1489.0,0.0001878
1490.0,0.000173
1491.0,0.000201
1492.0,0.0001561
1493.0,0.0001759
1494.0,0.0002047
1495.0,0.0001782
1496.0,0.0001645
1497.0,0.0002427
1498.0,0.0001886
1499.0,0.0002256
1500.0,0.0002688
1501.0,0.0002827
1502.0,0.000234
1503.0,0.0001909
1504.0,0.000147
1505.0,0.0001828
1506.0,0.0002822
1507.0,0.0002682
1508.0,0.000254
1509.0,0.0001824
1510.0,0.0002919
1511.0,0.0002785
1512.0,0.0002775
1513.0,0.0002471
1514.0,0.0002271
1515.0,0.0002842
1516.0,0.0002693
1517.0,0.0002598
1518.0,0.0002591
1519.0,0.0002507
1520.0,0.0002737
1521.0,0.0002981
1522.0,0.0002784
1523.0,0.0003014
1524.0,0.0002894
1525.0,0.0002722
1526.0,0.0002765
1527.0,0.0002737
1528.0,0.0002958
1529.0,0.0002783
1530.0,0.0002716
1531.0,0.0002792
1532.0,0.000293
1533.0,0.0002929
1534.0,0.0002866
1535.0,0.0002834
1536.0,0.0002891
1537.0,0.0002813
1538.0,0.0002849
1539.0,0.0002787
1540.0,0.0002797
1541.0,0.0002808
1542.0,0.0002763
1543.0,0.0002814
1544.0,0.0002766
1545.0,0.0002824
1546.0,0.0002767
1547.0,0.0002726
1548.0,0.000272
1549.0,0.000274
1550.0,0.0002713
1551.0,0.0002725
1552.0,0.0002692
1553.0,0.0002676
1554.0,0.0002644
1555.0,0.0002647
1556.0,0.0002638
1557.0,0.0002664
1558.0,0.0002642
1559.0,0.0002619
1560.0,0.0002631
1561.0,0.0002643
1562.0,0.0002601
1563.0,0.0002575
1564.0,0.000258
1565.0,0.0002581
1566.0,0.000254
1567.0,0.000254
1568.0,0.0002507
1569.0,0.0002519
1570.0,0.0002536
1571.0,0.0002549
1572.0,0.0002528
1573.0,0.0002504
1574.0,0.0002408
1575.0,0.0002373
1576.0,0.0002327
1577.0,0.0002261
1578.0,0.0002367
1579.0,0.0002379
1580.0,0.0002396
1581.0,0.0002355
1582.0,0.0002304
1583.0,0.0002307
1584.0,0.0002351
1585.0,0.0002372
1586.0,0.0002337
1587.0,0.0002294
1588.0,0.0002229
1589.0,0.0002156
1590.0,0.0002197
1591.0,0.0002247
1592.0,0.0002304
1593.0,0.0002339
1594.0,0.0002326
1595.0,0.0002293
1596.0,0.0002219
1597.0,0.0002267
1598.0,0.0002298
1599.0,0.0002267
1600.0,0.0002248
1601.0,0.0002209
1602.0,0.0002209
1603.0,0.0002229
1604.0,0.0002206
1605.0,0.00022
1606.0,0.0002169
1607.0,0.0002183
1608.0,0.0002173
1609.0,0.0002112
1610.0,0.0002064
1611.0,0.0002095
1612.0,0.0002115
1613.0,0.0002112
1614.0,0.0002108
1615.0,0.0002056
1616.0,0.0002019
1617.0,0.0002052
1618.0,0.0002085
1619.0,0.0002038
1620.0,0.0001993
1621.0,0.0002011
1622.0,0.0002037
1623.0,0.0002062
1624.0,0.0002031
1625.0,0.0002018
1626.0,0.0002018
1627.0,0.0002029
1628.0,0.0002017
1629.0,0.0001996
1630.0,0.0001978
1631.0,0.0001959
1632.0,0.0001951
1633.0,0.000188
1634.0,0.0001928
1635.0,0.0001886
1636.0,0.0001872
1637.0,0.000185
1638.0,0.0001721
1639.0,0.0001801
1640.0,0.0001699
1641.0,0.0001777
1642.0,0.0001812
1643.0,0.0001679
1644.0,0.0001804
1645.0,0.0001732
1646.0,0.0001672
1647.0,0.0001819
1648.0,0.000166
1649.0,0.000176
1650.0,0.0001771
1651.0,0.0001607
1652.0,0.000174
1653.0,0.0001756
1654.0,0.0001635
1655.0,0.0001748
1656.0,0.0001705
1657.0,0.0001718
1658.0,0.0001743
1659.0,0.0001724
1660.0,0.0001735
1661.0,0.0001719
1662.0,0.0001659
1663.0,0.0001706
1664.0,0.0001684
1665.0,0.0001565
1666.0,0.0001215
1667.0,0.0001542
1668.0,0.0001616
1669.0,0.0001621
1670.0,0.0001651
1671.0,0.0001595
1672.0,0.0001575
1673.0,0.000161
1674.0,0.0001563
1675.0,0.0001536
1676.0,0.0001547
1677.0,0.0001537
1678.0,0.000148
1679.0,0.0001524
1680.0,0.0001456
1681.0,0.0001399
1682.0,0.0001485
1683.0,0.0001514
1684.0,0.0001365
1685.0,0.0001523
1686.0,0.0001515
1687.0,0.000144
1688.0,0.0001497
1689.0,0.0001477
1690.0,0.0001464
1691.0,0.00013
1692.0,0.0001448
1693.0,0.0001495
1694.0,0.0001422
1695.0,0.000147
1696.0,0.0001468
1697.0,0.0001181
1698.0,0.0001444
1699.0,0.000142
1700.0,0.0001372
1702.0,0.0001398
1705.0,0.0001336
1710.0,0.0001243
1715.0,0.0001233
1720.0,0.0001209
1725.0,0.00011
1730.0,0.0001078
1735.0,9.933e-05
1740.0,9.944e-05
1745.0,9.152e-05
1750.0,9.769e-05
1755.0,8.767e-05
1760.0,9.131e-05
1765.0,7.145e-05
1770.0,7.606e-05
1775.0,5.812e-05
1780.0,4.809e-05
1785.0,3.426e-05
1790.0,3.997e-05
1795.0,1.767e-05
1800.0,1.215e-05
1805.0,4.568e-06
1810.0,2.968e-06
1815.0,8.448e-07
1820.0,2.109e-07
1825.0,2.753e-07
1830.0,6.705e-10
1835.0,1.015e-09
1840.0,5.924e-12
1845.0,6.333e-10
1850.0,2.859e-10
1855.0,2.732e-11
1860.0,1.566e-09
1865.0,2.182e-09
1870.0,1.194e-14
1875.0,2.158e-14
1880.0,1.149e-08
1885.0,6.123e-09
1890.0,3.358e-08
1895.0,1.948e-08
1900.0,8.328e-11
1905.0,5.672e-11
1910.0,2.747e-09
1915.0,2.676e-09
1920.0,7.02e-08
1925.0,1.65e-07
1930.0,9.527e-08
1935.0,7.285e-07
1940.0,7.258e-07
1945.0,3.034e-06
1950.0,6.051e-06
1955.0,5.323e-06
1960.0,9.757e-06
1965.0,1.475e-05
1970.0,2.151e-05
1975.0,2.462e-05
1980.0,2.476e-05
1985.0,2.682e-05
1990.0,2.76e-05
1995.0,2.928e-05
2000.0,3.089e-05
2005.0,2.51e-05
2010.0,3.79e-05
2015.0,2.828e-05
2020.0,3.042e-05
2025.0,3.344e-05
2030.0,2.996e-05
2035.0,3.305e-05
2040.0,3.083e-05
2045.0,3.168e-05
2050.0,3.21e-05
2055.0,3.024e-05
2060.0,2.886e-05
2065.0,2.924e-05
2070.0,2.856e-05
2075.0,2.915e-05
2080.0,2.81e-05
2085.0,2.769e-05
2090.0,2.781e-05
2095.0,2.666e-05
2100.0,2.435e-05
2105.0,2.644e-05
2110.0,2.495e-05
2115.0,2.551e-05
2120.0,2.353e-05
2125.0,2.378e-05
2130.0,2.397e-05
2135.0,2.397e-05
2140.0,2.399e-05
2145.0,2.352e-05
2150.0,2.158e-05
2155.0,2.141e-05
2160.0,2.103e-05
2165.0,1.892e-05
2170.0,2.011e-05
2175.0,1.93e-05
2180.0,1.979e-05
2185.0,1.727e-05
2190.0,1.87e-05
2195.0,1.833e-05
2200.0,1.561e-05
2205.0,1.655e-05
2210.0,1.812e-05
2215.0,1.7e-05
2220.0,1.73e-05
2225.0,1.656e-05
2230.0,1.651e-05
2235.0,1.589e-05
2240.0,1.555e-05
2245.0,1.467e-05
2250.0,1.494e-05
2255.0,1.36e-05
2260.0,1.321e-05
2265.0,1.352e-05
2270.0,1.243e-05
2275.0,1.211e-05
2280.0,1.276e-05
2285.0,1.167e-05
2290.0,1.159e-05
2295.0,1.116e-05
2300.0,1.036e-05
2305.0,1.038e-05
2310.0,1.159e-05
2315.0,1.004e-05
2320.0,8.523e-06
2325.0,9.728e-06
2330.0,9.599e-06
2335.0,9.821e-06
2340.0,7.178e-06
2345.0,8.2e-06
2350.0,6.243e-06
2355.0,7.362e-06
2360.0,7.852e-06
2365.0,7.727e-06
2370.0,4.101e-06
2375.0,6.537e-06
2380.0,6.197e-06
2385.0,4.198e-06
2390.0,5.08e-06
2395.0,5.625e-06
2400.0,6.198e-06
2405.0,4.503e-06
2410.0,4.471e-06
2415.0,3.444e-06
2420.0,3.317e-06
2425.0,4.228e-06
2430.0,5.959e-06
2435.0,1.671e-06
2440.0,5.711e-06
2445.0,2.386e-06
2450.0,1.46e-06
2455.0,2.899e-06
2460.0,3.962e-06
2465.0,2.681e-06
2470.0,1.72e-06
2475.0,1.663e-06
2480.0,7.613e-07
2485.0,4.894e-07
2490.0,2.796e-07
2495.0,2.418e-07
2500.0,6.059e-07
2505.0,1.22e-07
2510.0,1.797e-07
2515.0,3.784e-08
2520.0,2.124e-08
2525.0,2.422e-09
2530.0,1.685e-11
2535.0,3.728e-12
2540.0,8.843e-12
2545.0,6.858e-16
2550.0,2.781e-18
2555.0,1.335e-14
2560.0,4.006e-16
2565.0,8.967000000000001e-20
2570.0,2.6699999999999998e-24
2575.0,1.689e-34
2580.0,1.7610000000000001e-28
2585.0,3.681e-42
2590.0,2.297e-38
2595.0,4.468e-40
2600.0,3.679e-35
2605.0,4.0650000000000004e-42
2610.0,1.399e-41
2615.0,1.4009999999999999e-45
2620.0,1.2330000000000001e-35
2625.0,2.258e-35
2630.0,0.0
2635.0,1.176e-21
2640.0,2.546e-22
2645.0,1.11e-24
2650.0,1.105e-25
2655.0,1.329e-34
2660.0,1.119e-31
2665.0,1.121e-44
2670.0,0.0
2675.0,5.325e-44
2680.0,2.269e-30
2685.0,2.168e-31
2690.0,8.11e-31
2695.0,3.181e-33
2700.0,9.267e-29
2705.0,2.628e-26
2710.0,2.0930000000000002e-31
2715.0,2.6419999999999997e-29
2720.0,0.0
2725.0,5.917e-27
2730.0,1.725e-24
2735.0,1.9670000000000002e-26
2740.0,3.554e-32
2745.0,4.582e-27
2750.0,2.568e-26
2755.0,4.132e-28
2760.0,6.189e-23
2765.0,2.905e-29
2770.0,1.427e-26
2775.0,1.7619999999999998e-23
2780.0,8.205e-21
2785.0,3.0810000000000004e-20
2790.0,7.024e-18
2795.0,1.545e-18
2800.0,4.933e-15
2805.0,9.224e-17
2810.0,3.699e-13
2815.0,1.103e-13
2820.0,1.348e-15
2825.0,1.183e-11
2830.0,2.571e-10
2835.0,3.541e-15
2840.0,7.578e-12
2845.0,2.623e-09
2850.0,4.539e-11
2855.0,1.813e-11
2860.0,9.426e-10
2865.0,6.95e-09
2870.0,1.763e-10
2875.0,1.692e-08
2880.0,1.066e-08
2885.0,1.756e-08
2890.0,7.465e-09
2895.0,1.273e-07
2900.0,3.548e-08
2905.0,4.105e-09
2910.0,1.299e-07
2915.0,5.51e-08
2920.0,1.368e-07
2925.0,4.875e-08
2930.0,2.955e-07
2935.0,3.259e-07
2940.0,7.285e-08
2945.0,6.254e-08
2950.0,2.528e-07
2955.0,1.125e-07
2960.0,2.234e-07
2965.0,3.788e-07
2970.0,1.479e-08
2975.0,3.747e-08
2980.0,5.833e-08
2985.0,3.441e-07
2990.0,5.225e-07
2995.0,1.977e-07
3000.0,3.765e-07
3005.0,1.279e-07
3010.0,3.296e-07
3015.0,2.553e-07
3020.0,2.3e-08
3025.0,3.523e-07
3030.0,2.773e-07
3035.0,1.052e-07
3040.0,8.218e-08
3045.0,1.767e-07
3050.0,3.998e-08
3055.0,9.775e-09
3060.0,2.757e-07
3065.0,1.164e-07
3070.0,6.534e-08
3075.0,2.57e-07
3080.0,1.49e-07
3085.0,6.569e-08
3090.0,8.936e-08
3095.0,2.195e-08
3100.0,1.791e-07
3105.0,3.344e-08
3110.0,2.798e-08
3115.0,8.406e-08
3120.0,4.154e-07
3125.0,1.213e-07
3130.0,2.417e-07
3135.0,4.87e-07
3140.0,1.283e-07
3145.0,1.259e-07
3150.0,2.669e-07
3155.0,2.245e-07
3160.0,3.737e-07
3165.0,5.919e-07
3170.0,5.238e-07
3175.0,3.655e-07
3180.0,4.332e-07
3185.0,3.006e-07
3190.0,1.572e-07
3195.0,8.68e-08
3200.0,1.222e-08
3205.0,7.981e-09
3210.0,3.325e-09
3215.0,1.352e-08
3220.0,4.753e-08
3225.0,5.459e-09
3230.0,9.068e-09
3235.0,2.573e-07
3240.0,1.16e-07
3245.0,2.196e-08
3250.0,8.126e-08
3255.0,3.533e-07
3260.0,3.466e-08
3265.0,7.522e-08
3270.0,3.532e-08
3275.0,2.153e-07
3280.0,9.088e-08
3285.0,4.02e-07
3290.0,3.001e-07
3295.0,3.636e-08
3300.0,5.408e-08
3305.0,1.247e-07
3310.0,1.183e-07
3315.0,1.702e-10
3320.0,1.072e-09
3325.0,9.917e-08
3330.0,1.522e-07
3335.0,2.964e-07
3340.0,1.08e-07
3345.0,1.046e-07
3350.0,2.642e-07
3355.0,1.058e-07
3360.0,1.631e-07
3365.0,2.313e-07
3370.0,1.107e-07
3375.0,2.72e-07
3380.0,1.46e-07
3385.0,2.332e-07
3390.0,3.071e-07
3395.0,2.978e-07
3400.0,4.047e-07
3405.0,1.214e-07
3410.0,2.15e-07
3415.0,2.082e-07
3420.0,4.213e-07
3425.0,2.991e-07
3430.0,2.514e-07
3435.0,3.613e-07
3440.0,2.288e-07
3445.0,3.438e-07
3450.0,3.354e-07
3455.0,2.377e-07
3460.0,3.831e-07
3465.0,2.812e-07
3470.0,3.704e-07
3475.0,3.2e-07
3480.0,3.279e-07
3485.0,3.576e-07
3490.0,2.968e-07
3495.0,3.594e-07
3500.0,3.467e-07
3505.0,3.417e-07
3510.0,3.46e-07
3515.0,3.288e-07
3520.0,3.509e-07
3525.0,3.253e-07
3530.0,3.146e-07
3535.0,2.552e-07
3540.0,2.409e-07
3545.0,2.555e-07
3550.0,2.897e-07
3555.0,2.412e-07
3560.0,2.965e-07
3565.0,2.956e-07
3570.0,2.202e-07
3575.0,2.27e-07
3580.0,2.758e-07
3585.0,2.39e-07
3590.0,2.5e-07
3595.0,2.56e-07
3600.0,2.742e-07
3605.0,2.729e-07
3610.0,2.46e-07
3615.0,2.467e-07
3620.0,3.104e-07
3625.0,2.627e-07
3630.0,2.554e-07
3635.0,2.634e-07
3640.0,2.99e-07
3645.0,2.669e-07
3650.0,2.529e-07
3655.0,2.777e-07
3660.0,2.749e-07
3665.0,2.515e-07
3670.0,1.866e-07
3675.0,1.037e-07
3680.0,1.933e-07
3685.0,2.238e-07
3690.0,2.313e-07
3695.0,2.425e-07
3700.0,2.644e-07
3705.0,2.589e-07
3710.0,2.185e-07
3715.0,2.145e-07
3720.0,2.471e-07
3725.0,2.54e-07
3730.0,2.139e-07
3735.0,1.922e-07
3740.0,1.98e-07
3745.0,2.367e-07
3750.0,2.107e-07
3755.0,2.024e-07
3760.0,1.976e-07
3765.0,1.892e-07
3770.0,2.046e-07
3775.0,2.011e-07
3780.0,2.145e-07
3785.0,1.922e-07
3790.0,1.657e-07
3795.0,1.935e-07
3800.0,2.206e-07
3805.0,2.041e-07
3810.0,1.758e-07
3815.0,1.625e-07
3820.0,2.115e-07
3825.0,2.054e-07
3830.0,2.085e-07
3835.0,1.574e-07
3840.0,1.907e-07
3845.0,1.842e-07
3850.0,1.849e-07
3855.0,1.75e-07
3860.0,1.602e-07
3865.0,1.611e-07
3870.0,1.423e-07
3875.0,1.264e-07
3880.0,1.208e-07
3885.0,1.256e-07
3890.0,1.272e-07
3895.0,1.42e-07
3900.0,1.526e-07
3905.0,1.515e-07
3910.0,1.318e-07
3915.0,1.273e-07
3920.0,1.267e-07
3925.0,1.237e-07
3930.0,1.284e-07
3935.0,1.347e-07
3940.0,1.363e-07
3945.0,1.387e-07
3950.0,1.41e-07
3955.0,1.424e-07
3960.0,1.435e-07
3965.0,1.444e-07
3970.0,1.419e-07
3975.0,1.369e-07
3980.0,1.341e-07
3985.0,1.343e-07
3990.0,1.316e-07
3995.0,1.277e-07
4000.0,1.216e-07
