interpolation:linear
wavelength,value
280.0,1.127e-19
280.5,6.769e-21
281.0,2.16e-20
281.5,2.806e-19
282.0,1.503e-18
282.5,4.519e-18
283.0,1.557e-17
283.5,2.582e-17
284.0,4.091e-16
284.5,1.135e-15
285.0,3.263e-15
285.5,2.127e-14
286.0,9.199e-14
286.5,4.572e-13
287.0,1.375e-12
287.5,5.495e-12
288.0,1.537e-11
288.5,5.96e-11
289.0,1.959e-10
289.5,7.216e-10
290.0,2.326e-09
290.5,5.351e-09
291.0,1.324e-08
291.5,4.566e-08
292.0,1.038e-07
292.5,1.579e-07
293.0,3.768e-07
293.5,1.074e-06
294.0,1.896e-06
294.5,4.468e-06
295.0,8.617e-06
295.5,1.749e-05
296.0,3.222e-05
296.5,4.312e-05
297.0,5.627e-05
297.5,0.0001435
298.0,0.0002168
298.5,0.0002111
299.0,0.0004508
299.5,0.0007109
300.0,0.0007586
300.5,0.001065
301.0,0.001839
301.5,0.002804
302.0,0.002339
302.5,0.004282
303.0,0.007085
303.5,0.00847
304.0,0.007702
304.5,0.01065
305.0,0.01461
305.5,0.01569
306.0,0.01478
306.5,0.01764
307.0,0.02407
307.5,0.02958
308.0,0.03072
308.5,0.03485
309.0,0.03503
309.5,0.03729
310.0,0.03616
310.5,0.05741
311.0,0.06998
311.5,0.06651
312.0,0.06286
312.5,0.07362
313.0,0.0781
313.5,0.07665
314.0,0.09172
314.5,0.07699
315.0,0.09979
315.5,0.08503
316.0,0.07103
316.5,0.09821
317.0,0.1214
317.5,0.1269
318.0,0.09634
318.5,0.1142
319.0,0.1322
319.5,0.1108
320.0,0.1339
320.5,0.1601
321.0,0.1369
321.5,0.1302
322.0,0.1434
322.5,0.1239
323.0,0.1198
323.5,0.1467
324.0,0.1698
324.5,0.173
325.0,0.1472
325.5,0.1848
326.0,0.2292
326.5,0.2261
327.0,0.2251
327.5,0.2175
328.0,0.1955
328.5,0.201
329.0,0.2364
329.5,0.2661
330.0,0.268
330.5,0.2156
331.0,0.2193
331.5,0.2202
332.0,0.2343
332.5,0.2297
333.0,0.2285
333.5,0.2074
334.0,0.2117
334.5,0.2411
335.0,0.2245
335.5,0.2693
336.0,0.1855
336.5,0.2099
337.0,0.172
337.5,0.2132
338.0,0.2058
338.5,0.2426
339.0,0.2375
339.5,0.2284
340.0,0.2608
340.5,0.2338
341.0,0.232
341.5,0.2098
342.0,0.249
342.5,0.2313
343.0,0.2547
343.5,0.2398
344.0,0.1733
344.5,0.1791
345.0,0.2326
345.5,0.2353
346.0,0.1985
346.5,0.2233
347.0,0.2397
347.5,0.1933
348.0,0.2181
348.5,0.2163
349.0,0.1995
349.5,0.1967
350.0,0.2421
350.5,0.2542
351.0,0.2266
351.5,0.2208
352.0,0.2349
352.5,0.1818
353.0,0.2276
353.5,0.2419
354.0,0.2498
354.5,0.2521
355.0,0.2503
355.5,0.225
356.0,0.2342
356.5,0.199
357.0,0.1637
357.5,0.1994
358.0,0.1573
358.5,0.1337
359.0,0.1863
359.5,0.2366
360.0,0.2495
360.5,0.1984
361.0,0.18
361.5,0.2062
362.0,0.1775
362.5,0.2445
363.0,0.2186
363.5,0.2004
364.0,0.244
364.5,0.2076
365.0,0.2105
365.5,0.2629
366.0,0.2773
366.5,0.2593
367.0,0.2514
367.5,0.2597
368.0,0.2262
368.5,0.2273
369.0,0.2443
369.5,0.2592
370.0,0.2751
370.5,0.2125
371.0,0.2261
371.5,0.2815
372.0,0.186
372.5,0.222
373.0,0.2248
373.5,0.1456
374.0,0.2107
374.5,0.1737
375.0,0.1681
375.5,0.2498
376.0,0.2062
376.5,0.2127
377.0,0.2242
377.5,0.2611
378.0,0.2818
378.5,0.265
379.0,0.2177
379.5,0.1979
380.0,0.2048
380.5,0.2468
381.0,0.2462
381.5,0.1942
382.0,0.1717
382.5,0.1456
383.0,0.1342
383.5,0.1287
384.0,0.1413
384.5,0.2069
385.0,0.2043
385.5,0.1894
386.0,0.1615
386.5,0.2111
387.0,0.1746
387.5,0.1952
388.0,0.1794
388.5,0.1766
389.0,0.1897
389.5,0.2287
390.0,0.2285
390.5,0.2093
391.0,0.2453
391.5,0.249
392.0,0.2088
392.5,0.186
393.0,0.1031
393.5,0.07458
394.0,0.1511
394.5,0.1913
395.0,0.2324
395.5,0.235
396.0,0.2028
396.5,0.118
397.0,0.08818
397.5,0.1785
398.0,0.2489
398.5,0.2561
399.0,0.2761
399.5,0.274
400.0,0.2833
401.0,0.2782
402.0,0.2908
403.0,0.2738
404.0,0.2672
405.0,0.2648
406.0,0.2582
407.0,0.2517
408.0,0.2593
409.0,0.2752
410.0,0.2385
411.0,0.2561
412.0,0.2727
413.0,0.2636
414.0,0.2646
415.0,0.263
416.0,0.2652
417.0,0.2564
418.0,0.2494
419.0,0.2505
420.0,0.2472
421.0,0.2563
422.0,0.2415
423.0,0.2338
424.0,0.2451
425.0,0.2425
426.0,0.2342
427.0,0.2279
428.0,0.2202
429.0,0.2068
430.0,0.1795
431.0,0.1763
432.0,0.2257
433.0,0.225
434.0,0.2071
435.0,0.2145
436.0,0.2398
437.0,0.2347
438.0,0.212
439.0,0.2176
440.0,0.2227
441.0,0.2288
442.0,0.2432
443.0,0.235
444.0,0.2381
445.0,0.2311
446.0,0.2187
447.0,0.2344
448.0,0.2361
449.0,0.235
450.0,0.2395
451.0,0.2463
452.0,0.2353
453.0,0.2196
454.0,0.2274
455.0,0.227
456.0,0.2304
457.0,0.2323
458.0,0.2226
459.0,0.2196
460.0,0.2184
461.0,0.2217
462.0,0.2217
463.0,0.2185
464.0,0.2134
465.0,0.209
466.0,0.2093
467.0,0.2038
468.0,0.2044
469.0,0.2037
470.0,0.1958
471.0,0.1941
472.0,0.2029
473.0,0.1987
474.0,0.1974
475.0,0.1975
476.0,0.1901
477.0,0.1891
478.0,0.1928
479.0,0.19
480.0,0.1889
481.0,0.1907
482.0,0.1902
483.0,0.1864
484.0,0.1812
485.0,0.1713
486.0,0.1486
487.0,0.1545
488.0,0.1682
489.0,0.1674
490.0,0.1748
491.0,0.1705
492.0,0.1598
493.0,0.1637
494.0,0.1641
495.0,0.1643
496.0,0.1641
497.0,0.1654
498.0,0.1565
499.0,0.1573
500.0,0.1515
501.0,0.1476
502.0,0.1443
503.0,0.149
504.0,0.1442
505.0,0.1482
506.0,0.152
507.0,0.1435
508.0,0.138
509.0,0.1409
510.0,0.1391
511.0,0.1419
512.0,0.1423
513.0,0.1337
514.0,0.1318
515.0,0.1296
516.0,0.1284
517.0,0.1133
518.0,0.1183
519.0,0.1231
520.0,0.1267
521.0,0.1269
522.0,0.1262
523.0,0.123
524.0,0.1266
525.0,0.1272
526.0,0.1207
527.0,0.1129
528.0,0.1185
529.0,0.1241
530.0,0.1215
531.0,0.1225
532.0,0.1175
533.0,0.1133
534.0,0.1159
535.0,0.1176
536.0,0.1179
537.0,0.1124
538.0,0.1136
539.0,0.112
540.0,0.1067
541.0,0.1067
542.0,0.1092
543.0,0.1073
544.0,0.1085
545.0,0.1076
546.0,0.1074
547.0,0.1066
548.0,0.1046
549.0,0.1042
550.0,0.1048
551.0,0.1028
552.0,0.1028
553.0,0.1003
554.0,0.102
555.0,0.1015
556.0,0.09954
557.0,0.09577
558.0,0.09439
559.0,0.09199
560.0,0.0925
561.0,0.09305
562.0,0.09174
563.0,0.09362
564.0,0.09049
565.0,0.08914
566.0,0.08724
567.0,0.08829
568.0,0.08692
569.0,0.0843
570.0,0.08375
571.0,0.0827
572.0,0.08412
573.0,0.08449
574.0,0.08374
575.0,0.08168
576.0,0.08042
577.0,0.08077
578.0,0.07908
579.0,0.07892
580.0,0.07995
581.0,0.07985
582.0,0.08084
583.0,0.08059
584.0,0.08085
585.0,0.07841
586.0,0.07628
587.0,0.07741
588.0,0.07506
589.0,0.06605
590.0,0.06868
591.0,0.07229
592.0,0.07092
593.0,0.07153
594.0,0.07057
595.0,0.06839
596.0,0.07072
597.0,0.06954
598.0,0.06893
599.0,0.06856
600.0,0.06826
601.0,0.06732
602.0,0.06647
603.0,0.06715
604.0,0.06785
605.0,0.06711
606.0,0.06645
607.0,0.06673
608.0,0.06559
609.0,0.06531
610.0,0.06448
611.0,0.06445
612.0,0.0639
613.0,0.06272
614.0,0.0615
615.0,0.06249
616.0,0.0601
617.0,0.05964
618.0,0.06159
619.0,0.06064
620.0,0.06068
621.0,0.0604
622.0,0.05935
623.0,0.05809
624.0,0.05676
625.0,0.05635
626.0,0.05689
627.0,0.0572
628.0,0.05297
629.0,0.05515
630.0,0.05356
631.0,0.05449
632.0,0.05356
633.0,0.05493
634.0,0.05413
635.0,0.05467
636.0,0.05364
637.0,0.05422
638.0,0.05446
639.0,0.05356
640.0,0.05275
641.0,0.05241
642.0,0.05192
643.0,0.05237
644.0,0.05193
645.0,0.05172
646.0,0.05021
647.0,0.04932
648.0,0.04906
649.0,0.04786
650.0,0.04787
651.0,0.04968
652.0,0.04728
653.0,0.0485
654.0,0.04772
655.0,0.04564
656.0,0.04026
657.0,0.04114
658.0,0.0459
659.0,0.046
660.0,0.04594
661.0,0.04601
662.0,0.04588
663.0,0.04476
664.0,0.04507
665.0,0.04487
666.0,0.04467
667.0,0.04441
668.0,0.0442
669.0,0.04465
670.0,0.04422
671.0,0.04399
672.0,0.04343
673.0,0.04391
674.0,0.04351
675.0,0.04288
676.0,0.04296
677.0,0.04234
678.0,0.04227
679.0,0.04138
680.0,0.04151
681.0,0.04103
682.0,0.04077
683.0,0.04049
684.0,0.04007
685.0,0.04019
686.0,0.03976
687.0,0.02578
688.0,0.0303
689.0,0.03025
690.0,0.03164
691.0,0.03324
692.0,0.03437
693.0,0.03389
694.0,0.03338
695.0,0.03465
696.0,0.0345
697.0,0.03664
698.0,0.03589
699.0,0.03476
700.0,0.03417
701.0,0.03366
702.0,0.03377
703.0,0.03365
704.0,0.0346
705.0,0.03447
706.0,0.0343
707.0,0.03416
708.0,0.03407
709.0,0.03396
710.0,0.03377
711.0,0.03362
712.0,0.03341
713.0,0.0329
714.0,0.03284
715.0,0.03161
716.0,0.03148
717.0,0.0269
718.0,0.02439
719.0,0.02204
720.0,0.0231
721.0,0.02559
722.0,0.02952
723.0,0.02712
724.0,0.02409
725.0,0.0236
726.0,0.02473
727.0,0.0249
728.0,0.02323
729.0,0.02406
730.0,0.02547
731.0,0.02415
732.0,0.02585
733.0,0.02736
734.0,0.02789
735.0,0.02717
736.0,0.02702
737.0,0.02699
738.0,0.02733
739.0,0.02664
740.0,0.02722
741.0,0.02683
742.0,0.02673
743.0,0.02727
744.0,0.02705
745.0,0.02693
746.0,0.02693
747.0,0.02686
748.0,0.02666
749.0,0.02622
750.0,0.02608
751.0,0.0257
752.0,0.02569
753.0,0.02568
754.0,0.02561
755.0,0.02535
756.0,0.02522
757.0,0.02514
758.0,0.02471
759.0,0.02407
760.0,0.003657
761.0,0.00187
762.0,0.01168
763.0,0.0056
764.0,0.008543
765.0,0.0115
766.0,0.01425
767.0,0.01811
768.0,0.02099
769.0,0.02138
770.0,0.02205
771.0,0.02215
772.0,0.0221
773.0,0.02214
774.0,0.02192
775.0,0.02166
776.0,0.02183
777.0,0.02143
778.0,0.02119
779.0,0.0211
780.0,0.02089
781.0,0.02081
782.0,0.02084
783.0,0.02039
784.0,0.02039
785.0,0.02014
786.0,0.02027
787.0,0.01981
788.0,0.01946
789.0,0.01935
790.0,0.01871
791.0,0.01881
792.0,0.01859
793.0,0.01819
794.0,0.01845
795.0,0.01867
796.0,0.01796
797.0,0.01792
798.0,0.0184
799.0,0.01819
800.0,0.01777
801.0,0.01763
802.0,0.0175
803.0,0.01728
804.0,0.01723
805.0,0.01711
806.0,0.01752
807.0,0.01723
808.0,0.01717
809.0,0.01676
810.0,0.01652
811.0,0.01647
812.0,0.01588
813.0,0.01545
814.0,0.01337
815.0,0.01321
816.0,0.01211
817.0,0.01231
818.0,0.01178
819.0,0.01328
820.0,0.01238
821.0,0.01466
822.0,0.01412
823.0,0.009152
824.0,0.01355
825.0,0.0141
826.0,0.01344
827.0,0.01421
828.0,0.01179
829.0,0.01319
830.0,0.01294
831.0,0.01294
832.0,0.01244
833.0,0.01334
834.0,0.01276
835.0,0.01407
836.0,0.01334
837.0,0.01399
838.0,0.01348
839.0,0.01366
840.0,0.0139
841.0,0.01363
842.0,0.01362
843.0,0.01356
844.0,0.01331
845.0,0.01371
846.0,0.01359
847.0,0.01328
848.0,0.01314
849.0,0.01271
850.0,0.01212
851.0,0.01277
852.0,0.01262
853.0,0.0121
854.0,0.01039
855.0,0.01138
856.0,0.01238
857.0,0.01261
858.0,0.01247
859.0,0.01243
860.0,0.01239
861.0,0.01227
862.0,0.01242
863.0,0.01266
864.0,0.01198
865.0,0.01183
866.0,0.01059
867.0,0.011
868.0,0.01192
869.0,0.01163
870.0,0.01191
871.0,0.0117
872.0,0.01161
873.0,0.01154
874.0,0.01135
875.0,0.01107
876.0,0.01113
877.0,0.0112
878.0,0.01127
879.0,0.01105
880.0,0.01077
881.0,0.01056
882.0,0.01075
883.0,0.01074
884.0,0.01065
885.0,0.01068
886.0,0.01013
887.0,0.0102
888.0,0.0103
889.0,0.01039
890.0,0.01024
891.0,0.01019
892.0,0.009845
893.0,0.009467
894.0,0.009054
895.0,0.008466
896.0,0.007848
897.0,0.006592
898.0,0.007247
899.0,0.005284
900.0,0.007402
901.0,0.005592
902.0,0.00665
903.0,0.006677
904.0,0.008621
905.0,0.008252
906.0,0.007643
907.0,0.006008
908.0,0.006136
909.0,0.006711
910.0,0.005807
911.0,0.006214
912.0,0.006512
913.0,0.005825
914.0,0.005746
915.0,0.006296
916.0,0.005165
917.0,0.006781
918.0,0.005288
919.0,0.006847
920.0,0.006892
921.0,0.007223
922.0,0.006339
923.0,0.006919
924.0,0.00647
925.0,0.006278
926.0,0.006351
927.0,0.007162
928.0,0.005024
929.0,0.004526
930.0,0.003425
931.0,0.003199
932.0,0.002205
933.0,0.001741
934.0,0.000896
935.0,0.001768
936.0,0.001045
937.0,0.001058
938.0,0.001326
939.0,0.002996
940.0,0.00369
941.0,0.002685
942.0,0.003146
943.0,0.001942
944.0,0.002045
945.0,0.002721
946.0,0.001266
947.0,0.002715
948.0,0.001898
949.0,0.003764
950.0,0.0008874
951.0,0.00367
952.0,0.001803
953.0,0.002399
954.0,0.003024
955.0,0.002428
956.0,0.002313
957.0,0.001778
958.0,0.003409
959.0,0.002617
960.0,0.002982
961.0,0.00338
962.0,0.003161
963.0,0.003708
964.0,0.003338
965.0,0.003664
966.0,0.003659
967.0,0.003622
968.0,0.005045
969.0,0.005298
970.0,0.004779
971.0,0.005566
972.0,0.00526
973.0,0.004478
974.0,0.004206
975.0,0.004359
976.0,0.004101
977.0,0.004738
978.0,0.004452
979.0,0.004684
980.0,0.004336
981.0,0.005324
982.0,0.005039
983.0,0.004795
984.0,0.005457
985.0,0.004967
986.0,0.005528
987.0,0.005386
988.0,0.005353
989.0,0.005458
990.0,0.005285
991.0,0.005428
992.0,0.00544
993.0,0.005285
994.0,0.005401
995.0,0.005376
996.0,0.005328
997.0,0.005316
998.0,0.005271
999.0,0.005234
1000.0,0.005174
1001.0,0.005224
1002.0,0.005044
1003.0,0.005091
1004.0,0.004942
1005.0,0.004749
1006.0,0.004911
1007.0,0.004997
1008.0,0.004949
1009.0,0.004901
1010.0,0.00486
1011.0,0.004899
1012.0,0.004833
1013.0,0.004851
1014.0,0.0048
1015.0,0.00475
1016.0,0.004709
1017.0,0.004702
1018.0,0.004668
1019.0,0.004544
1020.0,0.004606
1021.0,0.004583
1022.0,0.004527
1023.0,0.004559
1024.0,0.004477
1025.0,0.004525
1026.0,0.004486
1027.0,0.004459
1028.0,0.004433
1029.0,0.004365
1030.0,0.004381
1031.0,0.004345
1032.0,0.004316
1033.0,0.004235
1034.0,0.004219
1035.0,0.004216
1036.0,0.00422
1037.0,0.004136
1038.0,0.00414
1039.0,0.004123
1040.0,0.004091
1041.0,0.004091
1042.0,0.004047
1043.0,0.004019
1044.0,0.004019
1045.0,0.003949
1046.0,0.00389
1047.0,0.00391
1048.0,0.003918
1049.0,0.00389
1050.0,0.003857
1051.0,0.003837
1052.0,0.003807
1053.0,0.003763
1054.0,0.003757
1055.0,0.003745
1056.0,0.003716
1057.0,0.003691
1058.0,0.003587
1059.0,0.003578
1060.0,0.003559
1061.0,0.003541
1062.0,0.003545
1063.0,0.003498
1064.0,0.003527
1065.0,0.003487
1066.0,0.003407
1067.0,0.003438
1068.0,0.003348
1069.0,0.003234
1070.0,0.003329
1071.0,0.003373
1072.0,0.003318
1073.0,0.003261
1074.0,0.003339
1075.0,0.003146
1076.0,0.003311
1077.0,0.003231
1078.0,0.003156
1079.0,0.003224
1080.0,0.003141
1081.0,0.003029
1082.0,0.003079
1083.0,0.003079
1084.0,0.002981
1085.0,0.003098
1086.0,0.00278
1087.0,0.002891
1088.0,0.003016
1089.0,0.0029
1090.0,0.002809
1091.0,0.002969
1092.0,0.002954
1093.0,0.002445
1094.0,0.002679
1095.0,0.002546
1096.0,0.002412
1097.0,0.002838
1098.0,0.002357
1099.0,0.002457
1100.0,0.002247
1101.0,0.002276
1102.0,0.002156
1103.0,0.002118
1104.0,0.002116
1105.0,0.002344
1106.0,0.001717
1107.0,0.002195
1108.0,0.001807
1109.0,0.001803
1110.0,0.00215
1111.0,0.001368
1112.0,0.001771
1113.0,0.00105
1114.0,0.001188
1115.0,0.0009527
1116.0,0.000737
1117.0,0.000239
1118.0,0.0008052
1119.0,0.0003641
1120.0,0.0004712
1121.0,0.0006467
1122.0,0.0002432
1123.0,0.0004147
1124.0,0.0003414
1125.0,0.0004611
1126.0,0.0001419
1127.0,0.0005239
1128.0,0.0002937
1129.0,0.000313
1130.0,0.0001957
1131.0,0.001077
1132.0,0.0008099
1133.0,0.0004821
1134.0,0.0001052
1135.0,3.636e-05
1136.0,0.0003883
1137.0,0.001037
1138.0,0.0006891
1139.0,0.001083
1140.0,0.0008799
1141.0,0.0006431
1142.0,0.0007514
1143.0,0.001124
1144.0,0.0003369
1145.0,0.0004439
1146.0,0.000482
1147.0,0.0001494
1148.0,0.0009322
1149.0,0.0007179
1150.0,0.0003582
1151.0,0.0006531
1152.0,0.0008263
1153.0,0.0007953
1154.0,0.0004163
1155.0,0.001079
1156.0,0.0009537
1157.0,0.001085
1158.0,0.001067
1159.0,0.001164
1160.0,0.0009683
1161.0,0.00123
1162.0,0.001227
1163.0,0.001729
1164.0,0.001445
1165.0,0.001349
1166.0,0.001331
1167.0,0.001463
1168.0,0.001478
1169.0,0.001518
1170.0,0.001659
1171.0,0.001603
1172.0,0.001629
1173.0,0.001637
1174.0,0.00111
1175.0,0.001588
1176.0,0.001757
1177.0,0.001673
1178.0,0.001201
1179.0,0.001754
1180.0,0.001535
1181.0,0.001589
1182.0,0.001035
1183.0,0.001559
1184.0,0.001435
1185.0,0.001373
1186.0,0.001662
1187.0,0.001567
1188.0,0.001041
1189.0,0.001442
1190.0,0.001598
1191.0,0.001504
1192.0,0.001613
1193.0,0.001532
1194.0,0.001582
1195.0,0.001485
1196.0,0.001418
1197.0,0.001577
1198.0,0.001421
1199.0,0.001184
1200.0,0.001485
1201.0,0.001421
1202.0,0.001406
1203.0,0.0014
1204.0,0.001191
1205.0,0.001432
1206.0,0.001602
1207.0,0.001387
1208.0,0.001367
1209.0,0.00139
1210.0,0.001451
1211.0,0.001368
1212.0,0.001347
1213.0,0.001514
1214.0,0.001375
1215.0,0.001341
1216.0,0.001494
1217.0,0.001446
1218.0,0.001472
1219.0,0.001448
1220.0,0.001465
1221.0,0.001477
1222.0,0.001429
1223.0,0.00141
1224.0,0.001396
1225.0,0.001449
1226.0,0.001455
1227.0,0.001329
1228.0,0.001454
1229.0,0.001442
1230.0,0.001411
1231.0,0.001451
1232.0,0.001438
1233.0,0.001379
1234.0,0.001437
1235.0,0.001422
1236.0,0.001428
1237.0,0.001403
1238.0,0.001415
1239.0,0.001392
1240.0,0.001393
1241.0,0.001381
1242.0,0.001374
1243.0,0.001358
1244.0,0.001363
1245.0,0.001364
1246.0,0.001352
1247.0,0.001342
1248.0,0.001336
1249.0,0.001337
1250.0,0.001324
1251.0,0.001302
1252.0,0.001299
1253.0,0.001283
1254.0,0.001265
1255.0,0.001285
1256.0,0.001242
1257.0,0.00123
1258.0,0.001252
1259.0,0.001198
1260.0,0.001201
1261.0,0.001125
1262.0,0.001085
1263.0,0.001084
1264.0,0.0009905
1265.0,0.001071
1266.0,0.001023
1267.0,0.001041
1268.0,0.0009796
1269.0,0.0005783
1270.0,0.001028
1271.0,0.001092
1272.0,0.001093
1273.0,0.001077
1274.0,0.001078
1275.0,0.001091
1276.0,0.001099
1277.0,0.001104
1278.0,0.001124
1279.0,0.00111
1280.0,0.001092
1281.0,0.00104
1282.0,0.001001
1283.0,0.001074
1284.0,0.001096
1285.0,0.0011
1286.0,0.001113
1287.0,0.00109
1288.0,0.001086
1289.0,0.001045
1290.0,0.00107
1291.0,0.001082
1292.0,0.001006
1293.0,0.001052
1294.0,0.001041
1295.0,0.001032
1296.0,0.0009774
1297.0,0.0009162
1298.0,0.0009917
1299.0,0.001034
1300.0,0.0008553
1301.0,0.0008831
1302.0,0.0009774
1303.0,0.0008361
1304.0,0.0006979
1305.0,0.0009452
1306.0,0.0009431
1307.0,0.000706
1308.0,0.0008226
1309.0,0.0009273
1310.0,0.0006848
1311.0,0.0007781
1312.0,0.0007559
1313.0,0.0007362
1314.0,0.0006449
1315.0,0.0006385
1316.0,0.0007551
1317.0,0.000706
1318.0,0.0007745
1319.0,0.0005844
1320.0,0.0005595
1321.0,0.000666
1322.0,0.0006728
1323.0,0.0004857
1324.0,0.0005627
1325.0,0.0007223
1326.0,0.0006058
1327.0,0.000572
1328.0,0.0004813
1329.0,0.0003485
1330.0,0.0004698
1331.0,0.0002648
1332.0,0.0002727
1333.0,0.0003978
1334.0,0.000324
1335.0,0.000467
1336.0,0.000356
1337.0,0.0003091
1338.0,0.0003379
1339.0,0.0003351
1340.0,0.0003215
1341.0,0.0003147
1342.0,0.000332
1343.0,0.0002158
1344.0,0.0001194
1345.0,0.0001803
1346.0,8.367e-05
1347.0,8.534e-05
1348.0,4.573e-06
1349.0,1.772e-05
1350.0,1.821e-05
1351.0,4.144e-06
1352.0,1.075e-06
1353.0,5.154e-08
1354.0,1.797e-07
1355.0,1.396e-09
1356.0,2.476e-08
1357.0,3.779e-08
1358.0,1.64e-09
1359.0,2.059e-10
1360.0,7.453e-10
1361.0,8.286e-13
1362.0,2.265e-15
1363.0,1.004e-09
1364.0,4.134e-10
1365.0,7.908e-16
1366.0,4.384e-09
1367.0,1.778e-09
1368.0,6.106e-18
1369.0,1.52e-10
1370.0,7.481e-11
1371.0,4.231e-12
1372.0,9.618e-10
1373.0,1.968e-08
1374.0,9.269e-08
1375.0,1.703e-07
1376.0,1.512e-07
1377.0,6.826e-08
1378.0,7.009e-07
1379.0,2.823e-08
1380.0,4.086e-08
1381.0,1.042e-09
1382.0,8.428e-10
1383.0,1.252e-11
1384.0,1.647e-10
1385.0,7.886e-10
1386.0,7.435e-10
1387.0,9.316e-08
1388.0,1.766e-09
1389.0,3.202e-07
1390.0,2.736e-07
1391.0,1.806e-07
1392.0,1.13e-08
1393.0,6.073e-08
1394.0,3.133e-08
1395.0,2.237e-10
1396.0,1.078e-12
1397.0,2.37e-08
1398.0,7.46e-07
1399.0,4.645e-07
1400.0,4.61e-13
1401.0,1.913e-12
1402.0,1.305e-06
1403.0,1.657e-06
1404.0,4.837e-07
1405.0,1.059e-10
1406.0,1.3e-06
1407.0,1.073e-07
1408.0,1.047e-06
1409.0,3.404e-07
1410.0,2.697e-07
1411.0,1.415e-06
1412.0,1.919e-06
1413.0,2.251e-05
1414.0,2.093e-07
1415.0,9.893e-08
1416.0,3.793e-05
1417.0,1.038e-05
1418.0,1.189e-05
1419.0,1.664e-06
1420.0,6.99e-06
1421.0,7.595e-06
1422.0,5.003e-05
1423.0,8.433e-06
1424.0,1.645e-05
1425.0,2.494e-05
1426.0,2.856e-05
1427.0,5.554e-05
1428.0,3.376e-06
1429.0,4.009e-05
1430.0,7.205e-05
1431.0,7.974e-05
1432.0,2.593e-06
1433.0,4.79e-05
1434.0,2.279e-05
1435.0,2.252e-05
1436.0,4.644e-05
1437.0,3.455e-05
1438.0,1.345e-05
1439.0,6.489e-05
1440.0,4.715e-05
1441.0,3.462e-05
1442.0,3.871e-05
1443.0,4.979e-05
1444.0,7.158e-05
1445.0,5.399e-05
1446.0,2.231e-05
1447.0,3.666e-05
1448.0,0.0001447
1449.0,0.0001228
1450.0,2.625e-05
1451.0,9.729e-06
1452.0,6.854e-05
1453.0,9.297e-05
1454.0,0.0001731
1455.0,7.318e-05
1456.0,0.0001016
1457.0,0.0001422
1458.0,0.0001716
1459.0,0.0002077
1460.0,9.807e-05
1461.0,0.0001023
1462.0,0.0001589
1463.0,4.404e-05
1464.0,0.0001926
1465.0,0.0001077
1466.0,6.966e-05
1467.0,3.376e-05
1468.0,8.377e-05
1469.0,0.0001061
1470.0,4.801e-05
1471.0,1.561e-05
1472.0,4.549e-05
1473.0,7.325e-05
1474.0,0.0001123
1475.0,0.0002335
1476.0,7.24e-05
1477.0,7.276e-05
1478.0,6.673e-05
1479.0,0.0001401
1480.0,6.119e-05
1481.0,0.0001323
1482.0,5.936e-05
1483.0,0.0001784
1484.0,0.000164
1485.0,0.0001432
1486.0,0.0001404
1487.0,5.803e-05
1488.0,0.0001099
1489.0,0.0002365
1490.0,0.0002147
1491.0,0.0002474
1492.0,0.0001983
1493.0,0.0002211
1494.0,0.0002529
1495.0,0.0002204
1496.0,0.0002043
1497.0,0.0002923
1498.0,0.0002311
1499.0,0.0002761
1500.0,0.0003227
1501.0,0.0003419
1502.0,0.000282
1503.0,0.0002345
1504.0,0.0001823
1505.0,0.0002245
1506.0,0.0003378
1507.0,0.0003224
1508.0,0.0003046
1509.0,0.000224
1510.0,0.0003478
1511.0,0.0003348
1512.0,0.0003307
1513.0,0.0003003
1514.0,0.0002776
1515.0,0.000338
1516.0,0.0003212
1517.0,0.0003128
1518.0,0.0003107
1519.0,0.0003028
1520.0,0.0003278
1521.0,0.0003504
1522.0,0.0003314
1523.0,0.000354
1524.0,0.0003424
1525.0,0.0003252
1526.0,0.0003297
1527.0,0.0003256
1528.0,0.0003478
1529.0,0.0003292
1530.0,0.0003224
1531.0,0.0003307
1532.0,0.0003437
1533.0,0.000343
1534.0,0.000336
1535.0,0.0003333
1536.0,0.000339
1537.0,0.0003307
1538.0,0.0003335
1539.0,0.000327
1540.0,0.0003273
1541.0,0.0003288
1542.0,0.0003243
1543.0,0.0003294
1544.0,0.0003247
1545.0,0.0003303
1546.0,0.0003244
1547.0,0.0003191
1548.0,0.0003183
1549.0,0.0003204
1550.0,0.0003175
1551.0,0.000319
1552.0,0.0003157
1553.0,0.0003131
1554.0,0.0003096
1555.0,0.0003097
1556.0,0.0003087
1557.0,0.0003116
1558.0,0.0003091
1559.0,0.0003065
1560.0,0.0003079
1561.0,0.0003094
1562.0,0.0003048
1563.0,0.0003017
1564.0,0.0003024
1565.0,0.0003022
1566.0,0.0002976
1567.0,0.0002975
1568.0,0.0002938
1569.0,0.000295
1570.0,0.0002971
1571.0,0.0002989
1572.0,0.0002964
1573.0,0.0002938
1574.0,0.0002828
1575.0,0.0002788
1576.0,0.0002738
1577.0,0.0002662
1578.0,0.0002789
1579.0,0.0002808
1580.0,0.0002827
1581.0,0.0002779
1582.0,0.0002716
1583.0,0.0002723
1584.0,0.0002766
1585.0,0.000279
1586.0,0.0002752
1587.0,0.00027
1588.0,0.0002618
1589.0,0.0002531
1590.0,0.0002582
1591.0,0.000264
1592.0,0.0002712
1593.0,0.0002748
1594.0,0.0002736
1595.0,0.0002695
1596.0,0.0002609
1597.0,0.000267
1598.0,0.0002701
1599.0,0.0002665
1600.0,0.0002641
1601.0,0.0002598
1602.0,0.0002599
1603.0,0.0002618
1604.0,0.0002592
1605.0,0.0002584
1606.0,0.0002548
1607.0,0.0002565
1608.0,0.0002557
1609.0,0.0002483
1610.0,0.0002425
1611.0,0.0002463
1612.0,0.0002486
1613.0,0.0002484
1614.0,0.0002478
1615.0,0.0002417
1616.0,0.0002374
1617.0,0.0002416
1618.0,0.0002451
1619.0,0.00024
1620.0,0.0002343
1621.0,0.0002364
1622.0,0.0002396
1623.0,0.0002425
1624.0,0.0002391
1625.0,0.0002375
1626.0,0.0002375
1627.0,0.0002387
1628.0,0.0002375
1629.0,0.0002349
1630.0,0.0002329
1631.0,0.000231
1632.0,0.0002299
1633.0,0.0002224
1634.0,0.0002269
1635.0,0.0002232
1636.0,0.0002208
1637.0,0.0002179
1638.0,0.0002045
1639.0,0.0002122
1640.0,0.0002024
1641.0,0.0002096
1642.0,0.0002132
1643.0,0.0002006
1644.0,0.0002121
1645.0,0.0002055
1646.0,0.0002
1647.0,0.0002139
1648.0,0.0001984
1649.0,0.0002077
1650.0,0.0002088
1651.0,0.0001928
1652.0,0.0002057
1653.0,0.0002071
1654.0,0.0001953
1655.0,0.000206
1656.0,0.0002021
1657.0,0.0002031
1658.0,0.0002052
1659.0,0.0002032
1660.0,0.0002044
1661.0,0.0002028
1662.0,0.0001966
1663.0,0.0002008
1664.0,0.0001984
1665.0,0.0001866
1666.0,0.000151
1667.0,0.0001838
1668.0,0.0001904
1669.0,0.0001912
1670.0,0.0001941
1671.0,0.000188
1672.0,0.0001853
1673.0,0.0001892
1674.0,0.0001845
1675.0,0.0001811
1676.0,0.000182
1677.0,0.0001812
1678.0,0.0001754
1679.0,0.0001789
1680.0,0.0001711
1681.0,0.0001654
1682.0,0.0001744
1683.0,0.0001777
1684.0,0.0001637
1685.0,0.0001788
1686.0,0.0001778
1687.0,0.0001705
1688.0,0.0001759
1689.0,0.0001735
1690.0,0.0001725
1691.0,0.0001561
1692.0,0.0001708
1693.0,0.0001754
1694.0,0.0001682
1695.0,0.0001727
1696.0,0.0001722
1697.0,0.0001431
1698.0,0.0001698
1699.0,0.000167
1700.0,0.0001619
1702.0,0.0001643
1705.0,0.0001579
1710.0,0.0001475
1715.0,0.0001459
1720.0,0.0001428
1725.0,0.0001313
1730.0,0.0001283
1735.0,0.0001182
1740.0,0.0001186
1745.0,0.0001093
1750.0,0.0001167
1755.0,0.0001052
1760.0,0.0001095
1765.0,8.656e-05
1770.0,9.273e-05
1775.0,7.172e-05
1780.0,5.974e-05
1785.0,4.298e-05
1790.0,5.038e-05
1795.0,2.288e-05
1800.0,1.494e-05
1805.0,5.634e-06
1810.0,3.519e-06
1815.0,9.737e-07
1820.0,2.318e-07
1825.0,3.054e-07
1830.0,6.841e-10
1835.0,1.035e-09
1840.0,5.985e-12
1845.0,6.49e-10
1850.0,2.917e-10
1855.0,2.765e-11
1860.0,1.602e-09
1865.0,2.242e-09
1870.0,1.205e-14
1875.0,2.176e-14
1880.0,1.195e-08
1885.0,6.326e-09
1890.0,3.558e-08
1895.0,2.037e-08
1900.0,8.437e-11
1905.0,5.741e-11
1910.0,2.821e-09
1915.0,2.738e-09
1920.0,7.489e-08
1925.0,1.783e-07
1930.0,1.016e-07
1935.0,8.212e-07
1940.0,8.069e-07
1945.0,3.588e-06
1950.0,7.289e-06
1955.0,6.51e-06
1960.0,1.192e-05
1965.0,1.796e-05
1970.0,2.602e-05
1975.0,2.975e-05
1980.0,2.975e-05
1985.0,3.207e-05
1990.0,3.304e-05
1995.0,3.483e-05
2000.0,3.653e-05
2005.0,3.007e-05
2010.0,4.399e-05
2015.0,3.364e-05
2020.0,3.59e-05
2025.0,3.889e-05
2030.0,3.516e-05
2035.0,3.814e-05
2040.0,3.587e-05
2045.0,3.671e-05
2050.0,3.691e-05
2055.0,3.497e-05
2060.0,3.345e-05
2065.0,3.375e-05
2070.0,3.3e-05
2075.0,3.346e-05
2080.0,3.227e-05
2085.0,3.178e-05
2090.0,3.186e-05
2095.0,3.059e-05
2100.0,2.817e-05
2105.0,3.033e-05
2110.0,2.878e-05
2115.0,2.927e-05
2120.0,2.719e-05
2125.0,2.739e-05
2130.0,2.751e-05
2135.0,2.75e-05
2140.0,2.748e-05
2145.0,2.695e-05
2150.0,2.497e-05
2155.0,2.476e-05
2160.0,2.427e-05
2165.0,2.187e-05
2170.0,2.315e-05
2175.0,2.237e-05
2180.0,2.28e-05
2185.0,2.009e-05
2190.0,2.16e-05
2195.0,2.121e-05
2200.0,1.839e-05
2205.0,1.926e-05
2210.0,2.081e-05
2215.0,1.965e-05
2220.0,1.992e-05
2225.0,1.91e-05
2230.0,1.902e-05
2235.0,1.834e-05
2240.0,1.795e-05
2245.0,1.701e-05
2250.0,1.718e-05
2255.0,1.579e-05
2260.0,1.534e-05
2265.0,1.559e-05
2270.0,1.446e-05
2275.0,1.409e-05
2280.0,1.469e-05
2285.0,1.358e-05
2290.0,1.346e-05
2295.0,1.297e-05
2300.0,1.215e-05
2305.0,1.214e-05
2310.0,1.332e-05
2315.0,1.172e-05
2320.0,1.008e-05
2325.0,1.127e-05
2330.0,1.119e-05
2335.0,1.14e-05
2340.0,8.519e-06
2345.0,9.674e-06
2350.0,7.411e-06
2355.0,8.718e-06
2360.0,9.235e-06
2365.0,9.016e-06
2370.0,4.97e-06
2375.0,7.748e-06
2380.0,7.309e-06
2385.0,5.009e-06
2390.0,6.021e-06
2395.0,6.666e-06
2400.0,7.315e-06
2405.0,5.314e-06
2410.0,5.286e-06
2415.0,4.11e-06
2420.0,3.923e-06
2425.0,5.013e-06
2430.0,7.037e-06
2435.0,1.953e-06
2440.0,6.681e-06
2445.0,2.801e-06
2450.0,1.703e-06
2455.0,3.397e-06
2460.0,4.683e-06
2465.0,3.174e-06
2470.0,2.039e-06
2475.0,1.971e-06
2480.0,8.758e-07
2485.0,5.604e-07
2490.0,3.156e-07
2495.0,2.708e-07
2500.0,7.022e-07
2505.0,1.325e-07
2510.0,1.981e-07
2515.0,4.02e-08
2520.0,2.272e-08
2525.0,2.492e-09
2530.0,1.709e-11
2535.0,3.772e-12
2540.0,8.959e-12
2545.0,6.914e-16
2550.0,2.803e-18
2555.0,1.346e-14
2560.0,4.038e-16
2565.0,9.039000000000001e-20
2570.0,2.691e-24
2575.0,1.702e-34
2580.0,1.7750000000000002e-28
2585.0,3.711e-42
2590.0,2.315e-38
2595.0,4.504e-40
2600.0,3.708e-35
2605.0,4.0990000000000006e-42
2610.0,1.411e-41
2615.0,1.4009999999999999e-45
2620.0,1.243e-35
2625.0,2.276e-35
2630.0,0.0
2635.0,1.185e-21
2640.0,2.5659999999999997e-22
2645.0,1.119e-24
2650.0,1.114e-25
2655.0,1.34e-34
2660.0,1.128e-31
2665.0,1.121e-44
2670.0,0.0
2675.0,5.464999999999999e-44
2680.0,2.2870000000000002e-30
2685.0,2.185e-31
2690.0,8.174000000000001e-31
2695.0,3.2069999999999995e-33
2700.0,9.339999999999999e-29
2705.0,2.649e-26
2710.0,2.109e-31
2715.0,2.664e-29
2720.0,0.0
2725.0,5.965e-27
2730.0,1.738e-24
2735.0,1.9820000000000002e-26
2740.0,3.582e-32
2745.0,4.617e-27
2750.0,2.5880000000000004e-26
2755.0,4.164e-28
2760.0,6.238e-23
2765.0,2.928e-29
2770.0,1.439e-26
2775.0,1.776e-23
2780.0,8.27e-21
2785.0,3.105e-20
2790.0,7.08e-18
2795.0,1.558e-18
2800.0,4.973e-15
2805.0,9.297e-17
2810.0,3.729e-13
2815.0,1.112e-13
2820.0,1.358e-15
2825.0,1.193e-11
2830.0,2.597e-10
2835.0,3.57e-15
2840.0,7.641e-12
2845.0,2.654e-09
2850.0,4.58e-11
2855.0,1.828e-11
2860.0,9.524e-10
2865.0,7.039e-09
2870.0,1.779e-10
2875.0,1.716e-08
2880.0,1.079e-08
2885.0,1.781e-08
2890.0,7.552e-09
2895.0,1.297e-07
2900.0,3.598e-08
2905.0,4.15e-09
2910.0,1.322e-07
2915.0,5.595e-08
2920.0,1.393e-07
2925.0,4.946e-08
2930.0,3.016e-07
2935.0,3.329e-07
2940.0,7.403e-08
2945.0,6.354e-08
2950.0,2.581e-07
2955.0,1.144e-07
2960.0,2.278e-07
2965.0,3.868e-07
2970.0,1.497e-08
2975.0,3.802e-08
2980.0,5.928e-08
2985.0,3.515e-07
2990.0,5.343e-07
2995.0,2.017e-07
3000.0,3.85e-07
3005.0,1.303e-07
3010.0,3.37e-07
3015.0,2.61e-07
3020.0,2.336e-08
3025.0,3.605e-07
3030.0,2.838e-07
3035.0,1.072e-07
3040.0,8.378e-08
3045.0,1.808e-07
3050.0,4.066e-08
3055.0,9.912e-09
3060.0,2.827e-07
3065.0,1.19e-07
3070.0,6.674e-08
3075.0,2.639e-07
3080.0,1.527e-07
3085.0,6.718e-08
3090.0,9.16e-08
3095.0,2.237e-08
3100.0,1.841e-07
3105.0,3.41e-08
3110.0,2.857e-08
3115.0,8.632e-08
3120.0,4.302e-07
3125.0,1.245e-07
3130.0,2.492e-07
3135.0,5.055e-07
3140.0,1.322e-07
3145.0,1.296e-07
3150.0,2.766e-07
3155.0,2.322e-07
3160.0,3.888e-07
3165.0,6.155e-07
3170.0,5.447e-07
3175.0,3.809e-07
3180.0,4.508e-07
3185.0,3.146e-07
3190.0,1.629e-07
3195.0,9.02e-08
3200.0,1.252e-08
3205.0,8.164e-09
3210.0,3.387e-09
3215.0,1.388e-08
3220.0,4.927e-08
3225.0,5.567e-09
3230.0,9.283e-09
3235.0,2.706e-07
3240.0,1.217e-07
3245.0,2.257e-08
3250.0,8.461e-08
3255.0,3.73e-07
3260.0,3.59e-08
3265.0,7.851e-08
3270.0,3.662e-08
3275.0,2.266e-07
3280.0,9.503e-08
3285.0,4.25e-07
3290.0,3.181e-07
3295.0,3.767e-08
3300.0,5.624e-08
3305.0,1.312e-07
3310.0,1.247e-07
3315.0,1.728e-10
3320.0,1.093e-09
3325.0,1.048e-07
3330.0,1.593e-07
3335.0,3.143e-07
3340.0,1.129e-07
3345.0,1.097e-07
3350.0,2.776e-07
3355.0,1.107e-07
3360.0,1.707e-07
3365.0,2.415e-07
3370.0,1.157e-07
3375.0,2.834e-07
3380.0,1.524e-07
3385.0,2.426e-07
3390.0,3.201e-07
3395.0,3.095e-07
3400.0,4.189e-07
3405.0,1.26e-07
3410.0,2.224e-07
3415.0,2.163e-07
3420.0,4.347e-07
3425.0,3.101e-07
3430.0,2.612e-07
3435.0,3.733e-07
3440.0,2.382e-07
3445.0,3.563e-07
3450.0,3.481e-07
3455.0,2.472e-07
3460.0,3.965e-07
3465.0,2.931e-07
3470.0,3.837e-07
3475.0,3.328e-07
3480.0,3.409e-07
3485.0,3.713e-07
3490.0,3.094e-07
3495.0,3.734e-07
3500.0,3.604e-07
3505.0,3.549e-07
3510.0,3.597e-07
3515.0,3.435e-07
3520.0,3.669e-07
3525.0,3.414e-07
3530.0,3.311e-07
3535.0,2.703e-07
3540.0,2.556e-07
3545.0,2.713e-07
3550.0,3.065e-07
3555.0,2.563e-07
3560.0,3.138e-07
3565.0,3.135e-07
3570.0,2.345e-07
3575.0,2.426e-07
3580.0,2.929e-07
3585.0,2.55e-07
3590.0,2.663e-07
3595.0,2.72e-07
3600.0,2.911e-07
3605.0,2.906e-07
3610.0,2.625e-07
3615.0,2.623e-07
3620.0,3.286e-07
3625.0,2.802e-07
3630.0,2.719e-07
3635.0,2.803e-07
3640.0,3.168e-07
3645.0,2.845e-07
3650.0,2.697e-07
3655.0,2.949e-07
3660.0,2.918e-07
3665.0,2.684e-07
3670.0,1.999e-07
3675.0,1.119e-07
3680.0,2.08e-07
3685.0,2.401e-07
3690.0,2.478e-07
3695.0,2.588e-07
3700.0,2.811e-07
3705.0,2.756e-07
3710.0,2.341e-07
3715.0,2.297e-07
3720.0,2.634e-07
3725.0,2.708e-07
3730.0,2.292e-07
3735.0,2.067e-07
3740.0,2.126e-07
3745.0,2.526e-07
3750.0,2.256e-07
3755.0,2.171e-07
3760.0,2.129e-07
3765.0,2.037e-07
3770.0,2.194e-07
3775.0,2.159e-07
3780.0,2.299e-07
3785.0,2.073e-07
3790.0,1.792e-07
3795.0,2.082e-07
3800.0,2.364e-07
3805.0,2.195e-07
3810.0,1.904e-07
3815.0,1.761e-07
3820.0,2.27e-07
3825.0,2.208e-07
3830.0,2.24e-07
3835.0,1.714e-07
3840.0,2.059e-07
3845.0,1.993e-07
3850.0,2.002e-07
3855.0,1.898e-07
3860.0,1.748e-07
3865.0,1.758e-07
3870.0,1.562e-07
3875.0,1.397e-07
3880.0,1.337e-07
3885.0,1.387e-07
3890.0,1.404e-07
3895.0,1.559e-07
3900.0,1.667e-07
3905.0,1.656e-07
3910.0,1.452e-07
3915.0,1.404e-07
3920.0,1.397e-07
3925.0,1.365e-07
3930.0,1.414e-07
3935.0,1.479e-07
3940.0,1.495e-07
3945.0,1.52e-07
3950.0,1.542e-07
3955.0,1.555e-07
3960.0,1.566e-07
3965.0,1.575e-07
3970.0,1.549e-07
3975.0,1.498e-07
3980.0,1.468e-07
3985.0,1.469e-07
3990.0,1.442e-07
3995.0,1.401e-07
4000.0,1.336e-07
