interpolation:linear
wavelength,value
280.0,5.671e-21
280.5,1.74e-19
281.0,9.119e-19
281.5,5.177e-19
282.0,1.386e-18
282.5,3.579e-18
283.0,1.141e-17
283.5,1.859e-17
284.0,2.947e-16
284.5,8.418e-16
285.0,1.753e-15
285.5,8.889e-15
286.0,3.589e-14
286.5,1.599e-13
287.0,4.54e-13
287.5,1.718e-12
288.0,4.45e-12
288.5,1.539e-11
289.0,4.511e-11
289.5,1.467e-10
290.0,4.264e-10
290.5,8.979e-10
291.0,1.987e-09
291.5,5.883e-09
292.0,1.417e-08
292.5,2.175e-08
293.0,5.236e-08
293.5,1.495e-07
294.0,2.621e-07
294.5,3.209e-07
295.0,6.036e-07
295.5,1.584e-06
296.0,3.082e-06
296.5,4.363e-06
297.0,5.976e-06
297.5,1.644e-05
298.0,2.663e-05
298.5,2.746e-05
299.0,6.23e-05
299.5,0.0001102
300.0,0.0001264
300.5,0.0001925
301.0,0.0003843
301.5,0.0006844
302.0,0.0006255
302.5,0.001197
303.0,0.002091
303.5,0.002591
304.0,0.00242
304.5,0.003579
305.0,0.005373
305.5,0.00611
306.0,0.005884
306.5,0.007286
307.0,0.01074
307.5,0.01419
308.0,0.01492
308.5,0.01754
309.0,0.0177
309.5,0.01975
310.0,0.0196
310.5,0.03149
311.0,0.03911
311.5,0.03751
312.0,0.0369
312.5,0.04441
313.0,0.04782
313.5,0.04639
314.0,0.05735
314.5,0.05025
315.0,0.06569
315.5,0.05491
316.0,0.04751
316.5,0.06772
317.0,0.08375
317.5,0.08689
318.0,0.06738
318.5,0.08314
319.0,0.09823
319.5,0.07983
320.0,0.0961
320.5,0.1196
321.0,0.1062
321.5,0.1014
322.0,0.1076
322.5,0.09323
323.0,0.09252
323.5,0.1143
324.0,0.133
324.5,0.1345
325.0,0.1146
325.5,0.147
326.0,0.1806
326.5,0.1802
327.0,0.1789
327.5,0.1721
328.0,0.1527
328.5,0.1598
329.0,0.1909
329.5,0.216
330.0,0.2169
330.5,0.1727
331.0,0.1752
331.5,0.1775
332.0,0.1914
332.5,0.1888
333.0,0.1874
333.5,0.1687
334.0,0.1721
334.5,0.1982
335.0,0.1858
335.5,0.2202
336.0,0.1518
336.5,0.1736
337.0,0.1417
337.5,0.1755
338.0,0.1711
338.5,0.1997
339.0,0.1961
339.5,0.1885
340.0,0.2176
340.5,0.1955
341.0,0.1921
341.5,0.1744
342.0,0.2073
342.5,0.1929
343.0,0.2121
343.5,0.1996
344.0,0.1458
344.5,0.1489
345.0,0.1944
345.5,0.1971
346.0,0.1665
346.5,0.1876
347.0,0.2012
347.5,0.1623
348.0,0.1835
348.5,0.1824
349.0,0.1684
349.5,0.1662
350.0,0.2047
350.5,0.2151
351.0,0.1916
351.5,0.1865
352.0,0.1988
352.5,0.1542
353.0,0.1932
353.5,0.2057
354.0,0.2126
354.5,0.2147
355.0,0.2133
355.5,0.1918
356.0,0.1999
356.5,0.17
357.0,0.1399
357.5,0.1706
358.0,0.1346
358.5,0.1146
359.0,0.1596
359.5,0.2028
360.0,0.2141
360.5,0.1703
361.0,0.1546
361.5,0.1773
362.0,0.1527
362.5,0.2105
363.0,0.1884
363.5,0.1728
364.0,0.2105
364.5,0.1792
365.0,0.1818
365.5,0.2273
366.0,0.2399
366.5,0.2245
367.0,0.2178
367.5,0.2251
368.0,0.1962
368.5,0.1972
369.0,0.2121
369.5,0.2252
370.0,0.2391
370.5,0.1849
371.0,0.1967
371.5,0.2452
372.0,0.1621
372.5,0.1936
373.0,0.1961
373.5,0.1271
374.0,0.184
374.5,0.1518
375.0,0.147
375.5,0.2185
376.0,0.1804
376.5,0.1862
377.0,0.1964
377.5,0.2289
378.0,0.2471
378.5,0.2326
379.0,0.1911
379.5,0.1739
380.0,0.18
380.5,0.2171
381.0,0.2167
381.5,0.171
382.0,0.1513
382.5,0.1284
383.0,0.1184
383.5,0.1136
384.0,0.1248
384.5,0.1828
385.0,0.1806
385.5,0.1675
386.0,0.1429
386.5,0.1869
387.0,0.1547
387.5,0.173
388.0,0.1591
388.5,0.1566
389.0,0.1684
389.5,0.2031
390.0,0.203
390.5,0.1861
391.0,0.2181
391.5,0.2216
392.0,0.1859
392.5,0.1657
393.0,0.09184
393.5,0.06649
394.0,0.1348
394.5,0.1707
395.0,0.2075
395.5,0.2099
396.0,0.1812
396.5,0.1055
397.0,0.07887
397.5,0.1597
398.0,0.2228
398.5,0.2294
399.0,0.2474
399.5,0.2456
400.0,0.254
401.0,0.2495
402.0,0.261
403.0,0.246
404.0,0.2402
405.0,0.2383
406.0,0.2325
407.0,0.2269
408.0,0.2338
409.0,0.2483
410.0,0.2153
411.0,0.2314
412.0,0.2466
413.0,0.2386
414.0,0.2396
415.0,0.2383
416.0,0.2405
417.0,0.2327
418.0,0.2265
419.0,0.2276
420.0,0.2248
421.0,0.2332
422.0,0.2198
423.0,0.2129
424.0,0.2233
425.0,0.2211
426.0,0.2137
427.0,0.2081
428.0,0.2011
429.0,0.1891
430.0,0.1642
431.0,0.1614
432.0,0.2066
433.0,0.2061
434.0,0.1898
435.0,0.1967
436.0,0.22
437.0,0.2154
438.0,0.1947
439.0,0.1997
440.0,0.2045
441.0,0.2101
442.0,0.2235
443.0,0.216
444.0,0.219
445.0,0.2126
446.0,0.2014
447.0,0.216
448.0,0.2176
449.0,0.2167
450.0,0.2209
451.0,0.2272
452.0,0.2172
453.0,0.2028
454.0,0.2101
455.0,0.2097
456.0,0.2129
457.0,0.2147
458.0,0.2056
459.0,0.2029
460.0,0.2018
461.0,0.2048
462.0,0.2048
463.0,0.202
464.0,0.1974
465.0,0.1935
466.0,0.1939
467.0,0.1888
468.0,0.1894
469.0,0.1888
470.0,0.1814
471.0,0.1799
472.0,0.1881
473.0,0.1843
474.0,0.1831
475.0,0.1832
476.0,0.1762
477.0,0.1752
478.0,0.1785
479.0,0.1759
480.0,0.1748
481.0,0.1764
482.0,0.1759
483.0,0.1725
484.0,0.1678
485.0,0.1587
486.0,0.1378
487.0,0.1433
488.0,0.156
489.0,0.1553
490.0,0.1621
491.0,0.1581
492.0,0.1482
493.0,0.1519
494.0,0.1522
495.0,0.1524
496.0,0.1522
497.0,0.1533
498.0,0.145
499.0,0.1456
500.0,0.1401
501.0,0.1364
502.0,0.1333
503.0,0.1375
504.0,0.1328
505.0,0.1366
506.0,0.14
507.0,0.1323
508.0,0.1273
509.0,0.13
510.0,0.1285
511.0,0.131
512.0,0.1315
513.0,0.1235
514.0,0.1217
515.0,0.1196
516.0,0.1185
517.0,0.1045
518.0,0.1091
519.0,0.1136
520.0,0.1168
521.0,0.117
522.0,0.1162
523.0,0.1133
524.0,0.1165
525.0,0.117
526.0,0.1109
527.0,0.1036
528.0,0.1087
529.0,0.1137
530.0,0.1113
531.0,0.1121
532.0,0.1075
533.0,0.1036
534.0,0.106
535.0,0.1076
536.0,0.1078
537.0,0.1029
538.0,0.1039
539.0,0.1024
540.0,0.09755
541.0,0.09748
542.0,0.09977
543.0,0.09801
544.0,0.09908
545.0,0.09818
546.0,0.09792
547.0,0.09718
548.0,0.09535
549.0,0.09501
550.0,0.0955
551.0,0.09369
552.0,0.09368
553.0,0.09136
554.0,0.09291
555.0,0.09246
556.0,0.0906
557.0,0.08713
558.0,0.08581
559.0,0.08356
560.0,0.08397
561.0,0.08441
562.0,0.08316
563.0,0.0848
564.0,0.08192
565.0,0.08065
566.0,0.0789
567.0,0.07981
568.0,0.07852
569.0,0.07608
570.0,0.07556
571.0,0.07461
572.0,0.07583
573.0,0.07615
574.0,0.07545
575.0,0.0736
576.0,0.07247
577.0,0.07282
578.0,0.07133
579.0,0.07123
580.0,0.07221
581.0,0.07218
582.0,0.07313
583.0,0.07293
584.0,0.07319
585.0,0.071
586.0,0.06908
587.0,0.07011
588.0,0.06793
589.0,0.05967
590.0,0.06205
591.0,0.06535
592.0,0.06405
593.0,0.06462
594.0,0.06369
595.0,0.06166
596.0,0.0638
597.0,0.06268
598.0,0.06211
599.0,0.06176
600.0,0.06149
601.0,0.06064
602.0,0.05987
603.0,0.0605
604.0,0.06115
605.0,0.0605
606.0,0.05995
607.0,0.06024
608.0,0.05926
609.0,0.05905
610.0,0.05835
611.0,0.05837
612.0,0.05791
613.0,0.05688
614.0,0.05582
615.0,0.05676
616.0,0.05462
617.0,0.05423
618.0,0.05604
619.0,0.0552
620.0,0.05526
621.0,0.05502
622.0,0.05407
623.0,0.05294
624.0,0.05175
625.0,0.05139
626.0,0.0519
627.0,0.05218
628.0,0.04816
629.0,0.05029
630.0,0.04885
631.0,0.04979
632.0,0.04896
633.0,0.05026
634.0,0.04957
635.0,0.05009
636.0,0.04919
637.0,0.04976
638.0,0.05001
639.0,0.04922
640.0,0.0485
641.0,0.04823
642.0,0.0478
643.0,0.04823
644.0,0.04785
645.0,0.04767
646.0,0.04627
647.0,0.04542
648.0,0.0452
649.0,0.0441
650.0,0.04419
651.0,0.04589
652.0,0.04361
653.0,0.04482
654.0,0.04412
655.0,0.04218
656.0,0.03724
657.0,0.03807
658.0,0.04251
659.0,0.04262
660.0,0.04258
661.0,0.04266
662.0,0.04253
663.0,0.04151
664.0,0.04183
665.0,0.04167
666.0,0.0415
667.0,0.04128
668.0,0.04111
669.0,0.04155
670.0,0.04116
671.0,0.04096
672.0,0.04045
673.0,0.04091
674.0,0.04055
675.0,0.03998
676.0,0.04006
677.0,0.0395
678.0,0.03944
679.0,0.03862
680.0,0.03875
681.0,0.03831
682.0,0.03807
683.0,0.03781
684.0,0.03743
685.0,0.03755
686.0,0.03715
687.0,0.02352
688.0,0.02789
689.0,0.02786
690.0,0.02924
691.0,0.03083
692.0,0.03197
693.0,0.03153
694.0,0.03106
695.0,0.03233
696.0,0.0322
697.0,0.03429
698.0,0.0336
699.0,0.03248
700.0,0.03193
701.0,0.03144
702.0,0.03156
703.0,0.03146
704.0,0.03239
705.0,0.03227
706.0,0.03213
707.0,0.03201
708.0,0.03192
709.0,0.03185
710.0,0.03166
711.0,0.03153
712.0,0.03134
713.0,0.03085
714.0,0.0308
715.0,0.02962
716.0,0.02949
717.0,0.025
718.0,0.02265
719.0,0.02047
720.0,0.02143
721.0,0.02385
722.0,0.02764
723.0,0.02534
724.0,0.02244
725.0,0.02196
726.0,0.023
727.0,0.02322
728.0,0.0216
729.0,0.02245
730.0,0.02375
731.0,0.02251
732.0,0.02416
733.0,0.02565
734.0,0.02617
735.0,0.02548
736.0,0.02534
737.0,0.02531
738.0,0.02568
739.0,0.02504
740.0,0.0256
741.0,0.02524
742.0,0.02515
743.0,0.02566
744.0,0.02546
745.0,0.02535
746.0,0.02535
747.0,0.02528
748.0,0.0251
749.0,0.02468
750.0,0.02456
751.0,0.0242
752.0,0.0242
753.0,0.0242
754.0,0.02413
755.0,0.02389
756.0,0.02378
757.0,0.0237
758.0,0.02329
759.0,0.02266
760.0,0.003212
761.0,0.001637
762.0,0.01058
763.0,0.004953
764.0,0.007647
765.0,0.01042
766.0,0.01307
767.0,0.01682
768.0,0.01968
769.0,0.02008
770.0,0.02076
771.0,0.02088
772.0,0.02084
773.0,0.02087
774.0,0.02067
775.0,0.02042
776.0,0.02057
777.0,0.0202
778.0,0.01997
779.0,0.01989
780.0,0.01968
781.0,0.01961
782.0,0.01965
783.0,0.01922
784.0,0.01923
785.0,0.019
786.0,0.01912
787.0,0.01866
788.0,0.01833
789.0,0.01822
790.0,0.01759
791.0,0.01772
792.0,0.01751
793.0,0.01714
794.0,0.01742
795.0,0.01762
796.0,0.01691
797.0,0.01687
798.0,0.01736
799.0,0.01715
800.0,0.01675
801.0,0.0166
802.0,0.01648
803.0,0.01627
804.0,0.01623
805.0,0.01612
806.0,0.01653
807.0,0.01625
808.0,0.01619
809.0,0.01579
810.0,0.01556
811.0,0.01549
812.0,0.01491
813.0,0.01449
814.0,0.01247
815.0,0.01233
816.0,0.0113
817.0,0.01149
818.0,0.01098
819.0,0.01243
820.0,0.01157
821.0,0.01378
822.0,0.01326
823.0,0.0085
824.0,0.0127
825.0,0.01326
826.0,0.01261
827.0,0.01337
828.0,0.01102
829.0,0.01239
830.0,0.01215
831.0,0.01215
832.0,0.01167
833.0,0.01255
834.0,0.01198
835.0,0.01326
836.0,0.01254
837.0,0.01319
838.0,0.01269
839.0,0.01288
840.0,0.01311
841.0,0.01285
842.0,0.01284
843.0,0.0128
844.0,0.01256
845.0,0.01294
846.0,0.01283
847.0,0.01254
848.0,0.0124
849.0,0.01199
850.0,0.01144
851.0,0.01204
852.0,0.01191
853.0,0.01141
854.0,0.009804
855.0,0.01074
856.0,0.01168
857.0,0.0119
858.0,0.01177
859.0,0.01173
860.0,0.0117
861.0,0.01159
862.0,0.01173
863.0,0.01196
864.0,0.01132
865.0,0.01117
866.0,0.01
867.0,0.0104
868.0,0.01127
869.0,0.01099
870.0,0.01125
871.0,0.01105
872.0,0.01097
873.0,0.0109
874.0,0.01072
875.0,0.01046
876.0,0.01052
877.0,0.01058
878.0,0.01065
879.0,0.01044
880.0,0.01018
881.0,0.009978
882.0,0.01015
883.0,0.01015
884.0,0.01006
885.0,0.01009
886.0,0.009555
887.0,0.009632
888.0,0.009723
889.0,0.009809
890.0,0.009663
891.0,0.009619
892.0,0.009283
893.0,0.008914
894.0,0.008502
895.0,0.007921
896.0,0.007337
897.0,0.006136
898.0,0.006759
899.0,0.004908
900.0,0.006924
901.0,0.005182
902.0,0.006211
903.0,0.006218
904.0,0.008094
905.0,0.007738
906.0,0.00716
907.0,0.00559
908.0,0.005713
909.0,0.006266
910.0,0.005385
911.0,0.005786
912.0,0.00607
913.0,0.0054
914.0,0.005335
915.0,0.005839
916.0,0.004794
917.0,0.006316
918.0,0.004901
919.0,0.006391
920.0,0.006459
921.0,0.006767
922.0,0.005911
923.0,0.006484
924.0,0.006027
925.0,0.00585
926.0,0.005914
927.0,0.006697
928.0,0.004629
929.0,0.004152
930.0,0.003127
931.0,0.002932
932.0,0.002009
933.0,0.001582
934.0,0.0008065
935.0,0.001617
936.0,0.0009534
937.0,0.0009621
938.0,0.001204
939.0,0.002744
940.0,0.003386
941.0,0.002449
942.0,0.002879
943.0,0.001777
944.0,0.001887
945.0,0.002486
946.0,0.001155
947.0,0.002473
948.0,0.001741
949.0,0.003434
950.0,0.0008045
951.0,0.003356
952.0,0.001639
953.0,0.002189
954.0,0.002772
955.0,0.002215
956.0,0.00213
957.0,0.001612
958.0,0.003157
959.0,0.002402
960.0,0.002729
961.0,0.003112
962.0,0.00291
963.0,0.003427
964.0,0.003083
965.0,0.003389
966.0,0.003376
967.0,0.003341
968.0,0.004722
969.0,0.004946
970.0,0.004455
971.0,0.005221
972.0,0.004929
973.0,0.004163
974.0,0.003907
975.0,0.004064
976.0,0.003805
977.0,0.004429
978.0,0.004147
979.0,0.004372
980.0,0.004044
981.0,0.004995
982.0,0.004715
983.0,0.004479
984.0,0.005134
985.0,0.004647
986.0,0.00521
987.0,0.005065
988.0,0.005034
989.0,0.00515
990.0,0.00497
991.0,0.005118
992.0,0.00513
993.0,0.004975
994.0,0.005095
995.0,0.005074
996.0,0.005027
997.0,0.005017
998.0,0.004974
999.0,0.004939
1000.0,0.00488
1001.0,0.00493
1002.0,0.00475
1003.0,0.004804
1004.0,0.004661
1005.0,0.004482
1006.0,0.004634
1007.0,0.004716
1008.0,0.004668
1009.0,0.004621
1010.0,0.004582
1011.0,0.004623
1012.0,0.00456
1013.0,0.004579
1014.0,0.00453
1015.0,0.004483
1016.0,0.004444
1017.0,0.004437
1018.0,0.004406
1019.0,0.004286
1020.0,0.004347
1021.0,0.004326
1022.0,0.004272
1023.0,0.004301
1024.0,0.004221
1025.0,0.004271
1026.0,0.004233
1027.0,0.004208
1028.0,0.004183
1029.0,0.004118
1030.0,0.004134
1031.0,0.0041
1032.0,0.004074
1033.0,0.003996
1034.0,0.003981
1035.0,0.003978
1036.0,0.003983
1037.0,0.003903
1038.0,0.003907
1039.0,0.00389
1040.0,0.00386
1041.0,0.003859
1042.0,0.003818
1043.0,0.003792
1044.0,0.003791
1045.0,0.003725
1046.0,0.003669
1047.0,0.003688
1048.0,0.003695
1049.0,0.003668
1050.0,0.003637
1051.0,0.003617
1052.0,0.003589
1053.0,0.003547
1054.0,0.003541
1055.0,0.003529
1056.0,0.003502
1057.0,0.003477
1058.0,0.003379
1059.0,0.00337
1060.0,0.003351
1061.0,0.003334
1062.0,0.003338
1063.0,0.003293
1064.0,0.003321
1065.0,0.003282
1066.0,0.003207
1067.0,0.003236
1068.0,0.003151
1069.0,0.003044
1070.0,0.003133
1071.0,0.003177
1072.0,0.003123
1073.0,0.00307
1074.0,0.003146
1075.0,0.002956
1076.0,0.003119
1077.0,0.003039
1078.0,0.002967
1079.0,0.003038
1080.0,0.002955
1081.0,0.002846
1082.0,0.002899
1083.0,0.0029
1084.0,0.002799
1085.0,0.002915
1086.0,0.002606
1087.0,0.002717
1088.0,0.00284
1089.0,0.002724
1090.0,0.002635
1091.0,0.002794
1092.0,0.002781
1093.0,0.002283
1094.0,0.00252
1095.0,0.002379
1096.0,0.00225
1097.0,0.002672
1098.0,0.002196
1099.0,0.002292
1100.0,0.002089
1101.0,0.002118
1102.0,0.002002
1103.0,0.001964
1104.0,0.001961
1105.0,0.002185
1106.0,0.001575
1107.0,0.00204
1108.0,0.001665
1109.0,0.001665
1110.0,0.001996
1111.0,0.001256
1112.0,0.001637
1113.0,0.0009579
1114.0,0.001083
1115.0,0.0008725
1116.0,0.0006675
1117.0,0.0002152
1118.0,0.0007315
1119.0,0.00033
1120.0,0.000423
1121.0,0.0005801
1122.0,0.0002193
1123.0,0.0003742
1124.0,0.0003098
1125.0,0.0004159
1126.0,0.0001281
1127.0,0.0004713
1128.0,0.0002626
1129.0,0.00028
1130.0,0.0001758
1131.0,0.0009701
1132.0,0.000731
1133.0,0.0004313
1134.0,9.535e-05
1135.0,3.417e-05
1136.0,0.0003468
1137.0,0.0009298
1138.0,0.0006226
1139.0,0.0009915
1140.0,0.0008
1141.0,0.0005822
1142.0,0.0006818
1143.0,0.001019
1144.0,0.0003064
1145.0,0.0003979
1146.0,0.0004307
1147.0,0.0001339
1148.0,0.0008486
1149.0,0.000651
1150.0,0.0003255
1151.0,0.0005901
1152.0,0.0007494
1153.0,0.0007284
1154.0,0.0003721
1155.0,0.0009862
1156.0,0.0008691
1157.0,0.0009929
1158.0,0.0009775
1159.0,0.00107
1160.0,0.0008862
1161.0,0.001134
1162.0,0.001131
1163.0,0.001612
1164.0,0.001341
1165.0,0.001244
1166.0,0.001233
1167.0,0.001358
1168.0,0.00137
1169.0,0.00141
1170.0,0.001547
1171.0,0.001495
1172.0,0.001523
1173.0,0.001527
1174.0,0.001023
1175.0,0.001484
1176.0,0.001651
1177.0,0.001566
1178.0,0.001115
1179.0,0.001649
1180.0,0.001434
1181.0,0.001484
1182.0,0.0009584
1183.0,0.001459
1184.0,0.001339
1185.0,0.001277
1186.0,0.001558
1187.0,0.001466
1188.0,0.0009619
1189.0,0.001348
1190.0,0.001499
1191.0,0.001403
1192.0,0.001514
1193.0,0.001435
1194.0,0.001483
1195.0,0.001387
1196.0,0.001322
1197.0,0.001481
1198.0,0.001332
1199.0,0.001099
1200.0,0.00139
1201.0,0.001326
1202.0,0.001315
1203.0,0.001308
1204.0,0.00111
1205.0,0.001343
1206.0,0.001507
1207.0,0.001295
1208.0,0.00128
1209.0,0.001303
1210.0,0.001362
1211.0,0.00128
1212.0,0.001255
1213.0,0.001422
1214.0,0.001283
1215.0,0.001251
1216.0,0.001404
1217.0,0.001356
1218.0,0.001383
1219.0,0.001359
1220.0,0.001376
1221.0,0.001388
1222.0,0.001342
1223.0,0.001324
1224.0,0.001309
1225.0,0.001362
1226.0,0.001369
1227.0,0.001245
1228.0,0.00137
1229.0,0.001357
1230.0,0.001326
1231.0,0.001368
1232.0,0.001355
1233.0,0.001295
1234.0,0.001355
1235.0,0.001341
1236.0,0.001347
1237.0,0.001321
1238.0,0.001334
1239.0,0.001313
1240.0,0.001314
1241.0,0.001301
1242.0,0.001296
1243.0,0.001281
1244.0,0.001285
1245.0,0.001287
1246.0,0.001275
1247.0,0.001266
1248.0,0.00126
1249.0,0.00126
1250.0,0.001248
1251.0,0.001227
1252.0,0.001225
1253.0,0.001208
1254.0,0.00119
1255.0,0.001211
1256.0,0.001168
1257.0,0.001157
1258.0,0.001179
1259.0,0.001124
1260.0,0.001128
1261.0,0.001051
1262.0,0.001011
1263.0,0.00101
1264.0,0.0009176
1265.0,0.0009981
1266.0,0.0009505
1267.0,0.0009691
1268.0,0.0009084
1269.0,0.000518
1270.0,0.0009559
1271.0,0.00102
1272.0,0.001022
1273.0,0.001006
1274.0,0.001008
1275.0,0.001021
1276.0,0.00103
1277.0,0.001035
1278.0,0.001056
1279.0,0.001043
1280.0,0.001027
1281.0,0.0009784
1282.0,0.0009429
1283.0,0.001012
1284.0,0.001032
1285.0,0.001036
1286.0,0.001048
1287.0,0.001026
1288.0,0.001023
1289.0,0.0009813
1290.0,0.001008
1291.0,0.00102
1292.0,0.0009428
1293.0,0.0009901
1294.0,0.0009791
1295.0,0.0009696
1296.0,0.0009148
1297.0,0.0008551
1298.0,0.0009306
1299.0,0.0009738
1300.0,0.0007971
1301.0,0.0008245
1302.0,0.0009173
1303.0,0.0007802
1304.0,0.0006444
1305.0,0.0008866
1306.0,0.0008841
1307.0,0.0006547
1308.0,0.0007692
1309.0,0.0008684
1310.0,0.0006349
1311.0,0.000726
1312.0,0.0007038
1313.0,0.0006844
1314.0,0.000598
1315.0,0.0005899
1316.0,0.0007031
1317.0,0.0006571
1318.0,0.0007234
1319.0,0.0005387
1320.0,0.0005183
1321.0,0.000618
1322.0,0.0006227
1323.0,0.000445
1324.0,0.000519
1325.0,0.0006723
1326.0,0.0005603
1327.0,0.0005283
1328.0,0.0004437
1329.0,0.0003179
1330.0,0.0004284
1331.0,0.0002389
1332.0,0.0002478
1333.0,0.0003593
1334.0,0.0002971
1335.0,0.0004279
1336.0,0.0003249
1337.0,0.0002812
1338.0,0.0003068
1339.0,0.0003051
1340.0,0.0002947
1341.0,0.0002849
1342.0,0.0003004
1343.0,0.000191
1344.0,0.0001081
1345.0,0.0001615
1346.0,7.393e-05
1347.0,7.487e-05
1348.0,4.234e-06
1349.0,1.579e-05
1350.0,1.642e-05
1351.0,3.791e-06
1352.0,9.993e-07
1353.0,5.014e-08
1354.0,1.729e-07
1355.0,1.383e-09
1356.0,2.425e-08
1357.0,3.687e-08
1358.0,1.624e-09
1359.0,2.045e-10
1360.0,7.391e-10
1361.0,8.265e-13
1362.0,2.261e-15
1363.0,9.938e-10
1364.0,4.102e-10
1365.0,7.893e-16
1366.0,4.309e-09
1367.0,1.758e-09
1368.0,6.094e-18
1369.0,1.511e-10
1370.0,7.443e-11
1371.0,4.219e-12
1372.0,9.534e-10
1373.0,1.924e-08
1374.0,8.949e-08
1375.0,1.626e-07
1376.0,1.458e-07
1377.0,6.646e-08
1378.0,6.564e-07
1379.0,2.772e-08
1380.0,3.986e-08
1381.0,1.035e-09
1382.0,8.355e-10
1383.0,1.249e-11
1384.0,1.637e-10
1385.0,7.831e-10
1386.0,7.366e-10
1387.0,8.948e-08
1388.0,1.753e-09
1389.0,3.036e-07
1390.0,2.604e-07
1391.0,1.728e-07
1392.0,1.114e-08
1393.0,5.918e-08
1394.0,3.045e-08
1395.0,2.226e-10
1396.0,1.076e-12
1397.0,2.326e-08
1398.0,6.963e-07
1399.0,4.392e-07
1400.0,4.599e-13
1401.0,1.908e-12
1402.0,1.229e-06
1403.0,1.543e-06
1404.0,4.635e-07
1405.0,1.054e-10
1406.0,1.207e-06
1407.0,1.048e-07
1408.0,9.8e-07
1409.0,3.239e-07
1410.0,2.591e-07
1411.0,1.324e-06
1412.0,1.795e-06
1413.0,1.996e-05
1414.0,2.021e-07
1415.0,9.623e-08
1416.0,3.405e-05
1417.0,9.474e-06
1418.0,1.076e-05
1419.0,1.589e-06
1420.0,6.444e-06
1421.0,6.969e-06
1422.0,4.451e-05
1423.0,7.891e-06
1424.0,1.516e-05
1425.0,2.251e-05
1426.0,2.602e-05
1427.0,5.048e-05
1428.0,3.139e-06
1429.0,3.635e-05
1430.0,6.538e-05
1431.0,7.251e-05
1432.0,2.428e-06
1433.0,4.381e-05
1434.0,2.114e-05
1435.0,2.035e-05
1436.0,4.182e-05
1437.0,3.145e-05
1438.0,1.241e-05
1439.0,5.823e-05
1440.0,4.27e-05
1441.0,3.12e-05
1442.0,3.481e-05
1443.0,4.525e-05
1444.0,6.471e-05
1445.0,4.851e-05
1446.0,2.049e-05
1447.0,3.312e-05
1448.0,0.0001315
1449.0,0.000111
1450.0,2.402e-05
1451.0,9.072e-06
1452.0,6.218e-05
1453.0,8.402e-05
1454.0,0.0001579
1455.0,6.698e-05
1456.0,9.149e-05
1457.0,0.0001291
1458.0,0.0001579
1459.0,0.0001896
1460.0,9.005e-05
1461.0,9.277e-05
1462.0,0.0001443
1463.0,4.048e-05
1464.0,0.0001764
1465.0,9.968e-05
1466.0,6.307e-05
1467.0,3.065e-05
1468.0,7.593e-05
1469.0,9.628e-05
1470.0,4.325e-05
1471.0,1.445e-05
1472.0,4.099e-05
1473.0,6.633e-05
1474.0,0.0001027
1475.0,0.0002142
1476.0,6.607e-05
1477.0,6.597e-05
1478.0,6.147e-05
1479.0,0.0001282
1480.0,5.578e-05
1481.0,0.0001208
1482.0,5.462e-05
1483.0,0.0001627
1484.0,0.0001511
1485.0,0.0001312
1486.0,0.0001281
1487.0,5.269e-05
1488.0,0.0001005
1489.0,0.0002178
1490.0,0.0001987
1491.0,0.0002303
1492.0,0.0001817
1493.0,0.0002035
1494.0,0.0002345
1495.0,0.0002043
1496.0,0.000189
1497.0,0.0002743
1498.0,0.000215
1499.0,0.0002573
1500.0,0.0003031
1501.0,0.0003208
1502.0,0.0002645
1503.0,0.0002181
1504.0,0.0001685
1505.0,0.0002086
1506.0,0.000318
1507.0,0.0003028
1508.0,0.0002863
1509.0,0.0002081
1510.0,0.000328
1511.0,0.0003147
1512.0,0.0003116
1513.0,0.000281
1514.0,0.000259
1515.0,0.0003189
1516.0,0.0003026
1517.0,0.0002938
1518.0,0.0002921
1519.0,0.000284
1520.0,0.0003086
1521.0,0.000332
1522.0,0.0003127
1523.0,0.0003355
1524.0,0.0003237
1525.0,0.0003065
1526.0,0.0003109
1527.0,0.0003072
1528.0,0.0003296
1529.0,0.0003112
1530.0,0.0003045
1531.0,0.0003125
1532.0,0.0003259
1533.0,0.0003254
1534.0,0.0003187
1535.0,0.0003158
1536.0,0.0003215
1537.0,0.0003133
1538.0,0.0003165
1539.0,0.0003101
1540.0,0.0003106
1541.0,0.000312
1542.0,0.0003075
1543.0,0.0003126
1544.0,0.0003078
1545.0,0.0003135
1546.0,0.0003076
1547.0,0.0003028
1548.0,0.0003021
1549.0,0.0003042
1550.0,0.0003013
1551.0,0.0003027
1552.0,0.0002994
1553.0,0.0002972
1554.0,0.0002938
1555.0,0.0002939
1556.0,0.0002929
1557.0,0.0002957
1558.0,0.0002934
1559.0,0.0002909
1560.0,0.0002922
1561.0,0.0002936
1562.0,0.0002891
1563.0,0.0002862
1564.0,0.0002868
1565.0,0.0002868
1566.0,0.0002823
1567.0,0.0002822
1568.0,0.0002787
1569.0,0.0002799
1570.0,0.0002818
1571.0,0.0002835
1572.0,0.0002811
1573.0,0.0002786
1574.0,0.000268
1575.0,0.0002642
1576.0,0.0002594
1577.0,0.0002521
1578.0,0.0002641
1579.0,0.0002658
1580.0,0.0002675
1581.0,0.000263
1582.0,0.0002572
1583.0,0.0002577
1584.0,0.0002621
1585.0,0.0002643
1586.0,0.0002606
1587.0,0.0002558
1588.0,0.0002482
1589.0,0.0002399
1590.0,0.0002447
1591.0,0.0002502
1592.0,0.0002569
1593.0,0.0002604
1594.0,0.0002593
1595.0,0.0002554
1596.0,0.0002472
1597.0,0.0002529
1598.0,0.0002559
1599.0,0.0002525
1600.0,0.0002503
1601.0,0.0002461
1602.0,0.0002462
1603.0,0.0002482
1604.0,0.0002456
1605.0,0.0002449
1606.0,0.0002415
1607.0,0.0002431
1608.0,0.0002422
1609.0,0.0002353
1610.0,0.0002299
1611.0,0.0002334
1612.0,0.0002356
1613.0,0.0002353
1614.0,0.0002348
1615.0,0.000229
1616.0,0.000225
1617.0,0.0002288
1618.0,0.0002323
1619.0,0.0002273
1620.0,0.0002221
1621.0,0.000224
1622.0,0.000227
1623.0,0.0002297
1624.0,0.0002264
1625.0,0.000225
1626.0,0.000225
1627.0,0.0002262
1628.0,0.0002249
1629.0,0.0002225
1630.0,0.0002206
1631.0,0.0002187
1632.0,0.0002177
1633.0,0.0002103
1634.0,0.0002149
1635.0,0.000211
1636.0,0.000209
1637.0,0.0002064
1638.0,0.0001931
1639.0,0.0002009
1640.0,0.0001909
1641.0,0.0001984
1642.0,0.000202
1643.0,0.0001891
1644.0,0.000201
1645.0,0.0001942
1646.0,0.0001885
1647.0,0.0002027
1648.0,0.000187
1649.0,0.0001966
1650.0,0.0001976
1651.0,0.0001815
1652.0,0.0001945
1653.0,0.000196
1654.0,0.0001841
1655.0,0.0001951
1656.0,0.000191
1657.0,0.0001921
1658.0,0.0001944
1659.0,0.0001924
1660.0,0.0001935
1661.0,0.0001919
1662.0,0.0001858
1663.0,0.0001902
1664.0,0.0001878
1665.0,0.000176
1666.0,0.0001403
1667.0,0.0001734
1668.0,0.0001803
1669.0,0.0001809
1670.0,0.0001839
1671.0,0.000178
1672.0,0.0001755
1673.0,0.0001793
1674.0,0.0001746
1675.0,0.0001715
1676.0,0.0001724
1677.0,0.0001715
1678.0,0.0001658
1679.0,0.0001696
1680.0,0.0001622
1681.0,0.0001565
1682.0,0.0001653
1683.0,0.0001684
1684.0,0.000154
1685.0,0.0001695
1686.0,0.0001686
1687.0,0.0001611
1688.0,0.0001667
1689.0,0.0001644
1690.0,0.0001633
1691.0,0.0001468
1692.0,0.0001617
1693.0,0.0001664
1694.0,0.000159
1695.0,0.0001637
1696.0,0.0001633
1697.0,0.0001341
1698.0,0.0001609
1699.0,0.0001582
1700.0,0.0001532
1702.0,0.0001557
1705.0,0.0001493
1710.0,0.0001393
1715.0,0.0001379
1720.0,0.000135
1725.0,0.0001237
1730.0,0.000121
1735.0,0.0001114
1740.0,0.0001118
1745.0,0.0001028
1750.0,0.0001099
1755.0,9.888e-05
1760.0,0.000103
1765.0,8.103e-05
1770.0,8.662e-05
1775.0,6.658e-05
1780.0,5.526e-05
1785.0,3.948e-05
1790.0,4.623e-05
1795.0,2.056e-05
1800.0,1.373e-05
1805.0,5.067e-06
1810.0,3.225e-06
1815.0,8.905e-07
1820.0,2.172e-07
1825.0,2.844e-07
1830.0,6.759e-10
1835.0,1.024e-09
1840.0,5.966e-12
1845.0,6.384e-10
1850.0,2.881e-10
1855.0,2.752e-11
1860.0,1.579e-09
1865.0,2.201e-09
1870.0,1.203e-14
1875.0,2.173e-14
1880.0,1.162e-08
1885.0,6.186e-09
1890.0,3.408e-08
1895.0,1.974e-08
1900.0,8.388e-11
1905.0,5.713e-11
1910.0,2.772e-09
1915.0,2.7e-09
1920.0,7.148e-08
1925.0,1.692e-07
1930.0,9.731e-08
1935.0,7.643e-07
1940.0,7.611e-07
1945.0,3.312e-06
1950.0,6.716e-06
1955.0,5.938e-06
1960.0,1.1e-05
1965.0,1.664e-05
1970.0,2.427e-05
1975.0,2.78e-05
1980.0,2.787e-05
1985.0,3.012e-05
1990.0,3.102e-05
1995.0,3.281e-05
2000.0,3.448e-05
2005.0,2.823e-05
2010.0,4.185e-05
2015.0,3.168e-05
2020.0,3.393e-05
2025.0,3.696e-05
2030.0,3.33e-05
2035.0,3.635e-05
2040.0,3.408e-05
2045.0,3.495e-05
2050.0,3.522e-05
2055.0,3.331e-05
2060.0,3.183e-05
2065.0,3.217e-05
2070.0,3.144e-05
2075.0,3.195e-05
2080.0,3.08e-05
2085.0,3.034e-05
2090.0,3.044e-05
2095.0,2.921e-05
2100.0,2.681e-05
2105.0,2.897e-05
2110.0,2.744e-05
2115.0,2.795e-05
2120.0,2.59e-05
2125.0,2.612e-05
2130.0,2.627e-05
2135.0,2.627e-05
2140.0,2.626e-05
2145.0,2.575e-05
2150.0,2.377e-05
2155.0,2.358e-05
2160.0,2.313e-05
2165.0,2.083e-05
2170.0,2.208e-05
2175.0,2.128e-05
2180.0,2.174e-05
2185.0,1.908e-05
2190.0,2.058e-05
2195.0,2.02e-05
2200.0,1.74e-05
2205.0,1.83e-05
2210.0,1.986e-05
2215.0,1.872e-05
2220.0,1.901e-05
2225.0,1.821e-05
2230.0,1.815e-05
2235.0,1.748e-05
2240.0,1.711e-05
2245.0,1.619e-05
2250.0,1.64e-05
2255.0,1.502e-05
2260.0,1.459e-05
2265.0,1.487e-05
2270.0,1.375e-05
2275.0,1.339e-05
2280.0,1.401e-05
2285.0,1.29e-05
2290.0,1.28e-05
2295.0,1.233e-05
2300.0,1.151e-05
2305.0,1.152e-05
2310.0,1.271e-05
2315.0,1.112e-05
2320.0,9.513e-06
2325.0,1.072e-05
2330.0,1.062e-05
2335.0,1.084e-05
2340.0,8.021e-06
2345.0,9.141e-06
2350.0,6.974e-06
2355.0,8.225e-06
2360.0,8.735e-06
2365.0,8.549e-06
2370.0,4.622e-06
2375.0,7.302e-06
2380.0,6.898e-06
2385.0,4.691e-06
2390.0,5.664e-06
2395.0,6.277e-06
2400.0,6.905e-06
2405.0,5.003e-06
2410.0,4.971e-06
2415.0,3.849e-06
2420.0,3.688e-06
2425.0,4.715e-06
2430.0,6.646e-06
2435.0,1.835e-06
2440.0,6.33e-06
2445.0,2.634e-06
2450.0,1.599e-06
2455.0,3.2e-06
2460.0,4.41e-06
2465.0,2.977e-06
2470.0,1.902e-06
2475.0,1.837e-06
2480.0,8.211e-07
2485.0,5.239e-07
2490.0,2.954e-07
2495.0,2.546e-07
2500.0,6.524e-07
2505.0,1.268e-07
2510.0,1.881e-07
2515.0,3.881e-08
2520.0,2.167e-08
2525.0,2.449e-09
2530.0,1.697e-11
2535.0,3.753e-12
2540.0,8.905e-12
2545.0,6.904e-16
2550.0,2.799e-18
2555.0,1.344e-14
2560.0,4.032e-16
2565.0,9.027000000000001e-20
2570.0,2.688e-24
2575.0,1.7e-34
2580.0,1.773e-28
2585.0,3.705e-42
2590.0,2.312e-38
2595.0,4.498e-40
2600.0,3.703e-35
2605.0,4.0920000000000004e-42
2610.0,1.4089999999999998e-41
2615.0,1.4009999999999999e-45
2620.0,1.241e-35
2625.0,2.2730000000000002e-35
2630.0,0.0
2635.0,1.184e-21
2640.0,2.563e-22
2645.0,1.117e-24
2650.0,1.113e-25
2655.0,1.338e-34
2660.0,1.127e-31
2665.0,1.121e-44
2670.0,0.0
2675.0,5.464999999999999e-44
2680.0,2.284e-30
2685.0,2.182e-31
2690.0,8.163e-31
2695.0,3.203e-33
2700.0,9.328e-29
2705.0,2.645e-26
2710.0,2.107e-31
2715.0,2.6599999999999997e-29
2720.0,0.0
2725.0,5.956e-27
2730.0,1.736e-24
2735.0,1.98e-26
2740.0,3.577e-32
2745.0,4.612e-27
2750.0,2.585e-26
2755.0,4.159e-28
2760.0,6.231e-23
2765.0,2.924e-29
2770.0,1.437e-26
2775.0,1.774e-23
2780.0,8.259e-21
2785.0,3.1010000000000005e-20
2790.0,7.07e-18
2795.0,1.556e-18
2800.0,4.966e-15
2805.0,9.284e-17
2810.0,3.723e-13
2815.0,1.11e-13
2820.0,1.357e-15
2825.0,1.191e-11
2830.0,2.589e-10
2835.0,3.565e-15
2840.0,7.628e-12
2845.0,2.642e-09
2850.0,4.569e-11
2855.0,1.825e-11
2860.0,9.493e-10
2865.0,7.004e-09
2870.0,1.775e-10
2875.0,1.706e-08
2880.0,1.075e-08
2885.0,1.771e-08
2890.0,7.523e-09
2895.0,1.288e-07
2900.0,3.58e-08
2905.0,4.136e-09
2910.0,1.314e-07
2915.0,5.563e-08
2920.0,1.384e-07
2925.0,4.921e-08
2930.0,2.994e-07
2935.0,3.304e-07
2940.0,7.359e-08
2945.0,6.317e-08
2950.0,2.561e-07
2955.0,1.137e-07
2960.0,2.263e-07
2965.0,3.84e-07
2970.0,1.491e-08
2975.0,3.782e-08
2980.0,5.893e-08
2985.0,3.49e-07
2990.0,5.304e-07
2995.0,2.002e-07
3000.0,3.82e-07
3005.0,1.294e-07
3010.0,3.344e-07
3015.0,2.589e-07
3020.0,2.322e-08
3025.0,3.577e-07
3030.0,2.815e-07
3035.0,1.065e-07
3040.0,8.318e-08
3045.0,1.792e-07
3050.0,4.04e-08
3055.0,9.861e-09
3060.0,2.802e-07
3065.0,1.18e-07
3070.0,6.616e-08
3075.0,2.614e-07
3080.0,1.514e-07
3085.0,6.656e-08
3090.0,9.066e-08
3095.0,2.219e-08
3100.0,1.821e-07
3105.0,3.384e-08
3110.0,2.831e-08
3115.0,8.537e-08
3120.0,4.247e-07
3125.0,1.233e-07
3130.0,2.466e-07
3135.0,4.989e-07
3140.0,1.307e-07
3145.0,1.282e-07
3150.0,2.729e-07
3155.0,2.293e-07
3160.0,3.833e-07
3165.0,6.077e-07
3170.0,5.374e-07
3175.0,3.753e-07
3180.0,4.446e-07
3185.0,3.092e-07
3190.0,1.607e-07
3195.0,8.864e-08
3200.0,1.237e-08
3205.0,8.072e-09
3210.0,3.357e-09
3215.0,1.37e-08
3220.0,4.842e-08
3225.0,5.518e-09
3230.0,9.178e-09
3235.0,2.654e-07
3240.0,1.191e-07
3245.0,2.23e-08
3250.0,8.316e-08
3255.0,3.658e-07
3260.0,3.531e-08
3265.0,7.706e-08
3270.0,3.599e-08
3275.0,2.22e-07
3280.0,9.323e-08
3285.0,4.167e-07
3290.0,3.111e-07
3295.0,3.707e-08
3300.0,5.533e-08
3305.0,1.285e-07
3310.0,1.219e-07
3315.0,1.714e-10
3320.0,1.082e-09
3325.0,1.022e-07
3330.0,1.566e-07
3335.0,3.075e-07
3340.0,1.109e-07
3345.0,1.075e-07
3350.0,2.728e-07
3355.0,1.086e-07
3360.0,1.678e-07
3365.0,2.378e-07
3370.0,1.136e-07
3375.0,2.793e-07
3380.0,1.499e-07
3385.0,2.392e-07
3390.0,3.156e-07
3395.0,3.054e-07
3400.0,4.143e-07
3405.0,1.242e-07
3410.0,2.198e-07
3415.0,2.134e-07
3420.0,4.304e-07
3425.0,3.064e-07
3430.0,2.578e-07
3435.0,3.694e-07
3440.0,2.348e-07
3445.0,3.522e-07
3450.0,3.438e-07
3455.0,2.438e-07
3460.0,3.923e-07
3465.0,2.89e-07
3470.0,3.794e-07
3475.0,3.286e-07
3480.0,3.366e-07
3485.0,3.668e-07
3490.0,3.052e-07
3495.0,3.687e-07
3500.0,3.559e-07
3505.0,3.507e-07
3510.0,3.552e-07
3515.0,3.385e-07
3520.0,3.617e-07
3525.0,3.359e-07
3530.0,3.256e-07
3535.0,2.649e-07
3540.0,2.503e-07
3545.0,2.658e-07
3550.0,3.007e-07
3555.0,2.51e-07
3560.0,3.08e-07
3565.0,3.072e-07
3570.0,2.292e-07
3575.0,2.369e-07
3580.0,2.87e-07
3585.0,2.494e-07
3590.0,2.605e-07
3595.0,2.664e-07
3600.0,2.852e-07
3605.0,2.846e-07
3610.0,2.567e-07
3615.0,2.568e-07
3620.0,3.226e-07
3625.0,2.741e-07
3630.0,2.663e-07
3635.0,2.744e-07
3640.0,3.108e-07
3645.0,2.786e-07
3650.0,2.638e-07
3655.0,2.891e-07
3660.0,2.862e-07
3665.0,2.627e-07
3670.0,1.951e-07
3675.0,1.086e-07
3680.0,2.027e-07
3685.0,2.344e-07
3690.0,2.421e-07
3695.0,2.533e-07
3700.0,2.754e-07
3705.0,2.699e-07
3710.0,2.288e-07
3715.0,2.243e-07
3720.0,2.579e-07
3725.0,2.651e-07
3730.0,2.239e-07
3735.0,2.015e-07
3740.0,2.075e-07
3745.0,2.472e-07
3750.0,2.206e-07
3755.0,2.12e-07
3760.0,2.075e-07
3765.0,1.985e-07
3770.0,2.143e-07
3775.0,2.107e-07
3780.0,2.246e-07
3785.0,2.021e-07
3790.0,1.744e-07
3795.0,2.03e-07
3800.0,2.31e-07
3805.0,2.143e-07
3810.0,1.853e-07
3815.0,1.712e-07
3820.0,2.218e-07
3825.0,2.156e-07
3830.0,2.188e-07
3835.0,1.664e-07
3840.0,2.007e-07
3845.0,1.942e-07
3850.0,1.948e-07
3855.0,1.847e-07
3860.0,1.698e-07
3865.0,1.707e-07
3870.0,1.512e-07
3875.0,1.348e-07
3880.0,1.289e-07
3885.0,1.339e-07
3890.0,1.356e-07
3895.0,1.509e-07
3900.0,1.618e-07
3905.0,1.606e-07
3910.0,1.404e-07
3915.0,1.357e-07
3920.0,1.351e-07
3925.0,1.318e-07
3930.0,1.368e-07
3935.0,1.433e-07
3940.0,1.448e-07
3945.0,1.474e-07
3950.0,1.496e-07
3955.0,1.51e-07
3960.0,1.52e-07
3965.0,1.53e-07
3970.0,1.504e-07
3975.0,1.453e-07
3980.0,1.424e-07
3985.0,1.425e-07
3990.0,1.398e-07
3995.0,1.358e-07
4000.0,1.294e-07
