interpolation:linear
wavelength,value
280.0,4.956e-21
280.5,9.334000000000001e-20
281.0,4.044e-19
281.5,7.504e-18
282.0,4.287e-17
282.5,1.296e-16
283.0,4.408e-16
283.5,7.127e-16
284.0,1.052e-14
284.5,2.739e-14
285.0,9.994e-14
285.5,6.39e-13
286.0,2.705e-12
286.5,1.347e-11
287.0,4.073e-11
287.5,1.698e-10
288.0,4.282e-10
288.5,1.483e-09
289.0,4.335e-09
289.5,1.409e-08
290.0,4.053e-08
290.5,8.382e-08
291.0,1.842e-07
291.5,5.557e-07
292.0,1.115e-06
292.5,1.457e-06
293.0,2.885e-06
293.5,6.438e-06
294.0,9.051e-06
294.5,2.354e-05
295.0,4.049e-05
295.5,6.592e-05
296.0,0.0001151
296.5,0.0001463
297.0,0.000183
297.5,0.0004387
298.0,0.0006288
298.5,0.0005879
299.0,0.001208
299.5,0.001781
300.0,0.001831
300.5,0.002476
301.0,0.004029
301.5,0.005833
302.0,0.004739
302.5,0.008403
303.0,0.01337
303.5,0.01563
304.0,0.01402
304.5,0.01875
305.0,0.02459
305.5,0.0257
306.0,0.02393
306.5,0.02807
307.0,0.03689
307.5,0.04381
308.0,0.04522
308.5,0.05043
309.0,0.04978
309.5,0.05174
310.0,0.04958
310.5,0.07823
311.0,0.09441
311.5,0.08932
312.0,0.08265
312.5,0.09543
313.0,0.1004
313.5,0.09917
314.0,0.1166
314.5,0.09571
315.0,0.1235
315.5,0.1063
316.0,0.08714
316.5,0.1185
317.0,0.1465
317.5,0.1537
318.0,0.1154
318.5,0.1339
319.0,0.1533
319.5,0.1306
320.0,0.1581
320.5,0.185
321.0,0.1552
321.5,0.1475
322.0,0.1653
322.5,0.1426
323.0,0.136
323.5,0.1664
324.0,0.1923
324.5,0.1967
325.0,0.1664
325.5,0.208
326.0,0.2587
326.5,0.2536
327.0,0.2529
327.5,0.2448
328.0,0.2216
328.5,0.2257
329.0,0.2634
329.5,0.2956
330.0,0.2981
330.5,0.2411
331.0,0.2457
331.5,0.2455
332.0,0.2595
332.5,0.2534
333.0,0.2525
333.5,0.2301
334.0,0.235
334.5,0.266
335.0,0.2468
335.5,0.2986
336.0,0.2057
336.5,0.2308
337.0,0.1895
337.5,0.2349
338.0,0.2257
338.5,0.268
339.0,0.262
339.5,0.2521
340.0,0.2854
340.5,0.2557
341.0,0.2556
341.5,0.2306
342.0,0.2734
342.5,0.2538
343.0,0.2796
343.5,0.2633
344.0,0.1889
344.5,0.1968
345.0,0.255
345.5,0.2576
346.0,0.2171
346.5,0.244
347.0,0.2621
347.5,0.2113
348.0,0.238
348.5,0.2359
349.0,0.2174
349.5,0.2143
350.0,0.2636
350.5,0.2767
351.0,0.2466
351.5,0.2407
352.0,0.2557
352.5,0.1977
353.0,0.2472
353.5,0.2627
354.0,0.2711
354.5,0.2735
355.0,0.2715
355.5,0.2439
356.0,0.2537
356.5,0.2155
357.0,0.1772
357.5,0.2158
358.0,0.1701
358.5,0.1446
359.0,0.2014
359.5,0.2558
360.0,0.2697
360.5,0.2143
361.0,0.1943
361.5,0.2225
362.0,0.1914
362.5,0.2636
363.0,0.2356
363.5,0.2159
364.0,0.2628
364.5,0.2235
365.0,0.2266
365.5,0.283
366.0,0.2983
366.5,0.2789
367.0,0.2703
367.5,0.2791
368.0,0.2431
368.5,0.2441
369.0,0.2624
369.5,0.2783
370.0,0.2952
370.5,0.228
371.0,0.2424
371.5,0.3018
372.0,0.1994
372.5,0.2379
373.0,0.2408
373.5,0.156
374.0,0.2255
374.5,0.1859
375.0,0.1798
375.5,0.2672
376.0,0.2205
376.5,0.2274
377.0,0.2396
377.5,0.279
378.0,0.301
378.5,0.283
379.0,0.2324
379.5,0.2112
380.0,0.2184
380.5,0.2633
381.0,0.2625
381.5,0.207
382.0,0.1829
382.5,0.1551
383.0,0.1429
383.5,0.137
384.0,0.1504
384.5,0.2202
385.0,0.2173
385.5,0.2014
386.0,0.1717
386.5,0.2244
387.0,0.1856
387.5,0.2074
388.0,0.1906
388.5,0.1875
389.0,0.2014
389.5,0.2428
390.0,0.2425
390.5,0.2221
391.0,0.2601
391.5,0.264
392.0,0.2213
392.5,0.1972
393.0,0.1092
393.5,0.079
394.0,0.16
394.5,0.2025
395.0,0.246
395.5,0.2487
396.0,0.2146
396.5,0.1249
397.0,0.09326
397.5,0.1887
398.0,0.2631
398.5,0.2707
399.0,0.2918
399.5,0.2895
400.0,0.2992
401.0,0.2938
402.0,0.307
403.0,0.2889
404.0,0.2818
405.0,0.2792
406.0,0.2721
407.0,0.2652
408.0,0.2731
409.0,0.2897
410.0,0.251
411.0,0.2695
412.0,0.2868
413.0,0.2772
414.0,0.2781
415.0,0.2764
416.0,0.2786
417.0,0.2693
418.0,0.2619
419.0,0.2629
420.0,0.2593
421.0,0.2688
422.0,0.2532
423.0,0.2451
424.0,0.2568
425.0,0.2541
426.0,0.2453
427.0,0.2387
428.0,0.2305
429.0,0.2165
430.0,0.1878
431.0,0.1845
432.0,0.236
433.0,0.2352
434.0,0.2165
435.0,0.2241
436.0,0.2505
437.0,0.2452
438.0,0.2215
439.0,0.2273
440.0,0.2326
441.0,0.2389
442.0,0.254
443.0,0.2453
444.0,0.2485
445.0,0.2411
446.0,0.2281
447.0,0.2445
448.0,0.2461
449.0,0.245
450.0,0.2497
451.0,0.2567
452.0,0.2452
453.0,0.2288
454.0,0.2369
455.0,0.2364
456.0,0.24
457.0,0.2419
458.0,0.2318
459.0,0.2288
460.0,0.2276
461.0,0.231
462.0,0.231
463.0,0.2276
464.0,0.2222
465.0,0.2176
466.0,0.2179
467.0,0.2121
468.0,0.2127
469.0,0.212
470.0,0.2037
471.0,0.2019
472.0,0.2111
473.0,0.2067
474.0,0.2053
475.0,0.2055
476.0,0.1979
477.0,0.1969
478.0,0.2007
479.0,0.1979
480.0,0.1968
481.0,0.1987
482.0,0.1982
483.0,0.1942
484.0,0.1887
485.0,0.1783
486.0,0.1546
487.0,0.1608
488.0,0.175
489.0,0.1742
490.0,0.1819
491.0,0.1775
492.0,0.1663
493.0,0.1704
494.0,0.1708
495.0,0.171
496.0,0.1708
497.0,0.1722
498.0,0.163
499.0,0.1639
500.0,0.1579
501.0,0.1539
502.0,0.1506
503.0,0.1556
504.0,0.1506
505.0,0.1548
506.0,0.1587
507.0,0.1499
508.0,0.1441
509.0,0.147
510.0,0.1452
511.0,0.148
512.0,0.1485
513.0,0.1395
514.0,0.1376
515.0,0.1353
516.0,0.134
517.0,0.1183
518.0,0.1235
519.0,0.1286
520.0,0.1323
521.0,0.1326
522.0,0.1318
523.0,0.1286
524.0,0.1324
525.0,0.1331
526.0,0.1263
527.0,0.1182
528.0,0.1242
529.0,0.1301
530.0,0.1274
531.0,0.1285
532.0,0.1233
533.0,0.1189
534.0,0.1216
535.0,0.1234
536.0,0.1236
537.0,0.1179
538.0,0.1192
539.0,0.1174
540.0,0.1119
541.0,0.1119
542.0,0.1146
543.0,0.1127
544.0,0.114
545.0,0.113
546.0,0.1128
547.0,0.112
548.0,0.1099
549.0,0.1095
550.0,0.1101
551.0,0.108
552.0,0.1081
553.0,0.1054
554.0,0.1073
555.0,0.1068
556.0,0.1047
557.0,0.1008
558.0,0.09936
559.0,0.09687
560.0,0.09745
561.0,0.09807
562.0,0.09673
563.0,0.09875
564.0,0.09548
565.0,0.09408
566.0,0.09209
567.0,0.09323
568.0,0.09182
569.0,0.0891
570.0,0.08853
571.0,0.08744
572.0,0.08896
573.0,0.08938
574.0,0.08859
575.0,0.08642
576.0,0.08507
577.0,0.08543
578.0,0.08361
579.0,0.08342
580.0,0.08447
581.0,0.08433
582.0,0.08535
583.0,0.08506
584.0,0.08533
585.0,0.08274
586.0,0.08048
587.0,0.08167
588.0,0.07923
589.0,0.06979
590.0,0.07257
591.0,0.07636
592.0,0.07494
593.0,0.07558
594.0,0.0746
595.0,0.07235
596.0,0.07478
597.0,0.07356
598.0,0.07293
599.0,0.07255
600.0,0.07224
601.0,0.07124
602.0,0.07034
603.0,0.07106
604.0,0.07178
605.0,0.07098
606.0,0.07027
607.0,0.07054
608.0,0.06931
609.0,0.06898
610.0,0.06807
611.0,0.06802
612.0,0.06741
613.0,0.06614
614.0,0.06483
615.0,0.06584
616.0,0.0633
617.0,0.0628
618.0,0.06484
619.0,0.06382
620.0,0.06385
621.0,0.06355
622.0,0.06243
623.0,0.0611
624.0,0.05969
625.0,0.05925
626.0,0.05981
627.0,0.06013
628.0,0.0558
629.0,0.05799
630.0,0.05631
631.0,0.05724
632.0,0.05624
633.0,0.05766
634.0,0.0568
635.0,0.05733
636.0,0.05624
637.0,0.05683
638.0,0.05706
639.0,0.0561
640.0,0.05522
641.0,0.05486
642.0,0.05432
643.0,0.05478
644.0,0.05431
645.0,0.05408
646.0,0.0525
647.0,0.05159
648.0,0.05132
649.0,0.05005
650.0,0.05002
651.0,0.0519
652.0,0.04942
653.0,0.05065
654.0,0.04982
655.0,0.04766
656.0,0.04202
657.0,0.04293
658.0,0.04788
659.0,0.04798
660.0,0.0479
661.0,0.04797
662.0,0.04783
663.0,0.04666
664.0,0.04696
665.0,0.04674
666.0,0.04652
667.0,0.04623
668.0,0.04601
669.0,0.04646
670.0,0.046
671.0,0.04575
672.0,0.04517
673.0,0.04566
674.0,0.04523
675.0,0.04457
676.0,0.04465
677.0,0.044
678.0,0.04392
679.0,0.04299
680.0,0.04312
681.0,0.04261
682.0,0.04234
683.0,0.04205
684.0,0.04161
685.0,0.04173
686.0,0.04128
687.0,0.02717
688.0,0.03174
689.0,0.03168
690.0,0.03307
691.0,0.03466
692.0,0.03578
693.0,0.03529
694.0,0.03475
695.0,0.03602
696.0,0.03587
697.0,0.03801
698.0,0.03724
699.0,0.0361
700.0,0.03548
701.0,0.03497
702.0,0.03506
703.0,0.03494
704.0,0.0359
705.0,0.03576
706.0,0.03557
707.0,0.03543
708.0,0.03533
709.0,0.0352
710.0,0.03501
711.0,0.03485
712.0,0.03463
713.0,0.03411
714.0,0.03404
715.0,0.03278
716.0,0.03265
717.0,0.02804
718.0,0.02545
719.0,0.02301
720.0,0.02413
721.0,0.02664
722.0,0.03063
723.0,0.02819
724.0,0.02509
725.0,0.0246
726.0,0.02576
727.0,0.02591
728.0,0.02421
729.0,0.02504
730.0,0.02649
731.0,0.02514
732.0,0.02685
733.0,0.02837
734.0,0.02891
735.0,0.02817
736.0,0.02801
737.0,0.02798
738.0,0.0283
739.0,0.02759
740.0,0.02818
741.0,0.02777
742.0,0.02767
743.0,0.02822
744.0,0.02799
745.0,0.02786
746.0,0.02786
747.0,0.02779
748.0,0.02758
749.0,0.02712
750.0,0.02697
751.0,0.02658
752.0,0.02657
753.0,0.02656
754.0,0.02648
755.0,0.0262
756.0,0.02608
757.0,0.026
758.0,0.02555
759.0,0.0249
760.0,0.003997
761.0,0.002068
762.0,0.01238
763.0,0.006061
764.0,0.009141
765.0,0.01219
766.0,0.01497
767.0,0.01889
768.0,0.02177
769.0,0.02214
770.0,0.02281
771.0,0.02291
772.0,0.02285
773.0,0.02289
774.0,0.02266
775.0,0.02239
776.0,0.02257
777.0,0.02216
778.0,0.02192
779.0,0.02182
780.0,0.0216
781.0,0.02152
782.0,0.02155
783.0,0.02107
784.0,0.02108
785.0,0.02082
786.0,0.02095
787.0,0.02049
788.0,0.02013
789.0,0.02001
790.0,0.01937
791.0,0.01946
792.0,0.01922
793.0,0.01881
794.0,0.01907
795.0,0.0193
796.0,0.01859
797.0,0.01854
798.0,0.01902
799.0,0.01881
800.0,0.01838
801.0,0.01823
802.0,0.0181
803.0,0.01788
804.0,0.01782
805.0,0.01769
806.0,0.01811
807.0,0.01781
808.0,0.01775
809.0,0.01733
810.0,0.0171
811.0,0.01705
812.0,0.01646
813.0,0.01603
814.0,0.01392
815.0,0.01376
816.0,0.01261
817.0,0.01281
818.0,0.01228
819.0,0.01379
820.0,0.01287
821.0,0.01519
822.0,0.01464
823.0,0.009566
824.0,0.01407
825.0,0.0146
826.0,0.01393
827.0,0.01472
828.0,0.01226
829.0,0.01367
830.0,0.01342
831.0,0.01342
832.0,0.01291
833.0,0.01382
834.0,0.01323
835.0,0.01455
836.0,0.01383
837.0,0.01447
838.0,0.01395
839.0,0.01412
840.0,0.01437
841.0,0.0141
842.0,0.01408
843.0,0.01401
844.0,0.01375
845.0,0.01416
846.0,0.01404
847.0,0.01372
848.0,0.01357
849.0,0.01313
850.0,0.01253
851.0,0.0132
852.0,0.01305
853.0,0.0125
854.0,0.01075
855.0,0.01176
856.0,0.0128
857.0,0.01303
858.0,0.01289
859.0,0.01284
860.0,0.01281
861.0,0.01268
862.0,0.01283
863.0,0.01308
864.0,0.01238
865.0,0.01222
866.0,0.01094
867.0,0.01137
868.0,0.01232
869.0,0.01201
870.0,0.0123
871.0,0.01208
872.0,0.01199
873.0,0.01192
874.0,0.01172
875.0,0.01143
876.0,0.0115
877.0,0.01157
878.0,0.01164
879.0,0.01142
880.0,0.01113
881.0,0.01091
882.0,0.01111
883.0,0.0111
884.0,0.011
885.0,0.01103
886.0,0.01047
887.0,0.01054
888.0,0.01065
889.0,0.01073
890.0,0.01059
891.0,0.01053
892.0,0.01018
893.0,0.009799
894.0,0.009387
895.0,0.008796
896.0,0.008162
897.0,0.006878
898.0,0.007549
899.0,0.005526
900.0,0.007695
901.0,0.005853
902.0,0.00692
903.0,0.006962
904.0,0.008939
905.0,0.008564
906.0,0.007938
907.0,0.006271
908.0,0.006402
909.0,0.006986
910.0,0.006074
911.0,0.006483
912.0,0.006786
913.0,0.006094
914.0,0.006006
915.0,0.00658
916.0,0.005402
917.0,0.007066
918.0,0.005533
919.0,0.007127
920.0,0.007158
921.0,0.007499
922.0,0.006603
923.0,0.007183
924.0,0.006741
925.0,0.006541
926.0,0.006618
927.0,0.007442
928.0,0.005275
929.0,0.004765
930.0,0.003622
931.0,0.003375
932.0,0.002338
933.0,0.001852
934.0,0.0009634
935.0,0.001871
936.0,0.001111
937.0,0.001127
938.0,0.001413
939.0,0.00316
940.0,0.003885
941.0,0.002843
942.0,0.003319
943.0,0.002053
944.0,0.002149
945.0,0.002877
946.0,0.001344
947.0,0.002877
948.0,0.002006
949.0,0.003977
950.0,0.0009498
951.0,0.003872
952.0,0.001916
953.0,0.00254
954.0,0.003187
955.0,0.002571
956.0,0.00244
957.0,0.001895
958.0,0.00357
959.0,0.002759
960.0,0.003149
961.0,0.003553
962.0,0.003325
963.0,0.003889
964.0,0.003504
965.0,0.003839
966.0,0.00384
967.0,0.003801
968.0,0.005244
969.0,0.005512
970.0,0.00498
971.0,0.005775
972.0,0.005461
973.0,0.004674
974.0,0.004393
975.0,0.004542
976.0,0.004286
977.0,0.004929
978.0,0.004642
979.0,0.004876
980.0,0.004518
981.0,0.005523
982.0,0.005236
983.0,0.004987
984.0,0.005651
985.0,0.005161
986.0,0.005719
987.0,0.005578
988.0,0.005544
989.0,0.005643
990.0,0.005473
991.0,0.005613
992.0,0.005625
993.0,0.005471
994.0,0.005584
995.0,0.005558
996.0,0.005509
997.0,0.005496
998.0,0.005449
999.0,0.00541
1000.0,0.00535
1001.0,0.0054
1002.0,0.00522
1003.0,0.005263
1004.0,0.005111
1005.0,0.004908
1006.0,0.005077
1007.0,0.005166
1008.0,0.005117
1009.0,0.005069
1010.0,0.005027
1011.0,0.005064
1012.0,0.004997
1013.0,0.005014
1014.0,0.004962
1015.0,0.00491
1016.0,0.004868
1017.0,0.004861
1018.0,0.004825
1019.0,0.004699
1020.0,0.004761
1021.0,0.004737
1022.0,0.00468
1023.0,0.004713
1024.0,0.004631
1025.0,0.004677
1026.0,0.004638
1027.0,0.004609
1028.0,0.004583
1029.0,0.004513
1030.0,0.004528
1031.0,0.004492
1032.0,0.004462
1033.0,0.004378
1034.0,0.004361
1035.0,0.004358
1036.0,0.004363
1037.0,0.004276
1038.0,0.00428
1039.0,0.004262
1040.0,0.004229
1041.0,0.004229
1042.0,0.004184
1043.0,0.004156
1044.0,0.004156
1045.0,0.004084
1046.0,0.004023
1047.0,0.004044
1048.0,0.004052
1049.0,0.004023
1050.0,0.00399
1051.0,0.003969
1052.0,0.003937
1053.0,0.003892
1054.0,0.003887
1055.0,0.003874
1056.0,0.003845
1057.0,0.003819
1058.0,0.003712
1059.0,0.003703
1060.0,0.003683
1061.0,0.003665
1062.0,0.00367
1063.0,0.003621
1064.0,0.003651
1065.0,0.00361
1066.0,0.003527
1067.0,0.003559
1068.0,0.003467
1069.0,0.003348
1070.0,0.003447
1071.0,0.003491
1072.0,0.003436
1073.0,0.003376
1074.0,0.003455
1075.0,0.00326
1076.0,0.003426
1077.0,0.003346
1078.0,0.00327
1079.0,0.003335
1080.0,0.003253
1081.0,0.00314
1082.0,0.003187
1083.0,0.003186
1084.0,0.003091
1085.0,0.003208
1086.0,0.002886
1087.0,0.002996
1088.0,0.003122
1089.0,0.003006
1090.0,0.002915
1091.0,0.003074
1092.0,0.003058
1093.0,0.002544
1094.0,0.002775
1095.0,0.002647
1096.0,0.002512
1097.0,0.002937
1098.0,0.002456
1099.0,0.002558
1100.0,0.002344
1101.0,0.002374
1102.0,0.002251
1103.0,0.002215
1104.0,0.002212
1105.0,0.002441
1106.0,0.001807
1107.0,0.00229
1108.0,0.001897
1109.0,0.00189
1110.0,0.002245
1111.0,0.001441
1112.0,0.001856
1113.0,0.001112
1114.0,0.001258
1115.0,0.001006
1116.0,0.0007852
1117.0,0.0002577
1118.0,0.0008548
1119.0,0.0003888
1120.0,0.0005056
1121.0,0.0006926
1122.0,0.0002611
1123.0,0.0004437
1124.0,0.000364
1125.0,0.0004931
1126.0,0.0001528
1127.0,0.0005609
1128.0,0.0003171
1129.0,0.0003374
1130.0,0.0002117
1131.0,0.001147
1132.0,0.0008629
1133.0,0.0005182
1134.0,0.0001133
1135.0,3.817e-05
1136.0,0.0004183
1137.0,0.001107
1138.0,0.000734
1139.0,0.001141
1140.0,0.0009327
1141.0,0.0006844
1142.0,0.0007976
1143.0,0.001192
1144.0,0.0003588
1145.0,0.0004764
1146.0,0.0005182
1147.0,0.0001616
1148.0,0.0009863
1149.0,0.0007627
1150.0,0.0003823
1151.0,0.0006959
1152.0,0.0008771
1153.0,0.0008386
1154.0,0.0004487
1155.0,0.001139
1156.0,0.001008
1157.0,0.001144
1158.0,0.001125
1159.0,0.001224
1160.0,0.001022
1161.0,0.00129
1162.0,0.001288
1163.0,0.001801
1164.0,0.001511
1165.0,0.001415
1166.0,0.001392
1167.0,0.001528
1168.0,0.001545
1169.0,0.001585
1170.0,0.001727
1171.0,0.00167
1172.0,0.001695
1173.0,0.001704
1174.0,0.001167
1175.0,0.001651
1176.0,0.001821
1177.0,0.001738
1178.0,0.001256
1179.0,0.001818
1180.0,0.001597
1181.0,0.001653
1182.0,0.001084
1183.0,0.001621
1184.0,0.001494
1185.0,0.001432
1186.0,0.001725
1187.0,0.00163
1188.0,0.001092
1189.0,0.0015
1190.0,0.001659
1191.0,0.001565
1192.0,0.001674
1193.0,0.00159
1194.0,0.001642
1195.0,0.001544
1196.0,0.001477
1197.0,0.001635
1198.0,0.001476
1199.0,0.001236
1200.0,0.001543
1201.0,0.001479
1202.0,0.001462
1203.0,0.001456
1204.0,0.001242
1205.0,0.001487
1206.0,0.001659
1207.0,0.001443
1208.0,0.00142
1209.0,0.001443
1210.0,0.001505
1211.0,0.001422
1212.0,0.001403
1213.0,0.00157
1214.0,0.001431
1215.0,0.001396
1216.0,0.001549
1217.0,0.0015
1218.0,0.001527
1219.0,0.001502
1220.0,0.001518
1221.0,0.00153
1222.0,0.001482
1223.0,0.001463
1224.0,0.001449
1225.0,0.001501
1226.0,0.001507
1227.0,0.001379
1228.0,0.001505
1229.0,0.001493
1230.0,0.001462
1231.0,0.001501
1232.0,0.001487
1233.0,0.001429
1234.0,0.001486
1235.0,0.001471
1236.0,0.001477
1237.0,0.001451
1238.0,0.001463
1239.0,0.001439
1240.0,0.00144
1241.0,0.001428
1242.0,0.001421
1243.0,0.001404
1244.0,0.001409
1245.0,0.001411
1246.0,0.001398
1247.0,0.001388
1248.0,0.001382
1249.0,0.001382
1250.0,0.001369
1251.0,0.001347
1252.0,0.001344
1253.0,0.001328
1254.0,0.001309
1255.0,0.001329
1256.0,0.001286
1257.0,0.001275
1258.0,0.001296
1259.0,0.001242
1260.0,0.001246
1261.0,0.001169
1262.0,0.001129
1263.0,0.001128
1264.0,0.001035
1265.0,0.001115
1266.0,0.001068
1267.0,0.001085
1268.0,0.001023
1269.0,0.0006173
1270.0,0.001072
1271.0,0.001135
1272.0,0.001135
1273.0,0.001119
1274.0,0.00112
1275.0,0.001133
1276.0,0.001141
1277.0,0.001145
1278.0,0.001165
1279.0,0.00115
1280.0,0.001132
1281.0,0.001078
1282.0,0.001036
1283.0,0.001112
1284.0,0.001135
1285.0,0.001139
1286.0,0.001151
1287.0,0.001129
1288.0,0.001125
1289.0,0.001084
1290.0,0.001108
1291.0,0.00112
1292.0,0.001045
1293.0,0.00109
1294.0,0.001078
1295.0,0.00107
1296.0,0.001015
1297.0,0.0009534
1298.0,0.001029
1299.0,0.001071
1300.0,0.0008913
1301.0,0.000919
1302.0,0.001014
1303.0,0.0008705
1304.0,0.0007316
1305.0,0.0009807
1306.0,0.0009788
1307.0,0.0007383
1308.0,0.0008555
1309.0,0.0009627
1310.0,0.0007163
1311.0,0.0008104
1312.0,0.0007883
1313.0,0.0007683
1314.0,0.0006744
1315.0,0.0006691
1316.0,0.0007874
1317.0,0.0007363
1318.0,0.000806
1319.0,0.0006136
1320.0,0.0005857
1321.0,0.000696
1322.0,0.0007041
1323.0,0.0005121
1324.0,0.0005906
1325.0,0.0007532
1326.0,0.0006345
1327.0,0.0005997
1328.0,0.0005055
1329.0,0.0003687
1330.0,0.0004966
1331.0,0.0002827
1332.0,0.0002897
1333.0,0.0004231
1334.0,0.0003421
1335.0,0.0004922
1336.0,0.0003764
1337.0,0.000328
1338.0,0.0003585
1339.0,0.0003551
1340.0,0.0003392
1341.0,0.0003346
1342.0,0.0003532
1343.0,0.0002335
1344.0,0.0001277
1345.0,0.0001935
1346.0,9.135e-05
1347.0,9.363e-05
1348.0,4.953e-06
1349.0,1.963e-05
1350.0,1.985e-05
1351.0,4.574e-06
1352.0,1.189e-06
1353.0,5.448e-08
1354.0,1.917e-07
1355.0,1.432e-09
1356.0,2.585e-08
1357.0,3.975e-08
1358.0,1.683e-09
1359.0,2.108e-10
1360.0,7.641e-10
1361.0,8.341e-13
1362.0,2.268e-15
1363.0,1.038e-09
1364.0,4.241e-10
1365.0,7.923e-16
1366.0,4.618e-09
1367.0,1.837e-09
1368.0,6.114e-18
1369.0,1.547e-10
1370.0,7.615e-11
1371.0,4.263e-12
1372.0,9.86e-10
1373.0,2.073e-08
1374.0,9.912e-08
1375.0,1.85e-07
1376.0,1.605e-07
1377.0,7.156e-08
1378.0,7.724e-07
1379.0,2.918e-08
1380.0,4.294e-08
1381.0,1.055e-09
1382.0,8.651e-10
1383.0,1.259e-11
1384.0,1.682e-10
1385.0,8.023e-10
1386.0,7.669e-10
1387.0,1.01e-07
1388.0,1.795e-09
1389.0,3.501e-07
1390.0,2.968e-07
1391.0,1.953e-07
1392.0,1.163e-08
1393.0,6.363e-08
1394.0,3.347e-08
1395.0,2.265e-10
1396.0,1.085e-12
1397.0,2.459e-08
1398.0,8.255e-07
1399.0,5.057e-07
1400.0,4.64e-13
1401.0,1.926e-12
1402.0,1.402e-06
1403.0,1.81e-06
1404.0,5.112e-07
1405.0,1.071e-10
1406.0,1.433e-06
1407.0,1.109e-07
1408.0,1.143e-06
1409.0,3.675e-07
1410.0,2.865e-07
1411.0,1.535e-06
1412.0,2.074e-06
1413.0,2.485e-05
1414.0,2.205e-07
1415.0,1.035e-07
1416.0,4.12e-05
1417.0,1.132e-05
1418.0,1.297e-05
1419.0,1.742e-06
1420.0,7.527e-06
1421.0,8.259e-06
1422.0,5.448e-05
1423.0,8.929e-06
1424.0,1.76e-05
1425.0,2.708e-05
1426.0,3.071e-05
1427.0,5.934e-05
1428.0,3.644e-06
1429.0,4.306e-05
1430.0,7.699e-05
1431.0,8.498e-05
1432.0,2.784e-06
1433.0,5.106e-05
1434.0,2.413e-05
1435.0,2.446e-05
1436.0,5.016e-05
1437.0,3.71e-05
1438.0,1.439e-05
1439.0,7e-05
1440.0,5.067e-05
1441.0,3.747e-05
1442.0,4.182e-05
1443.0,5.316e-05
1444.0,7.674e-05
1445.0,5.825e-05
1446.0,2.375e-05
1447.0,3.958e-05
1448.0,0.0001537
1449.0,0.0001313
1450.0,2.811e-05
1451.0,1.032e-05
1452.0,7.326e-05
1453.0,9.938e-05
1454.0,0.0001833
1455.0,7.761e-05
1456.0,0.000109
1457.0,0.0001511
1458.0,0.0001807
1459.0,0.0002197
1460.0,0.0001037
1461.0,0.000109
1462.0,0.0001688
1463.0,4.677e-05
1464.0,0.0002034
1465.0,0.000113
1466.0,7.452e-05
1467.0,3.628e-05
1468.0,8.945e-05
1469.0,0.0001131
1470.0,5.163e-05
1471.0,1.661e-05
1472.0,4.892e-05
1473.0,7.827e-05
1474.0,0.0001188
1475.0,0.0002458
1476.0,7.698e-05
1477.0,7.771e-05
1478.0,7.053e-05
1479.0,0.0001482
1480.0,6.514e-05
1481.0,0.0001401
1482.0,6.282e-05
1483.0,0.0001888
1484.0,0.0001725
1485.0,0.0001514
1486.0,0.0001488
1487.0,6.204e-05
1488.0,0.0001163
1489.0,0.0002484
1490.0,0.000225
1491.0,0.0002581
1492.0,0.0002091
1493.0,0.0002326
1494.0,0.0002646
1495.0,0.0002309
1496.0,0.0002142
1497.0,0.0003035
1498.0,0.0002415
1499.0,0.0002879
1500.0,0.0003348
1501.0,0.0003547
1502.0,0.0002929
1503.0,0.000245
1504.0,0.0001913
1505.0,0.0002346
1506.0,0.0003497
1507.0,0.0003344
1508.0,0.0003159
1509.0,0.0002343
1510.0,0.0003599
1511.0,0.0003469
1512.0,0.0003423
1513.0,0.0003121
1514.0,0.0002891
1515.0,0.0003496
1516.0,0.0003326
1517.0,0.0003244
1518.0,0.0003222
1519.0,0.0003143
1520.0,0.0003393
1521.0,0.0003615
1522.0,0.0003427
1523.0,0.0003651
1524.0,0.0003537
1525.0,0.0003365
1526.0,0.000341
1527.0,0.0003368
1528.0,0.0003589
1529.0,0.00034
1530.0,0.0003332
1531.0,0.0003416
1532.0,0.0003544
1533.0,0.0003535
1534.0,0.0003465
1535.0,0.0003439
1536.0,0.0003496
1537.0,0.0003411
1538.0,0.0003438
1539.0,0.0003372
1540.0,0.0003373
1541.0,0.0003389
1542.0,0.0003345
1543.0,0.0003396
1544.0,0.0003348
1545.0,0.0003404
1546.0,0.0003344
1547.0,0.0003289
1548.0,0.0003281
1549.0,0.0003302
1550.0,0.0003272
1551.0,0.0003288
1552.0,0.0003256
1553.0,0.0003227
1554.0,0.0003191
1555.0,0.0003192
1556.0,0.0003182
1557.0,0.0003211
1558.0,0.0003186
1559.0,0.0003159
1560.0,0.0003174
1561.0,0.0003189
1562.0,0.0003142
1563.0,0.000311
1564.0,0.0003117
1565.0,0.0003115
1566.0,0.0003068
1567.0,0.0003067
1568.0,0.0003029
1569.0,0.0003041
1570.0,0.0003063
1571.0,0.0003081
1572.0,0.0003056
1573.0,0.000303
1574.0,0.0002916
1575.0,0.0002875
1576.0,0.0002825
1577.0,0.0002746
1578.0,0.0002878
1579.0,0.0002899
1580.0,0.0002918
1581.0,0.0002868
1582.0,0.0002804
1583.0,0.0002811
1584.0,0.0002854
1585.0,0.0002878
1586.0,0.0002839
1587.0,0.0002786
1588.0,0.00027
1589.0,0.000261
1590.0,0.0002664
1591.0,0.0002723
1592.0,0.0002798
1593.0,0.0002834
1594.0,0.0002823
1595.0,0.000278
1596.0,0.0002692
1597.0,0.0002755
1598.0,0.0002786
1599.0,0.0002749
1600.0,0.0002724
1601.0,0.000268
1602.0,0.0002682
1603.0,0.0002701
1604.0,0.0002673
1605.0,0.0002665
1606.0,0.0002628
1607.0,0.0002645
1608.0,0.0002638
1609.0,0.0002561
1610.0,0.0002502
1611.0,0.0002541
1612.0,0.0002564
1613.0,0.0002563
1614.0,0.0002556
1615.0,0.0002493
1616.0,0.0002449
1617.0,0.0002492
1618.0,0.0002529
1619.0,0.0002476
1620.0,0.0002417
1621.0,0.0002439
1622.0,0.0002471
1623.0,0.0002501
1624.0,0.0002466
1625.0,0.0002451
1626.0,0.0002451
1627.0,0.0002463
1628.0,0.0002451
1629.0,0.0002423
1630.0,0.0002403
1631.0,0.0002384
1632.0,0.0002373
1633.0,0.0002296
1634.0,0.0002342
1635.0,0.0002305
1636.0,0.0002279
1637.0,0.0002248
1638.0,0.0002113
1639.0,0.0002189
1640.0,0.0002092
1641.0,0.0002163
1642.0,0.00022
1643.0,0.0002075
1644.0,0.0002188
1645.0,0.0002124
1646.0,0.000207
1647.0,0.0002207
1648.0,0.0002052
1649.0,0.0002144
1650.0,0.0002154
1651.0,0.0001996
1652.0,0.0002124
1653.0,0.0002137
1654.0,0.000202
1655.0,0.0002126
1656.0,0.0002088
1657.0,0.0002097
1658.0,0.0002117
1659.0,0.0002097
1660.0,0.0002109
1661.0,0.0002093
1662.0,0.0002031
1663.0,0.0002071
1664.0,0.0002047
1665.0,0.000193
1666.0,0.0001575
1667.0,0.0001901
1668.0,0.0001965
1669.0,0.0001973
1670.0,0.0002002
1671.0,0.000194
1672.0,0.0001911
1673.0,0.0001951
1674.0,0.0001905
1675.0,0.000187
1676.0,0.0001878
1677.0,0.000187
1678.0,0.0001812
1679.0,0.0001845
1680.0,0.0001765
1681.0,0.0001708
1682.0,0.0001798
1683.0,0.0001832
1684.0,0.0001695
1685.0,0.0001843
1686.0,0.0001834
1687.0,0.0001761
1688.0,0.0001814
1689.0,0.0001789
1690.0,0.000178
1691.0,0.0001618
1692.0,0.0001763
1693.0,0.0001809
1694.0,0.0001737
1695.0,0.0001781
1696.0,0.0001776
1697.0,0.0001487
1698.0,0.0001751
1699.0,0.0001723
1700.0,0.0001672
1702.0,0.0001695
1705.0,0.0001631
1710.0,0.0001525
1715.0,0.0001508
1720.0,0.0001475
1725.0,0.000136
1730.0,0.0001327
1735.0,0.0001223
1740.0,0.0001228
1745.0,0.0001132
1750.0,0.0001208
1755.0,0.0001091
1760.0,0.0001135
1765.0,9.002e-05
1770.0,9.652e-05
1775.0,7.501e-05
1780.0,6.266e-05
1785.0,4.534e-05
1790.0,5.314e-05
1795.0,2.454e-05
1800.0,1.582e-05
1805.0,6.105e-06
1810.0,3.781e-06
1815.0,1.062e-06
1820.0,2.502e-07
1825.0,3.317e-07
1830.0,7.047e-10
1835.0,1.056e-09
1840.0,6.031e-12
1845.0,6.819e-10
1850.0,3.032e-10
1855.0,2.804e-11
1860.0,1.65e-09
1865.0,2.339e-09
1870.0,1.208e-14
1875.0,2.183e-14
1880.0,1.256e-08
1885.0,6.605e-09
1890.0,3.818e-08
1895.0,2.15e-08
1900.0,8.565e-11
1905.0,5.808e-11
1910.0,2.932e-09
1915.0,2.812e-09
1920.0,8.004e-08
1925.0,1.899e-07
1930.0,1.073e-07
1935.0,8.805e-07
1940.0,8.52e-07
1945.0,3.81e-06
1950.0,7.726e-06
1955.0,6.95e-06
1960.0,1.257e-05
1965.0,1.887e-05
1970.0,2.716e-05
1975.0,3.099e-05
1980.0,3.095e-05
1985.0,3.331e-05
1990.0,3.431e-05
1995.0,3.609e-05
2000.0,3.781e-05
2005.0,3.124e-05
2010.0,4.527e-05
2015.0,3.486e-05
2020.0,3.711e-05
2025.0,4.006e-05
2030.0,3.63e-05
2035.0,3.923e-05
2040.0,3.695e-05
2045.0,3.778e-05
2050.0,3.793e-05
2055.0,3.597e-05
2060.0,3.443e-05
2065.0,3.471e-05
2070.0,3.394e-05
2075.0,3.437e-05
2080.0,3.315e-05
2085.0,3.265e-05
2090.0,3.271e-05
2095.0,3.142e-05
2100.0,2.9e-05
2105.0,3.115e-05
2110.0,2.959e-05
2115.0,3.005e-05
2120.0,2.797e-05
2125.0,2.815e-05
2130.0,2.827e-05
2135.0,2.825e-05
2140.0,2.822e-05
2145.0,2.767e-05
2150.0,2.569e-05
2155.0,2.547e-05
2160.0,2.496e-05
2165.0,2.251e-05
2170.0,2.38e-05
2175.0,2.302e-05
2180.0,2.344e-05
2185.0,2.071e-05
2190.0,2.222e-05
2195.0,2.182e-05
2200.0,1.9e-05
2205.0,1.984e-05
2210.0,2.137e-05
2215.0,2.021e-05
2220.0,2.048e-05
2225.0,1.964e-05
2230.0,1.955e-05
2235.0,1.886e-05
2240.0,1.845e-05
2245.0,1.751e-05
2250.0,1.766e-05
2255.0,1.626e-05
2260.0,1.579e-05
2265.0,1.602e-05
2270.0,1.489e-05
2275.0,1.452e-05
2280.0,1.51e-05
2285.0,1.398e-05
2290.0,1.386e-05
2295.0,1.336e-05
2300.0,1.253e-05
2305.0,1.252e-05
2310.0,1.368e-05
2315.0,1.208e-05
2320.0,1.042e-05
2325.0,1.161e-05
2330.0,1.153e-05
2335.0,1.173e-05
2340.0,8.831e-06
2345.0,1e-05
2350.0,7.689e-06
2355.0,9.023e-06
2360.0,9.543e-06
2365.0,9.304e-06
2370.0,5.199e-06
2375.0,8.026e-06
2380.0,7.567e-06
2385.0,5.219e-06
2390.0,6.251e-06
2395.0,6.912e-06
2400.0,7.571e-06
2405.0,5.516e-06
2410.0,5.491e-06
2415.0,4.279e-06
2420.0,4.076e-06
2425.0,5.202e-06
2430.0,7.277e-06
2435.0,2.034e-06
2440.0,6.895e-06
2445.0,2.914e-06
2450.0,1.776e-06
2455.0,3.527e-06
2460.0,4.855e-06
2465.0,3.302e-06
2470.0,2.133e-06
2475.0,2.065e-06
2480.0,9.188e-07
2485.0,5.902e-07
2490.0,3.337e-07
2495.0,2.853e-07
2500.0,7.436e-07
2505.0,1.38e-07
2510.0,2.074e-07
2515.0,4.173e-08
2520.0,2.418e-08
2525.0,2.555e-09
2530.0,1.747e-11
2535.0,3.844e-12
2540.0,9.156e-12
2545.0,6.925e-16
2550.0,2.804e-18
2555.0,1.353e-14
2560.0,4.044e-16
2565.0,9.044000000000001e-20
2570.0,2.692e-24
2575.0,1.703e-34
2580.0,1.7760000000000001e-28
2585.0,3.711e-42
2590.0,2.316e-38
2595.0,4.506e-40
2600.0,3.71e-35
2605.0,4.0990000000000006e-42
2610.0,1.411e-41
2615.0,1.4009999999999999e-45
2620.0,1.243e-35
2625.0,2.277e-35
2630.0,0.0
2635.0,1.186e-21
2640.0,2.567e-22
2645.0,1.119e-24
2650.0,1.115e-25
2655.0,1.34e-34
2660.0,1.129e-31
2665.0,1.121e-44
2670.0,0.0
2675.0,5.464999999999999e-44
2680.0,2.2880000000000002e-30
2685.0,2.1860000000000003e-31
2690.0,8.177e-31
2695.0,3.2079999999999996e-33
2700.0,9.344999999999999e-29
2705.0,2.65e-26
2710.0,2.11e-31
2715.0,2.665e-29
2720.0,0.0
2725.0,5.967e-27
2730.0,1.74e-24
2735.0,1.983e-26
2740.0,3.5830000000000003e-32
2745.0,4.619e-27
2750.0,2.589e-26
2755.0,4.167000000000001e-28
2760.0,6.241999999999999e-23
2765.0,2.9289999999999997e-29
2770.0,1.439e-26
2775.0,1.777e-23
2780.0,8.274e-21
2785.0,3.106e-20
2790.0,7.085e-18
2795.0,1.558e-18
2800.0,4.977e-15
2805.0,9.301e-17
2810.0,3.735e-13
2815.0,1.113e-13
2820.0,1.359e-15
2825.0,1.198e-11
2830.0,2.612e-10
2835.0,3.572e-15
2840.0,7.657e-12
2845.0,2.67e-09
2850.0,4.593e-11
2855.0,1.831e-11
2860.0,9.565e-10
2865.0,7.083e-09
2870.0,1.785e-10
2875.0,1.726e-08
2880.0,1.084e-08
2885.0,1.792e-08
2890.0,7.58e-09
2895.0,1.304e-07
2900.0,3.614e-08
2905.0,4.163e-09
2910.0,1.329e-07
2915.0,5.623e-08
2920.0,1.4e-07
2925.0,4.967e-08
2930.0,3.03e-07
2935.0,3.346e-07
2940.0,7.439e-08
2945.0,6.385e-08
2950.0,2.594e-07
2955.0,1.148e-07
2960.0,2.29e-07
2965.0,3.887e-07
2970.0,1.502e-08
2975.0,3.817e-08
2980.0,5.957e-08
2985.0,3.533e-07
2990.0,5.366e-07
2995.0,2.027e-07
3000.0,3.868e-07
3005.0,1.31e-07
3010.0,3.385e-07
3015.0,2.625e-07
3020.0,2.349e-08
3025.0,3.622e-07
3030.0,2.853e-07
3035.0,1.078e-07
3040.0,8.424e-08
3045.0,1.819e-07
3050.0,4.087e-08
3055.0,9.957e-09
3060.0,2.844e-07
3065.0,1.199e-07
3070.0,6.72e-08
3075.0,2.656e-07
3080.0,1.537e-07
3085.0,6.767e-08
3090.0,9.232e-08
3095.0,2.253e-08
3100.0,1.854e-07
3105.0,3.431e-08
3110.0,2.881e-08
3115.0,8.703e-08
3120.0,4.337e-07
3125.0,1.255e-07
3130.0,2.51e-07
3135.0,5.096e-07
3140.0,1.333e-07
3145.0,1.307e-07
3150.0,2.79e-07
3155.0,2.342e-07
3160.0,3.924e-07
3165.0,6.205e-07
3170.0,5.493e-07
3175.0,3.844e-07
3180.0,4.544e-07
3185.0,3.183e-07
3190.0,1.644e-07
3195.0,9.148e-08
3200.0,1.265e-08
3205.0,8.261e-09
3210.0,3.421e-09
3215.0,1.406e-08
3220.0,5e-08
3225.0,5.613e-09
3230.0,9.385e-09
3235.0,2.741e-07
3240.0,1.236e-07
3245.0,2.28e-08
3250.0,8.572e-08
3255.0,3.778e-07
3260.0,3.64e-08
3265.0,7.962e-08
3270.0,3.716e-08
3275.0,2.297e-07
3280.0,9.643e-08
3285.0,4.301e-07
3290.0,3.225e-07
3295.0,3.815e-08
3300.0,5.693e-08
3305.0,1.332e-07
3310.0,1.269e-07
3315.0,1.757e-10
3320.0,1.106e-09
3325.0,1.067e-07
3330.0,1.611e-07
3335.0,3.184e-07
3340.0,1.143e-07
3345.0,1.112e-07
3350.0,2.807e-07
3355.0,1.123e-07
3360.0,1.726e-07
3365.0,2.438e-07
3370.0,1.172e-07
3375.0,2.861e-07
3380.0,1.543e-07
3385.0,2.448e-07
3390.0,3.23e-07
3395.0,3.118e-07
3400.0,4.215e-07
3405.0,1.273e-07
3410.0,2.241e-07
3415.0,2.183e-07
3420.0,4.371e-07
3425.0,3.125e-07
3430.0,2.634e-07
3435.0,3.758e-07
3440.0,2.403e-07
3445.0,3.587e-07
3450.0,3.504e-07
3455.0,2.493e-07
3460.0,3.99e-07
3465.0,2.954e-07
3470.0,3.863e-07
3475.0,3.354e-07
3480.0,3.437e-07
3485.0,3.737e-07
3490.0,3.12e-07
3495.0,3.76e-07
3500.0,3.629e-07
3505.0,3.575e-07
3510.0,3.623e-07
3515.0,3.463e-07
3520.0,3.702e-07
3525.0,3.447e-07
3530.0,3.345e-07
3535.0,2.736e-07
3540.0,2.59e-07
3545.0,2.749e-07
3550.0,3.101e-07
3555.0,2.597e-07
3560.0,3.174e-07
3565.0,3.171e-07
3570.0,2.378e-07
3575.0,2.461e-07
3580.0,2.967e-07
3585.0,2.586e-07
3590.0,2.697e-07
3595.0,2.755e-07
3600.0,2.945e-07
3605.0,2.942e-07
3610.0,2.661e-07
3615.0,2.657e-07
3620.0,3.322e-07
3625.0,2.837e-07
3630.0,2.754e-07
3635.0,2.838e-07
3640.0,3.202e-07
3645.0,2.88e-07
3650.0,2.731e-07
3655.0,2.985e-07
3660.0,2.954e-07
3665.0,2.72e-07
3670.0,2.031e-07
3675.0,1.142e-07
3680.0,2.112e-07
3685.0,2.434e-07
3690.0,2.512e-07
3695.0,2.623e-07
3700.0,2.843e-07
3705.0,2.789e-07
3710.0,2.374e-07
3715.0,2.33e-07
3720.0,2.668e-07
3725.0,2.739e-07
3730.0,2.324e-07
3735.0,2.097e-07
3740.0,2.158e-07
3745.0,2.557e-07
3750.0,2.289e-07
3755.0,2.201e-07
3760.0,2.161e-07
3765.0,2.068e-07
3770.0,2.226e-07
3775.0,2.191e-07
3780.0,2.332e-07
3785.0,2.104e-07
3790.0,1.822e-07
3795.0,2.113e-07
3800.0,2.395e-07
3805.0,2.227e-07
3810.0,1.937e-07
3815.0,1.792e-07
3820.0,2.303e-07
3825.0,2.24e-07
3830.0,2.269e-07
3835.0,1.744e-07
3840.0,2.092e-07
3845.0,2.026e-07
3850.0,2.033e-07
3855.0,1.93e-07
3860.0,1.78e-07
3865.0,1.788e-07
3870.0,1.593e-07
3875.0,1.427e-07
3880.0,1.367e-07
3885.0,1.416e-07
3890.0,1.433e-07
3895.0,1.589e-07
3900.0,1.697e-07
3905.0,1.684e-07
3910.0,1.481e-07
3915.0,1.433e-07
3920.0,1.427e-07
3925.0,1.393e-07
3930.0,1.443e-07
3935.0,1.507e-07
3940.0,1.524e-07
3945.0,1.548e-07
3950.0,1.57e-07
3955.0,1.582e-07
3960.0,1.593e-07
3965.0,1.603e-07
3970.0,1.576e-07
3975.0,1.525e-07
3980.0,1.496e-07
3985.0,1.495e-07
3990.0,1.468e-07
3995.0,1.428e-07
4000.0,1.362e-07
