interpolation:linear
wavelength,value
280.0,7.629e-21
280.5,2.316e-19
281.0,1.209e-18
281.5,4.97e-19
282.0,1.461e-18
282.5,3.824e-18
283.0,1.227e-17
283.5,2.001e-17
284.0,3.167e-16
284.5,9.028e-16
285.0,1.811e-15
285.5,9.413e-15
286.0,3.823e-14
286.5,1.715e-13
287.0,4.885e-13
287.5,1.853e-12
288.0,4.838e-12
288.5,1.707e-11
289.0,5.086e-11
289.5,1.679e-10
290.0,4.933e-10
290.5,1.047e-09
291.0,2.336e-09
291.5,7.135e-09
292.0,1.7e-08
292.5,2.636e-08
293.0,6.43e-08
293.5,1.876e-07
294.0,3.353e-07
294.5,4.073e-07
295.0,7.846e-07
295.5,2.061e-06
296.0,3.997e-06
296.5,5.636e-06
297.0,7.694e-06
297.5,2.105e-05
298.0,3.392e-05
298.5,3.483e-05
299.0,7.864e-05
299.5,0.0001378
300.0,0.000157
300.5,0.0002373
301.0,0.0004667
301.5,0.0008164
302.0,0.0007375
302.5,0.001404
303.0,0.002439
303.5,0.003009
304.0,0.002801
304.5,0.004108
305.0,0.006097
305.5,0.006884
306.0,0.00661
306.5,0.008147
307.0,0.01188
307.5,0.01556
308.0,0.01633
308.5,0.01911
309.0,0.01929
309.5,0.0214
310.0,0.02117
310.5,0.03396
311.0,0.04208
311.5,0.04031
312.0,0.03946
312.5,0.04733
313.0,0.05086
313.5,0.04941
314.0,0.06084
314.5,0.05303
315.0,0.06925
315.5,0.05802
316.0,0.04998
316.5,0.07098
317.0,0.08778
317.5,0.09115
318.0,0.0705
318.5,0.08656
319.0,0.102
319.5,0.08322
320.0,0.1002
320.5,0.1242
321.0,0.1097
321.5,0.1047
322.0,0.1116
322.5,0.09667
323.0,0.09564
323.5,0.118
324.0,0.1372
324.5,0.1389
325.0,0.1184
325.5,0.1514
326.0,0.1861
326.5,0.1855
327.0,0.1842
327.5,0.1773
328.0,0.1576
328.5,0.1645
329.0,0.1961
329.5,0.2218
330.0,0.2228
330.5,0.1776
331.0,0.1803
331.5,0.1824
332.0,0.1964
332.5,0.1936
333.0,0.1922
333.5,0.1732
334.0,0.1767
334.5,0.2032
335.0,0.1903
335.5,0.2258
336.0,0.1557
336.5,0.1779
337.0,0.1453
337.5,0.18
338.0,0.1752
338.5,0.2047
339.0,0.2009
339.5,0.1931
340.0,0.2227
340.5,0.2
341.0,0.1967
341.5,0.1786
342.0,0.2122
342.5,0.1974
343.0,0.2171
343.5,0.2043
344.0,0.149
344.5,0.1524
345.0,0.1988
345.5,0.2015
346.0,0.1703
346.5,0.1918
347.0,0.2057
347.5,0.1659
348.0,0.1876
348.5,0.1864
349.0,0.1721
349.5,0.1698
350.0,0.2091
350.5,0.2197
351.0,0.1958
351.5,0.1905
352.0,0.2031
352.5,0.1575
353.0,0.1973
353.5,0.21
354.0,0.217
354.5,0.2192
355.0,0.2177
355.5,0.1958
356.0,0.2039
356.5,0.1734
357.0,0.1427
357.5,0.174
358.0,0.1373
358.5,0.1168
359.0,0.1628
359.5,0.2068
360.0,0.2183
360.5,0.1737
361.0,0.1577
361.5,0.1808
362.0,0.1557
362.5,0.2146
363.0,0.192
363.5,0.1761
364.0,0.2145
364.5,0.1826
365.0,0.1853
365.5,0.2316
366.0,0.2444
366.5,0.2287
367.0,0.2218
367.5,0.2292
368.0,0.1998
368.5,0.2008
369.0,0.216
369.5,0.2293
370.0,0.2434
370.5,0.1882
371.0,0.2003
371.5,0.2495
372.0,0.165
372.5,0.197
373.0,0.1996
373.5,0.1293
374.0,0.1872
374.5,0.1544
375.0,0.1495
375.5,0.2223
376.0,0.1835
376.5,0.1894
377.0,0.1998
377.5,0.2328
378.0,0.2513
378.5,0.2365
379.0,0.1943
379.5,0.1768
380.0,0.183
380.5,0.2207
381.0,0.2202
381.5,0.1738
382.0,0.1537
382.5,0.1305
383.0,0.1203
383.5,0.1154
384.0,0.1268
384.5,0.1857
385.0,0.1834
385.5,0.1702
386.0,0.1451
386.5,0.1899
387.0,0.1571
387.5,0.1757
388.0,0.1616
388.5,0.1591
389.0,0.171
389.5,0.2062
390.0,0.2061
390.5,0.1889
391.0,0.2214
391.5,0.2249
392.0,0.1886
392.5,0.1682
393.0,0.0932
393.5,0.06748
394.0,0.1368
394.5,0.1732
395.0,0.2105
395.5,0.213
396.0,0.1839
396.5,0.107
397.0,0.08
397.5,0.162
398.0,0.226
398.5,0.2326
399.0,0.2509
399.5,0.2491
400.0,0.2576
401.0,0.253
402.0,0.2647
403.0,0.2494
404.0,0.2435
405.0,0.2415
406.0,0.2357
407.0,0.2299
408.0,0.2369
409.0,0.2516
410.0,0.2182
411.0,0.2344
412.0,0.2498
413.0,0.2417
414.0,0.2427
415.0,0.2413
416.0,0.2435
417.0,0.2356
418.0,0.2293
419.0,0.2304
420.0,0.2275
421.0,0.2361
422.0,0.2225
423.0,0.2155
424.0,0.226
425.0,0.2237
426.0,0.2162
427.0,0.2105
428.0,0.2035
429.0,0.1913
430.0,0.1661
431.0,0.1632
432.0,0.209
433.0,0.2084
434.0,0.1919
435.0,0.1989
436.0,0.2224
437.0,0.2178
438.0,0.1968
439.0,0.2019
440.0,0.2067
441.0,0.2124
442.0,0.2259
443.0,0.2183
444.0,0.2213
445.0,0.2149
446.0,0.2035
447.0,0.2183
448.0,0.2199
449.0,0.2189
450.0,0.2232
451.0,0.2296
452.0,0.2194
453.0,0.2048
454.0,0.2122
455.0,0.2118
456.0,0.2151
457.0,0.2168
458.0,0.2077
459.0,0.2049
460.0,0.2038
461.0,0.2068
462.0,0.2069
463.0,0.204
464.0,0.1993
465.0,0.1954
466.0,0.1958
467.0,0.1907
468.0,0.1913
469.0,0.1906
470.0,0.1831
471.0,0.1816
472.0,0.1899
473.0,0.186
474.0,0.1848
475.0,0.1849
476.0,0.1779
477.0,0.1769
478.0,0.1803
479.0,0.1776
480.0,0.1765
481.0,0.1781
482.0,0.1777
483.0,0.1742
484.0,0.1694
485.0,0.1602
486.0,0.1391
487.0,0.1447
488.0,0.1575
489.0,0.1567
490.0,0.1636
491.0,0.1596
492.0,0.1496
493.0,0.1533
494.0,0.1537
495.0,0.1538
496.0,0.1536
497.0,0.1548
498.0,0.1464
499.0,0.147
500.0,0.1415
501.0,0.1377
502.0,0.1346
503.0,0.1389
504.0,0.1342
505.0,0.138
506.0,0.1414
507.0,0.1336
508.0,0.1286
509.0,0.1313
510.0,0.1297
511.0,0.1323
512.0,0.1328
513.0,0.1247
514.0,0.1229
515.0,0.1208
516.0,0.1197
517.0,0.1056
518.0,0.1102
519.0,0.1147
520.0,0.118
521.0,0.1182
522.0,0.1174
523.0,0.1145
524.0,0.1177
525.0,0.1182
526.0,0.112
527.0,0.1047
528.0,0.1098
529.0,0.1149
530.0,0.1125
531.0,0.1133
532.0,0.1087
533.0,0.1048
534.0,0.1071
535.0,0.1088
536.0,0.109
537.0,0.104
538.0,0.1051
539.0,0.1035
540.0,0.09863
541.0,0.09857
542.0,0.1009
543.0,0.09911
544.0,0.1002
545.0,0.09929
546.0,0.09903
547.0,0.09829
548.0,0.09644
549.0,0.0961
550.0,0.09659
551.0,0.09476
552.0,0.09475
553.0,0.09241
554.0,0.09399
555.0,0.09353
556.0,0.09165
557.0,0.08815
558.0,0.08682
559.0,0.08456
560.0,0.08497
561.0,0.08543
562.0,0.08417
563.0,0.08584
564.0,0.08292
565.0,0.08165
566.0,0.07988
567.0,0.0808
568.0,0.07951
569.0,0.07704
570.0,0.07652
571.0,0.07556
572.0,0.0768
573.0,0.07713
574.0,0.07642
575.0,0.07454
576.0,0.0734
577.0,0.07375
578.0,0.07224
579.0,0.07213
580.0,0.07312
581.0,0.07308
582.0,0.07403
583.0,0.07383
584.0,0.07409
585.0,0.07187
586.0,0.06993
587.0,0.07096
588.0,0.06876
589.0,0.06041
590.0,0.06282
591.0,0.06616
592.0,0.06485
593.0,0.06543
594.0,0.0645
595.0,0.06245
596.0,0.06461
597.0,0.06348
598.0,0.06291
599.0,0.06256
600.0,0.06228
601.0,0.06142
602.0,0.06064
603.0,0.06128
604.0,0.06193
605.0,0.06127
606.0,0.06071
607.0,0.061
608.0,0.06
609.0,0.05979
610.0,0.05906
611.0,0.05908
612.0,0.05861
613.0,0.05757
614.0,0.05649
615.0,0.05743
616.0,0.05526
617.0,0.05487
618.0,0.05669
619.0,0.05584
620.0,0.05589
621.0,0.05565
622.0,0.05469
623.0,0.05354
624.0,0.05234
625.0,0.05197
626.0,0.05248
627.0,0.05277
628.0,0.04872
629.0,0.05086
630.0,0.0494
631.0,0.05034
632.0,0.0495
633.0,0.05081
634.0,0.05011
635.0,0.05063
636.0,0.04971
637.0,0.05028
638.0,0.05054
639.0,0.04973
640.0,0.049
641.0,0.04872
642.0,0.04828
643.0,0.04871
644.0,0.04833
645.0,0.04815
646.0,0.04673
647.0,0.04588
648.0,0.04565
649.0,0.04454
650.0,0.04462
651.0,0.04633
652.0,0.04404
653.0,0.04526
654.0,0.04454
655.0,0.04259
656.0,0.03759
657.0,0.03843
658.0,0.0429
659.0,0.04302
660.0,0.04298
661.0,0.04305
662.0,0.04293
663.0,0.04189
664.0,0.04221
665.0,0.04205
666.0,0.04188
667.0,0.04165
668.0,0.04148
669.0,0.04191
670.0,0.04152
671.0,0.04132
672.0,0.0408
673.0,0.04126
674.0,0.0409
675.0,0.04032
676.0,0.0404
677.0,0.03983
678.0,0.03977
679.0,0.03895
680.0,0.03907
681.0,0.03863
682.0,0.03839
683.0,0.03813
684.0,0.03774
685.0,0.03786
686.0,0.03746
687.0,0.02378
688.0,0.02817
689.0,0.02814
690.0,0.02952
691.0,0.03111
692.0,0.03225
693.0,0.0318
694.0,0.03133
695.0,0.0326
696.0,0.03247
697.0,0.03457
698.0,0.03387
699.0,0.03275
700.0,0.03219
701.0,0.0317
702.0,0.03182
703.0,0.03172
704.0,0.03265
705.0,0.03253
706.0,0.03238
707.0,0.03226
708.0,0.03217
709.0,0.03209
710.0,0.03191
711.0,0.03177
712.0,0.03158
713.0,0.03109
714.0,0.03104
715.0,0.02986
716.0,0.02973
717.0,0.02522
718.0,0.02285
719.0,0.02065
720.0,0.02162
721.0,0.02405
722.0,0.02786
723.0,0.02554
724.0,0.02263
725.0,0.02214
726.0,0.0232
727.0,0.02342
728.0,0.02179
729.0,0.02264
730.0,0.02395
731.0,0.0227
732.0,0.02436
733.0,0.02585
734.0,0.02637
735.0,0.02568
736.0,0.02554
737.0,0.02551
738.0,0.02587
739.0,0.02522
740.0,0.02579
741.0,0.02543
742.0,0.02534
743.0,0.02585
744.0,0.02565
745.0,0.02553
746.0,0.02553
747.0,0.02547
748.0,0.02528
749.0,0.02486
750.0,0.02474
751.0,0.02438
752.0,0.02437
753.0,0.02438
754.0,0.02431
755.0,0.02406
756.0,0.02395
757.0,0.02387
758.0,0.02346
759.0,0.02282
760.0,0.003256
761.0,0.001659
762.0,0.0107
763.0,0.00502
764.0,0.007744
765.0,0.01054
766.0,0.01321
767.0,0.01697
768.0,0.01983
769.0,0.02023
770.0,0.02092
771.0,0.02103
772.0,0.02098
773.0,0.02102
774.0,0.02081
775.0,0.02056
776.0,0.02072
777.0,0.02035
778.0,0.02012
779.0,0.02003
780.0,0.01982
781.0,0.01975
782.0,0.01979
783.0,0.01936
784.0,0.01936
785.0,0.01913
786.0,0.01925
787.0,0.0188
788.0,0.01846
789.0,0.01835
790.0,0.01772
791.0,0.01785
792.0,0.01764
793.0,0.01726
794.0,0.01754
795.0,0.01774
796.0,0.01703
797.0,0.01699
798.0,0.01748
799.0,0.01727
800.0,0.01687
801.0,0.01672
802.0,0.0166
803.0,0.01639
804.0,0.01634
805.0,0.01624
806.0,0.01665
807.0,0.01636
808.0,0.0163
809.0,0.0159
810.0,0.01567
811.0,0.0156
812.0,0.01502
813.0,0.0146
814.0,0.01257
815.0,0.01243
816.0,0.01139
817.0,0.01158
818.0,0.01108
819.0,0.01253
820.0,0.01166
821.0,0.01388
822.0,0.01336
823.0,0.008574
824.0,0.0128
825.0,0.01336
826.0,0.01271
827.0,0.01346
828.0,0.01111
829.0,0.01248
830.0,0.01224
831.0,0.01224
832.0,0.01176
833.0,0.01264
834.0,0.01207
835.0,0.01335
836.0,0.01263
837.0,0.01328
838.0,0.01278
839.0,0.01297
840.0,0.0132
841.0,0.01294
842.0,0.01293
843.0,0.01289
844.0,0.01264
845.0,0.01303
846.0,0.01292
847.0,0.01263
848.0,0.01249
849.0,0.01208
850.0,0.01152
851.0,0.01213
852.0,0.01199
853.0,0.01149
854.0,0.009873
855.0,0.01081
856.0,0.01176
857.0,0.01199
858.0,0.01185
859.0,0.01181
860.0,0.01178
861.0,0.01167
862.0,0.01181
863.0,0.01204
864.0,0.01139
865.0,0.01125
866.0,0.01007
867.0,0.01047
868.0,0.01134
869.0,0.01106
870.0,0.01133
871.0,0.01113
872.0,0.01104
873.0,0.01098
874.0,0.0108
875.0,0.01053
876.0,0.01059
877.0,0.01065
878.0,0.01072
879.0,0.01051
880.0,0.01025
881.0,0.01005
882.0,0.01022
883.0,0.01022
884.0,0.01012
885.0,0.01015
886.0,0.009621
887.0,0.009698
888.0,0.00979
889.0,0.009877
890.0,0.00973
891.0,0.009685
892.0,0.009348
893.0,0.008978
894.0,0.008566
895.0,0.007983
896.0,0.007396
897.0,0.006188
898.0,0.006815
899.0,0.00495
900.0,0.006979
901.0,0.005228
902.0,0.006261
903.0,0.00627
904.0,0.008155
905.0,0.007797
906.0,0.007216
907.0,0.005637
908.0,0.005761
909.0,0.006317
910.0,0.005433
911.0,0.005835
912.0,0.00612
913.0,0.005448
914.0,0.005381
915.0,0.005891
916.0,0.004835
917.0,0.006369
918.0,0.004945
919.0,0.006443
920.0,0.006508
921.0,0.006819
922.0,0.00596
923.0,0.006534
924.0,0.006078
925.0,0.005899
926.0,0.005964
927.0,0.00675
928.0,0.004673
929.0,0.004194
930.0,0.00316
931.0,0.002961
932.0,0.00203
933.0,0.001599
934.0,0.0008155
935.0,0.001633
936.0,0.0009631
937.0,0.000972
938.0,0.001217
939.0,0.002772
940.0,0.00342
941.0,0.002475
942.0,0.002909
943.0,0.001795
944.0,0.001904
945.0,0.002512
946.0,0.001166
947.0,0.002499
948.0,0.001758
949.0,0.00347
950.0,0.0008129
951.0,0.003391
952.0,0.001657
953.0,0.002211
954.0,0.0028
955.0,0.002238
956.0,0.00215
957.0,0.00163
958.0,0.003185
959.0,0.002426
960.0,0.002757
961.0,0.003141
962.0,0.002938
963.0,0.003458
964.0,0.003111
965.0,0.00342
966.0,0.003408
967.0,0.003372
968.0,0.004759
969.0,0.004987
970.0,0.004492
971.0,0.00526
972.0,0.004967
973.0,0.004199
974.0,0.003941
975.0,0.004098
976.0,0.003839
977.0,0.004465
978.0,0.004182
979.0,0.004408
980.0,0.004078
981.0,0.005033
982.0,0.004752
983.0,0.004516
984.0,0.005171
985.0,0.004684
986.0,0.005247
987.0,0.005103
988.0,0.005071
989.0,0.005185
990.0,0.005006
991.0,0.005154
992.0,0.005166
993.0,0.005011
994.0,0.005131
995.0,0.005109
996.0,0.005062
997.0,0.005052
998.0,0.005009
999.0,0.004973
1000.0,0.004914
1001.0,0.004964
1002.0,0.004784
1003.0,0.004837
1004.0,0.004694
1005.0,0.004513
1006.0,0.004666
1007.0,0.004749
1008.0,0.004701
1009.0,0.004654
1010.0,0.004614
1011.0,0.004655
1012.0,0.004591
1013.0,0.00461
1014.0,0.004562
1015.0,0.004514
1016.0,0.004475
1017.0,0.004468
1018.0,0.004437
1019.0,0.004316
1020.0,0.004377
1021.0,0.004356
1022.0,0.004302
1023.0,0.004331
1024.0,0.00425
1025.0,0.0043
1026.0,0.004263
1027.0,0.004237
1028.0,0.004212
1029.0,0.004147
1030.0,0.004163
1031.0,0.004129
1032.0,0.004102
1033.0,0.004024
1034.0,0.004009
1035.0,0.004006
1036.0,0.00401
1037.0,0.00393
1038.0,0.003934
1039.0,0.003917
1040.0,0.003886
1041.0,0.003886
1042.0,0.003844
1043.0,0.003818
1044.0,0.003818
1045.0,0.003751
1046.0,0.003695
1047.0,0.003714
1048.0,0.003721
1049.0,0.003694
1050.0,0.003663
1051.0,0.003643
1052.0,0.003614
1053.0,0.003572
1054.0,0.003566
1055.0,0.003554
1056.0,0.003527
1057.0,0.003502
1058.0,0.003403
1059.0,0.003394
1060.0,0.003375
1061.0,0.003358
1062.0,0.003362
1063.0,0.003316
1064.0,0.003345
1065.0,0.003305
1066.0,0.00323
1067.0,0.003259
1068.0,0.003174
1069.0,0.003066
1070.0,0.003156
1071.0,0.0032
1072.0,0.003146
1073.0,0.003092
1074.0,0.003168
1075.0,0.002978
1076.0,0.003141
1077.0,0.003061
1078.0,0.002989
1079.0,0.00306
1080.0,0.002976
1081.0,0.002867
1082.0,0.00292
1083.0,0.002921
1084.0,0.00282
1085.0,0.002936
1086.0,0.002626
1087.0,0.002737
1088.0,0.002861
1089.0,0.002744
1090.0,0.002655
1091.0,0.002814
1092.0,0.002801
1093.0,0.002302
1094.0,0.002539
1095.0,0.002399
1096.0,0.002268
1097.0,0.002691
1098.0,0.002214
1099.0,0.002311
1100.0,0.002107
1101.0,0.002136
1102.0,0.002019
1103.0,0.001981
1104.0,0.001979
1105.0,0.002203
1106.0,0.001591
1107.0,0.002058
1108.0,0.001681
1109.0,0.001681
1110.0,0.002014
1111.0,0.001268
1112.0,0.001652
1113.0,0.0009679
1114.0,0.001095
1115.0,0.0008813
1116.0,0.0006749
1117.0,0.0002175
1118.0,0.0007395
1119.0,0.0003335
1120.0,0.000428
1121.0,0.0005872
1122.0,0.0002217
1123.0,0.0003784
1124.0,0.0003131
1125.0,0.0004206
1126.0,0.0001294
1127.0,0.0004769
1128.0,0.0002657
1129.0,0.0002834
1130.0,0.0001777
1131.0,0.0009818
1132.0,0.0007396
1133.0,0.0004367
1134.0,9.629e-05
1135.0,3.438e-05
1136.0,0.0003511
1137.0,0.0009415
1138.0,0.0006298
1139.0,0.001002
1140.0,0.0008087
1141.0,0.0005888
1142.0,0.0006894
1143.0,0.00103
1144.0,0.0003095
1145.0,0.0004027
1146.0,0.000436
1147.0,0.0001355
1148.0,0.0008578
1149.0,0.0006583
1150.0,0.0003289
1151.0,0.0005969
1152.0,0.0007578
1153.0,0.0007358
1154.0,0.0003767
1155.0,0.0009965
1156.0,0.0008785
1157.0,0.001003
1158.0,0.0009875
1159.0,0.001081
1160.0,0.0008952
1161.0,0.001145
1162.0,0.001142
1163.0,0.001625
1164.0,0.001353
1165.0,0.001256
1166.0,0.001244
1167.0,0.00137
1168.0,0.001382
1169.0,0.001422
1170.0,0.001559
1171.0,0.001507
1172.0,0.001535
1173.0,0.001539
1174.0,0.001033
1175.0,0.001496
1176.0,0.001663
1177.0,0.001578
1178.0,0.001125
1179.0,0.001661
1180.0,0.001445
1181.0,0.001496
1182.0,0.0009669
1183.0,0.00147
1184.0,0.00135
1185.0,0.001288
1186.0,0.00157
1187.0,0.001477
1188.0,0.0009708
1189.0,0.001359
1190.0,0.001511
1191.0,0.001414
1192.0,0.001525
1193.0,0.001446
1194.0,0.001495
1195.0,0.001398
1196.0,0.001333
1197.0,0.001492
1198.0,0.001342
1199.0,0.001109
1200.0,0.001401
1201.0,0.001337
1202.0,0.001326
1203.0,0.001319
1204.0,0.001119
1205.0,0.001353
1206.0,0.001518
1207.0,0.001306
1208.0,0.00129
1209.0,0.001313
1210.0,0.001372
1211.0,0.001291
1212.0,0.001266
1213.0,0.001433
1214.0,0.001294
1215.0,0.001261
1216.0,0.001414
1217.0,0.001366
1218.0,0.001393
1219.0,0.001369
1220.0,0.001386
1221.0,0.001399
1222.0,0.001352
1223.0,0.001334
1224.0,0.001319
1225.0,0.001372
1226.0,0.001379
1227.0,0.001255
1228.0,0.001379
1229.0,0.001367
1230.0,0.001336
1231.0,0.001377
1232.0,0.001364
1233.0,0.001305
1234.0,0.001365
1235.0,0.00135
1236.0,0.001357
1237.0,0.00133
1238.0,0.001344
1239.0,0.001322
1240.0,0.001323
1241.0,0.00131
1242.0,0.001305
1243.0,0.00129
1244.0,0.001294
1245.0,0.001296
1246.0,0.001284
1247.0,0.001274
1248.0,0.001268
1249.0,0.001269
1250.0,0.001257
1251.0,0.001236
1252.0,0.001233
1253.0,0.001217
1254.0,0.001199
1255.0,0.00122
1256.0,0.001176
1257.0,0.001165
1258.0,0.001187
1259.0,0.001133
1260.0,0.001136
1261.0,0.00106
1262.0,0.00102
1263.0,0.001018
1264.0,0.000926
1265.0,0.001006
1266.0,0.0009589
1267.0,0.0009774
1268.0,0.0009166
1269.0,0.0005246
1270.0,0.0009642
1271.0,0.001029
1272.0,0.00103
1273.0,0.001015
1274.0,0.001016
1275.0,0.001029
1276.0,0.001038
1277.0,0.001043
1278.0,0.001064
1279.0,0.001051
1280.0,0.001034
1281.0,0.0009855
1282.0,0.0009496
1283.0,0.001019
1284.0,0.001039
1285.0,0.001043
1286.0,0.001056
1287.0,0.001033
1288.0,0.00103
1289.0,0.0009887
1290.0,0.001015
1291.0,0.001027
1292.0,0.0009501
1293.0,0.0009973
1294.0,0.0009863
1295.0,0.0009769
1296.0,0.000922
1297.0,0.0008621
1298.0,0.0009377
1299.0,0.0009808
1300.0,0.0008037
1301.0,0.0008312
1302.0,0.0009243
1303.0,0.0007866
1304.0,0.0006504
1305.0,0.0008934
1306.0,0.0008909
1307.0,0.0006605
1308.0,0.0007753
1309.0,0.0008752
1310.0,0.0006405
1311.0,0.000732
1312.0,0.0007098
1313.0,0.0006903
1314.0,0.0006033
1315.0,0.0005954
1316.0,0.000709
1317.0,0.0006627
1318.0,0.0007292
1319.0,0.0005438
1320.0,0.0005229
1321.0,0.0006234
1322.0,0.0006284
1323.0,0.0004495
1324.0,0.0005239
1325.0,0.000678
1326.0,0.0005654
1327.0,0.0005332
1328.0,0.0004479
1329.0,0.0003213
1330.0,0.000433
1331.0,0.0002417
1332.0,0.0002505
1333.0,0.0003635
1334.0,0.0003
1335.0,0.0004322
1336.0,0.0003283
1337.0,0.0002842
1338.0,0.0003102
1339.0,0.0003084
1340.0,0.0002977
1341.0,0.0002882
1342.0,0.0003038
1343.0,0.0001936
1344.0,0.0001093
1345.0,0.0001635
1346.0,7.488e-05
1347.0,7.588e-05
1348.0,4.26e-06
1349.0,1.595e-05
1350.0,1.658e-05
1351.0,3.817e-06
1352.0,1.004e-06
1353.0,5.02e-08
1354.0,1.733e-07
1355.0,1.384e-09
1356.0,2.428e-08
1357.0,3.692e-08
1358.0,1.625e-09
1359.0,2.046e-10
1360.0,7.395e-10
1361.0,8.267e-13
1362.0,2.261e-15
1363.0,9.943e-10
1364.0,4.104e-10
1365.0,7.895e-16
1366.0,4.312e-09
1367.0,1.759e-09
1368.0,6.096e-18
1369.0,1.512e-10
1370.0,7.445e-11
1371.0,4.22e-12
1372.0,9.538e-10
1373.0,1.926e-08
1374.0,8.965e-08
1375.0,1.63e-07
1376.0,1.461e-07
1377.0,6.656e-08
1378.0,6.589e-07
1379.0,2.775e-08
1380.0,3.991e-08
1381.0,1.036e-09
1382.0,8.358e-10
1383.0,1.249e-11
1384.0,1.638e-10
1385.0,7.835e-10
1386.0,7.369e-10
1387.0,8.964e-08
1388.0,1.754e-09
1389.0,3.045e-07
1390.0,2.611e-07
1391.0,1.732e-07
1392.0,1.115e-08
1393.0,5.927e-08
1394.0,3.049e-08
1395.0,2.227e-10
1396.0,1.076e-12
1397.0,2.328e-08
1398.0,6.991e-07
1399.0,4.406e-07
1400.0,4.6e-13
1401.0,1.909e-12
1402.0,1.234e-06
1403.0,1.551e-06
1404.0,4.649e-07
1405.0,1.054e-10
1406.0,1.213e-06
1407.0,1.05e-07
1408.0,9.842e-07
1409.0,3.248e-07
1410.0,2.597e-07
1411.0,1.33e-06
1412.0,1.804e-06
1413.0,2.018e-05
1414.0,2.025e-07
1415.0,9.639e-08
1416.0,3.441e-05
1417.0,9.549e-06
1418.0,1.086e-05
1419.0,1.595e-06
1420.0,6.49e-06
1421.0,7.019e-06
1422.0,4.504e-05
1423.0,7.94e-06
1424.0,1.528e-05
1425.0,2.273e-05
1426.0,2.626e-05
1427.0,5.099e-05
1428.0,3.157e-06
1429.0,3.671e-05
1430.0,6.606e-05
1431.0,7.326e-05
1432.0,2.44e-06
1433.0,4.422e-05
1434.0,2.13e-05
1435.0,2.055e-05
1436.0,4.226e-05
1437.0,3.175e-05
1438.0,1.251e-05
1439.0,5.889e-05
1440.0,4.313e-05
1441.0,3.152e-05
1442.0,3.518e-05
1443.0,4.571e-05
1444.0,6.54e-05
1445.0,4.905e-05
1446.0,2.066e-05
1447.0,3.345e-05
1448.0,0.0001329
1449.0,0.0001123
1450.0,2.423e-05
1451.0,9.131e-06
1452.0,6.283e-05
1453.0,8.495e-05
1454.0,0.0001595
1455.0,6.763e-05
1456.0,9.253e-05
1457.0,0.0001305
1458.0,0.0001594
1459.0,0.0001916
1460.0,9.09e-05
1461.0,9.377e-05
1462.0,0.0001458
1463.0,4.083e-05
1464.0,0.0001782
1465.0,0.0001005
1466.0,6.374e-05
1467.0,3.095e-05
1468.0,7.674e-05
1469.0,9.73e-05
1470.0,4.372e-05
1471.0,1.456e-05
1472.0,4.143e-05
1473.0,6.705e-05
1474.0,0.0001037
1475.0,0.0002164
1476.0,6.673e-05
1477.0,6.667e-05
1478.0,6.201e-05
1479.0,0.0001295
1480.0,5.633e-05
1481.0,0.000122
1482.0,5.511e-05
1483.0,0.0001644
1484.0,0.0001525
1485.0,0.0001325
1486.0,0.0001295
1487.0,5.323e-05
1488.0,0.0001015
1489.0,0.0002199
1490.0,0.0002005
1491.0,0.0002323
1492.0,0.0001835
1493.0,0.0002055
1494.0,0.0002366
1495.0,0.0002061
1496.0,0.0001907
1497.0,0.0002764
1498.0,0.0002168
1499.0,0.0002594
1500.0,0.0003053
1501.0,0.0003232
1502.0,0.0002665
1503.0,0.0002199
1504.0,0.00017
1505.0,0.0002104
1506.0,0.0003203
1507.0,0.0003051
1508.0,0.0002884
1509.0,0.0002098
1510.0,0.0003303
1511.0,0.0003171
1512.0,0.0003138
1513.0,0.0002832
1514.0,0.0002612
1515.0,0.0003211
1516.0,0.0003047
1517.0,0.000296
1518.0,0.0002942
1519.0,0.0002861
1520.0,0.0003108
1521.0,0.0003342
1522.0,0.0003148
1523.0,0.0003376
1524.0,0.0003259
1525.0,0.0003087
1526.0,0.0003131
1527.0,0.0003093
1528.0,0.0003317
1529.0,0.0003133
1530.0,0.0003066
1531.0,0.0003146
1532.0,0.000328
1533.0,0.0003275
1534.0,0.0003207
1535.0,0.0003178
1536.0,0.0003235
1537.0,0.0003153
1538.0,0.0003184
1539.0,0.000312
1540.0,0.0003126
1541.0,0.0003139
1542.0,0.0003095
1543.0,0.0003145
1544.0,0.0003097
1545.0,0.0003154
1546.0,0.0003096
1547.0,0.0003047
1548.0,0.000304
1549.0,0.0003061
1550.0,0.0003032
1551.0,0.0003046
1552.0,0.0003013
1553.0,0.000299
1554.0,0.0002956
1555.0,0.0002957
1556.0,0.0002948
1557.0,0.0002976
1558.0,0.0002952
1559.0,0.0002927
1560.0,0.000294
1561.0,0.0002954
1562.0,0.0002909
1563.0,0.000288
1564.0,0.0002886
1565.0,0.0002886
1566.0,0.0002841
1567.0,0.000284
1568.0,0.0002804
1569.0,0.0002817
1570.0,0.0002836
1571.0,0.0002853
1572.0,0.0002829
1573.0,0.0002803
1574.0,0.0002697
1575.0,0.0002659
1576.0,0.0002611
1577.0,0.0002538
1578.0,0.0002658
1579.0,0.0002675
1580.0,0.0002693
1581.0,0.0002647
1582.0,0.0002588
1583.0,0.0002594
1584.0,0.0002637
1585.0,0.000266
1586.0,0.0002623
1587.0,0.0002574
1588.0,0.0002497
1589.0,0.0002414
1590.0,0.0002463
1591.0,0.0002518
1592.0,0.0002585
1593.0,0.0002621
1594.0,0.0002609
1595.0,0.000257
1596.0,0.0002488
1597.0,0.0002545
1598.0,0.0002576
1599.0,0.0002541
1600.0,0.0002519
1601.0,0.0002477
1602.0,0.0002478
1603.0,0.0002498
1604.0,0.0002472
1605.0,0.0002465
1606.0,0.0002431
1607.0,0.0002446
1608.0,0.0002438
1609.0,0.0002368
1610.0,0.0002313
1611.0,0.0002349
1612.0,0.0002371
1613.0,0.0002369
1614.0,0.0002363
1615.0,0.0002305
1616.0,0.0002264
1617.0,0.0002303
1618.0,0.0002338
1619.0,0.0002288
1620.0,0.0002235
1621.0,0.0002255
1622.0,0.0002284
1623.0,0.0002312
1624.0,0.0002279
1625.0,0.0002265
1626.0,0.0002264
1627.0,0.0002276
1628.0,0.0002264
1629.0,0.0002239
1630.0,0.000222
1631.0,0.0002201
1632.0,0.0002191
1633.0,0.0002117
1634.0,0.0002163
1635.0,0.0002124
1636.0,0.0002104
1637.0,0.0002077
1638.0,0.0001944
1639.0,0.0002022
1640.0,0.0001923
1641.0,0.0001997
1642.0,0.0002033
1643.0,0.0001904
1644.0,0.0002023
1645.0,0.0001955
1646.0,0.0001898
1647.0,0.000204
1648.0,0.0001883
1649.0,0.0001979
1650.0,0.0001989
1651.0,0.0001828
1652.0,0.0001958
1653.0,0.0001973
1654.0,0.0001854
1655.0,0.0001963
1656.0,0.0001923
1657.0,0.0001934
1658.0,0.0001956
1659.0,0.0001936
1660.0,0.0001948
1661.0,0.0001932
1662.0,0.0001871
1663.0,0.0001914
1664.0,0.0001891
1665.0,0.0001772
1666.0,0.0001416
1667.0,0.0001746
1668.0,0.0001815
1669.0,0.0001821
1670.0,0.0001851
1671.0,0.0001791
1672.0,0.0001767
1673.0,0.0001804
1674.0,0.0001757
1675.0,0.0001726
1676.0,0.0001735
1677.0,0.0001726
1678.0,0.0001669
1679.0,0.0001706
1680.0,0.0001632
1681.0,0.0001575
1682.0,0.0001664
1683.0,0.0001695
1684.0,0.0001552
1685.0,0.0001706
1686.0,0.0001696
1687.0,0.0001622
1688.0,0.0001678
1689.0,0.0001655
1690.0,0.0001644
1691.0,0.0001479
1692.0,0.0001627
1693.0,0.0001674
1694.0,0.0001601
1695.0,0.0001647
1696.0,0.0001643
1697.0,0.0001352
1698.0,0.0001619
1699.0,0.0001592
1700.0,0.0001542
1702.0,0.0001567
1705.0,0.0001503
1710.0,0.0001402
1715.0,0.0001388
1720.0,0.0001359
1725.0,0.0001246
1730.0,0.0001218
1735.0,0.0001122
1740.0,0.0001125
1745.0,0.0001036
1750.0,0.0001107
1755.0,9.96e-05
1760.0,0.0001037
1765.0,8.165e-05
1770.0,8.731e-05
1775.0,6.716e-05
1780.0,5.575e-05
1785.0,3.985e-05
1790.0,4.669e-05
1795.0,2.08e-05
1800.0,1.386e-05
1805.0,5.12e-06
1810.0,3.252e-06
1815.0,8.97e-07
1820.0,2.182e-07
1825.0,2.859e-07
1830.0,6.763e-10
1835.0,1.024e-09
1840.0,5.968e-12
1845.0,6.388e-10
1850.0,2.882e-10
1855.0,2.753e-11
1860.0,1.581e-09
1865.0,2.203e-09
1870.0,1.203e-14
1875.0,2.173e-14
1880.0,1.164e-08
1885.0,6.193e-09
1890.0,3.416e-08
1895.0,1.977e-08
1900.0,8.391e-11
1905.0,5.715e-11
1910.0,2.774e-09
1915.0,2.702e-09
1920.0,7.168e-08
1925.0,1.698e-07
1930.0,9.759e-08
1935.0,7.689e-07
1940.0,7.65e-07
1945.0,3.339e-06
1950.0,6.774e-06
1955.0,5.995e-06
1960.0,1.11e-05
1965.0,1.678e-05
1970.0,2.446e-05
1975.0,2.802e-05
1980.0,2.808e-05
1985.0,3.034e-05
1990.0,3.125e-05
1995.0,3.304e-05
2000.0,3.471e-05
2005.0,2.843e-05
2010.0,4.21e-05
2015.0,3.19e-05
2020.0,3.416e-05
2025.0,3.719e-05
2030.0,3.352e-05
2035.0,3.655e-05
2040.0,3.429e-05
2045.0,3.515e-05
2050.0,3.542e-05
2055.0,3.35e-05
2060.0,3.202e-05
2065.0,3.236e-05
2070.0,3.162e-05
2075.0,3.212e-05
2080.0,3.097e-05
2085.0,3.051e-05
2090.0,3.06e-05
2095.0,2.937e-05
2100.0,2.697e-05
2105.0,2.913e-05
2110.0,2.759e-05
2115.0,2.811e-05
2120.0,2.605e-05
2125.0,2.627e-05
2130.0,2.641e-05
2135.0,2.641e-05
2140.0,2.641e-05
2145.0,2.589e-05
2150.0,2.391e-05
2155.0,2.372e-05
2160.0,2.327e-05
2165.0,2.095e-05
2170.0,2.221e-05
2175.0,2.141e-05
2180.0,2.187e-05
2185.0,1.919e-05
2190.0,2.07e-05
2195.0,2.031e-05
2200.0,1.751e-05
2205.0,1.841e-05
2210.0,1.997e-05
2215.0,1.883e-05
2220.0,1.911e-05
2225.0,1.831e-05
2230.0,1.825e-05
2235.0,1.758e-05
2240.0,1.721e-05
2245.0,1.629e-05
2250.0,1.649e-05
2255.0,1.511e-05
2260.0,1.467e-05
2265.0,1.495e-05
2270.0,1.383e-05
2275.0,1.347e-05
2280.0,1.409e-05
2285.0,1.298e-05
2290.0,1.287e-05
2295.0,1.241e-05
2300.0,1.158e-05
2305.0,1.159e-05
2310.0,1.278e-05
2315.0,1.119e-05
2320.0,9.578e-06
2325.0,1.078e-05
2330.0,1.069e-05
2335.0,1.09e-05
2340.0,8.077e-06
2345.0,9.202e-06
2350.0,7.023e-06
2355.0,8.281e-06
2360.0,8.793e-06
2365.0,8.603e-06
2370.0,4.661e-06
2375.0,7.353e-06
2380.0,6.944e-06
2385.0,4.725e-06
2390.0,5.704e-06
2395.0,6.32e-06
2400.0,6.951e-06
2405.0,5.037e-06
2410.0,5.005e-06
2415.0,3.878e-06
2420.0,3.714e-06
2425.0,4.749e-06
2430.0,6.69e-06
2435.0,1.848e-06
2440.0,6.37e-06
2445.0,2.652e-06
2450.0,1.61e-06
2455.0,3.222e-06
2460.0,4.44e-06
2465.0,2.999e-06
2470.0,1.917e-06
2475.0,1.851e-06
2480.0,8.264e-07
2485.0,5.274e-07
2490.0,2.972e-07
2495.0,2.561e-07
2500.0,6.571e-07
2505.0,1.273e-07
2510.0,1.89e-07
2515.0,3.892e-08
2520.0,2.174e-08
2525.0,2.452e-09
2530.0,1.698e-11
2535.0,3.754e-12
2540.0,8.907e-12
2545.0,6.905e-16
2550.0,2.8e-18
2555.0,1.344e-14
2560.0,4.033e-16
2565.0,9.028e-20
2570.0,2.688e-24
2575.0,1.7e-34
2580.0,1.773e-28
2585.0,3.706e-42
2590.0,2.312e-38
2595.0,4.499e-40
2600.0,3.7040000000000003e-35
2605.0,4.0930000000000006e-42
2610.0,1.4089999999999998e-41
2615.0,1.4009999999999999e-45
2620.0,1.2420000000000001e-35
2625.0,2.2740000000000001e-35
2630.0,0.0
2635.0,1.184e-21
2640.0,2.563e-22
2645.0,1.117e-24
2650.0,1.113e-25
2655.0,1.338e-34
2660.0,1.127e-31
2665.0,1.121e-44
2670.0,0.0
2675.0,5.464999999999999e-44
2680.0,2.285e-30
2685.0,2.183e-31
2690.0,8.166000000000001e-31
2695.0,3.203e-33
2700.0,9.329999999999999e-29
2705.0,2.6460000000000004e-26
2710.0,2.107e-31
2715.0,2.661e-29
2720.0,0.0
2725.0,5.9569999999999995e-27
2730.0,1.737e-24
2735.0,1.98e-26
2740.0,3.5780000000000004e-32
2745.0,4.613e-27
2750.0,2.585e-26
2755.0,4.16e-28
2760.0,6.232e-23
2765.0,2.925e-29
2770.0,1.437e-26
2775.0,1.774e-23
2780.0,8.262000000000001e-21
2785.0,3.1020000000000004e-20
2790.0,7.072e-18
2795.0,1.556e-18
2800.0,4.967e-15
2805.0,9.286e-17
2810.0,3.724e-13
2815.0,1.111e-13
2820.0,1.357e-15
2825.0,1.191e-11
2830.0,2.589e-10
2835.0,3.566e-15
2840.0,7.63e-12
2845.0,2.643e-09
2850.0,4.571e-11
2855.0,1.826e-11
2860.0,9.496e-10
2865.0,7.007e-09
2870.0,1.775e-10
2875.0,1.707e-08
2880.0,1.075e-08
2885.0,1.772e-08
2890.0,7.526e-09
2895.0,1.289e-07
2900.0,3.582e-08
2905.0,4.138e-09
2910.0,1.315e-07
2915.0,5.567e-08
2920.0,1.385e-07
2925.0,4.924e-08
2930.0,2.996e-07
2935.0,3.306e-07
2940.0,7.364e-08
2945.0,6.322e-08
2950.0,2.563e-07
2955.0,1.138e-07
2960.0,2.264e-07
2965.0,3.844e-07
2970.0,1.492e-08
2975.0,3.785e-08
2980.0,5.896e-08
2985.0,3.493e-07
2990.0,5.308e-07
2995.0,2.004e-07
3000.0,3.825e-07
3005.0,1.295e-07
3010.0,3.348e-07
3015.0,2.591e-07
3020.0,2.323e-08
3025.0,3.58e-07
3030.0,2.818e-07
3035.0,1.066e-07
3040.0,8.325e-08
3045.0,1.794e-07
3050.0,4.043e-08
3055.0,9.866e-09
3060.0,2.805e-07
3065.0,1.181e-07
3070.0,6.622e-08
3075.0,2.617e-07
3080.0,1.515e-07
3085.0,6.662e-08
3090.0,9.073e-08
3095.0,2.22e-08
3100.0,1.823e-07
3105.0,3.386e-08
3110.0,2.834e-08
3115.0,8.548e-08
3120.0,4.254e-07
3125.0,1.234e-07
3130.0,2.468e-07
3135.0,4.997e-07
3140.0,1.308e-07
3145.0,1.283e-07
3150.0,2.733e-07
3155.0,2.296e-07
3160.0,3.839e-07
3165.0,6.085e-07
3170.0,5.383e-07
3175.0,3.758e-07
3180.0,4.452e-07
3185.0,3.098e-07
3190.0,1.609e-07
3195.0,8.881e-08
3200.0,1.238e-08
3205.0,8.08e-09
3210.0,3.36e-09
3215.0,1.372e-08
3220.0,4.851e-08
3225.0,5.523e-09
3230.0,9.185e-09
3235.0,2.66e-07
3240.0,1.194e-07
3245.0,2.233e-08
3250.0,8.332e-08
3255.0,3.666e-07
3260.0,3.537e-08
3265.0,7.721e-08
3270.0,3.606e-08
3275.0,2.225e-07
3280.0,9.34e-08
3285.0,4.177e-07
3290.0,3.12e-07
3295.0,3.713e-08
3300.0,5.541e-08
3305.0,1.288e-07
3310.0,1.222e-07
3315.0,1.715e-10
3320.0,1.082e-09
3325.0,1.025e-07
3330.0,1.569e-07
3335.0,3.084e-07
3340.0,1.111e-07
3345.0,1.078e-07
3350.0,2.734e-07
3355.0,1.088e-07
3360.0,1.68e-07
3365.0,2.382e-07
3370.0,1.138e-07
3375.0,2.798e-07
3380.0,1.501e-07
3385.0,2.395e-07
3390.0,3.162e-07
3395.0,3.058e-07
3400.0,4.149e-07
3405.0,1.244e-07
3410.0,2.201e-07
3415.0,2.136e-07
3420.0,4.308e-07
3425.0,3.069e-07
3430.0,2.582e-07
3435.0,3.7e-07
3440.0,2.352e-07
3445.0,3.528e-07
3450.0,3.444e-07
3455.0,2.442e-07
3460.0,3.927e-07
3465.0,2.895e-07
3470.0,3.799e-07
3475.0,3.291e-07
3480.0,3.372e-07
3485.0,3.673e-07
3490.0,3.057e-07
3495.0,3.693e-07
3500.0,3.564e-07
3505.0,3.513e-07
3510.0,3.558e-07
3515.0,3.391e-07
3520.0,3.624e-07
3525.0,3.366e-07
3530.0,3.262e-07
3535.0,2.656e-07
3540.0,2.509e-07
3545.0,2.664e-07
3550.0,3.014e-07
3555.0,2.516e-07
3560.0,3.087e-07
3565.0,3.08e-07
3570.0,2.299e-07
3575.0,2.376e-07
3580.0,2.877e-07
3585.0,2.501e-07
3590.0,2.612e-07
3595.0,2.67e-07
3600.0,2.86e-07
3605.0,2.852e-07
3610.0,2.573e-07
3615.0,2.576e-07
3620.0,3.232e-07
3625.0,2.748e-07
3630.0,2.669e-07
3635.0,2.752e-07
3640.0,3.116e-07
3645.0,2.792e-07
3650.0,2.645e-07
3655.0,2.899e-07
3660.0,2.868e-07
3665.0,2.633e-07
3670.0,1.956e-07
3675.0,1.089e-07
3680.0,2.033e-07
3685.0,2.35e-07
3690.0,2.428e-07
3695.0,2.538e-07
3700.0,2.761e-07
3705.0,2.707e-07
3710.0,2.293e-07
3715.0,2.25e-07
3720.0,2.586e-07
3725.0,2.658e-07
3730.0,2.244e-07
3735.0,2.021e-07
3740.0,2.081e-07
3745.0,2.478e-07
3750.0,2.211e-07
3755.0,2.125e-07
3760.0,2.083e-07
3765.0,1.992e-07
3770.0,2.149e-07
3775.0,2.113e-07
3780.0,2.254e-07
3785.0,2.027e-07
3790.0,1.749e-07
3795.0,2.037e-07
3800.0,2.316e-07
3805.0,2.148e-07
3810.0,1.858e-07
3815.0,1.718e-07
3820.0,2.224e-07
3825.0,2.162e-07
3830.0,2.193e-07
3835.0,1.67e-07
3840.0,2.014e-07
3845.0,1.948e-07
3850.0,1.954e-07
3855.0,1.852e-07
3860.0,1.703e-07
3865.0,1.712e-07
3870.0,1.518e-07
3875.0,1.354e-07
3880.0,1.295e-07
3885.0,1.345e-07
3890.0,1.362e-07
3895.0,1.515e-07
3900.0,1.624e-07
3905.0,1.613e-07
3910.0,1.409e-07
3915.0,1.363e-07
3920.0,1.356e-07
3925.0,1.325e-07
3930.0,1.373e-07
3935.0,1.439e-07
3940.0,1.454e-07
3945.0,1.479e-07
3950.0,1.501e-07
3955.0,1.515e-07
3960.0,1.526e-07
3965.0,1.534e-07
3970.0,1.509e-07
3975.0,1.458e-07
3980.0,1.429e-07
3985.0,1.43e-07
3990.0,1.404e-07
3995.0,1.363e-07
4000.0,1.299e-07
