interpolation:linear
wavelength,value
280.0,3.283e-20
280.5,5.649e-19
281.0,2.367e-18
281.5,4.013e-17
282.0,2.169e-16
282.5,6.313e-16
283.0,2.06e-15
283.5,3.261e-15
284.0,4.364e-14
284.5,1.086e-13
285.0,3.153e-13
285.5,1.955e-12
286.0,8.202e-12
286.5,4.054e-11
287.0,1.235e-10
287.5,5.358e-10
288.0,1.173e-09
288.5,3.902e-09
289.0,1.094e-08
289.5,3.392e-08
290.0,9.376e-08
290.5,1.872e-07
291.0,3.94e-07
291.5,1.121e-06
292.0,2.187e-06
292.5,2.774e-06
293.0,5.29e-06
293.5,1.12e-05
294.0,1.509e-05
294.5,3.794e-05
295.0,6.319e-05
295.5,9.595e-05
296.0,0.0001646
296.5,0.0002055
297.0,0.0002536
297.5,0.0005965
298.0,0.0008419
298.5,0.0007782
299.0,0.001582
299.5,0.002293
300.0,0.002336
300.5,0.003133
301.0,0.005034
301.5,0.007214
302.0,0.005833
302.5,0.01022
303.0,0.01604
303.5,0.01859
304.0,0.01661
304.5,0.02202
305.0,0.02852
305.5,0.02958
306.0,0.02746
306.5,0.03206
307.0,0.04172
307.5,0.04907
308.0,0.05057
308.5,0.05613
309.0,0.05495
309.5,0.05672
310.0,0.05417
310.5,0.08532
311.0,0.1027
311.5,0.09701
312.0,0.08923
312.5,0.1026
313.0,0.1077
313.5,0.1066
314.0,0.1247
314.5,0.1017
315.0,0.131
315.5,0.1131
316.0,0.09223
316.5,0.1249
317.0,0.1543
317.5,0.1621
318.0,0.1213
318.5,0.1399
319.0,0.1601
319.5,0.1366
320.0,0.1655
320.5,0.1932
321.0,0.1634
321.5,0.1551
322.0,0.1727
322.5,0.149
323.0,0.1429
323.5,0.1725
324.0,0.1991
324.5,0.2039
325.0,0.1749
325.5,0.218
326.0,0.2676
326.5,0.2619
327.0,0.2613
327.5,0.2531
328.0,0.2295
328.5,0.2332
329.0,0.2715
329.5,0.3044
330.0,0.3071
330.5,0.2488
331.0,0.2536
331.5,0.2531
332.0,0.267
332.5,0.2605
333.0,0.2596
333.5,0.2369
334.0,0.2419
334.5,0.2734
335.0,0.2534
335.5,0.3075
336.0,0.2118
336.5,0.237
337.0,0.1946
337.5,0.2413
338.0,0.2315
338.5,0.2757
339.0,0.2694
339.5,0.2591
340.0,0.2927
340.5,0.2621
341.0,0.2626
341.5,0.2368
342.0,0.2807
342.5,0.2605
343.0,0.287
343.5,0.2704
344.0,0.1935
344.5,0.2021
345.0,0.2616
345.5,0.2642
346.0,0.2226
346.5,0.2502
347.0,0.2687
347.5,0.2167
348.0,0.244
348.5,0.2417
349.0,0.2227
349.5,0.2195
350.0,0.27
350.5,0.2833
351.0,0.2526
351.5,0.2465
352.0,0.2618
352.5,0.2024
353.0,0.253
353.5,0.2688
354.0,0.2773
354.5,0.2798
355.0,0.2777
355.5,0.2494
356.0,0.2595
356.5,0.2204
357.0,0.1812
357.5,0.2206
358.0,0.1739
358.5,0.1478
359.0,0.2058
359.5,0.2614
360.0,0.2756
360.5,0.219
361.0,0.1985
361.5,0.2273
362.0,0.1955
362.5,0.2692
363.0,0.2406
363.5,0.2205
364.0,0.2683
364.5,0.2282
365.0,0.2313
365.5,0.2888
366.0,0.3044
366.5,0.2846
367.0,0.2758
367.5,0.2848
368.0,0.248
368.5,0.249
369.0,0.2676
369.5,0.2838
370.0,0.301
370.5,0.2325
371.0,0.2472
371.5,0.3077
372.0,0.2032
372.5,0.2425
373.0,0.2455
373.5,0.159
374.0,0.2299
374.5,0.1894
375.0,0.1833
375.5,0.2723
376.0,0.2246
376.5,0.2316
377.0,0.2441
377.5,0.2842
378.0,0.3065
378.5,0.2882
379.0,0.2366
379.5,0.215
380.0,0.2224
380.5,0.268
381.0,0.2672
381.5,0.2107
382.0,0.1862
382.5,0.1579
383.0,0.1454
383.5,0.1394
384.0,0.153
384.5,0.224
385.0,0.2211
385.5,0.2049
386.0,0.1746
386.5,0.2283
387.0,0.1887
387.5,0.211
388.0,0.1938
388.5,0.1906
389.0,0.2048
389.5,0.2468
390.0,0.2465
390.5,0.2257
391.0,0.2644
391.5,0.2684
392.0,0.2249
392.5,0.2004
393.0,0.111
393.5,0.08028
394.0,0.1626
394.5,0.2058
395.0,0.2499
395.5,0.2527
396.0,0.218
396.5,0.1268
397.0,0.09472
397.5,0.1917
398.0,0.2672
398.5,0.2749
399.0,0.2963
399.5,0.294
400.0,0.3038
401.0,0.2983
402.0,0.3117
403.0,0.2933
404.0,0.2861
405.0,0.2834
406.0,0.2762
407.0,0.2691
408.0,0.2771
409.0,0.294
410.0,0.2546
411.0,0.2733
412.0,0.2909
413.0,0.2811
414.0,0.282
415.0,0.2802
416.0,0.2825
417.0,0.273
418.0,0.2655
419.0,0.2665
420.0,0.2628
421.0,0.2724
422.0,0.2566
423.0,0.2483
424.0,0.2602
425.0,0.2574
426.0,0.2486
427.0,0.2418
428.0,0.2335
429.0,0.2192
430.0,0.1902
431.0,0.1868
432.0,0.239
433.0,0.2382
434.0,0.2192
435.0,0.2269
436.0,0.2536
437.0,0.2482
438.0,0.2242
439.0,0.2301
440.0,0.2354
441.0,0.2418
442.0,0.2571
443.0,0.2483
444.0,0.2516
445.0,0.244
446.0,0.2308
447.0,0.2474
448.0,0.2491
449.0,0.2479
450.0,0.2526
451.0,0.2598
452.0,0.2481
453.0,0.2315
454.0,0.2397
455.0,0.2391
456.0,0.2427
457.0,0.2447
458.0,0.2345
459.0,0.2315
460.0,0.2303
461.0,0.2337
462.0,0.2337
463.0,0.2303
464.0,0.2247
465.0,0.2201
466.0,0.2203
467.0,0.2145
468.0,0.2151
469.0,0.2144
470.0,0.206
471.0,0.2042
472.0,0.2135
473.0,0.2091
474.0,0.2077
475.0,0.2079
476.0,0.2001
477.0,0.1992
478.0,0.2031
479.0,0.2002
480.0,0.1991
481.0,0.201
482.0,0.2005
483.0,0.1965
484.0,0.1909
485.0,0.1804
486.0,0.1564
487.0,0.1626
488.0,0.177
489.0,0.1762
490.0,0.184
491.0,0.1795
492.0,0.1682
493.0,0.1724
494.0,0.1728
495.0,0.173
496.0,0.1728
497.0,0.1742
498.0,0.1649
499.0,0.1658
500.0,0.1598
501.0,0.1557
502.0,0.1524
503.0,0.1575
504.0,0.1525
505.0,0.1568
506.0,0.1607
507.0,0.1517
508.0,0.1459
509.0,0.1488
510.0,0.147
511.0,0.1498
512.0,0.1503
513.0,0.1412
514.0,0.1393
515.0,0.1369
516.0,0.1357
517.0,0.1197
518.0,0.125
519.0,0.1302
520.0,0.1339
521.0,0.1343
522.0,0.1335
523.0,0.1302
524.0,0.1341
525.0,0.1348
526.0,0.128
527.0,0.1198
528.0,0.1258
529.0,0.1318
530.0,0.1291
531.0,0.1303
532.0,0.125
533.0,0.1205
534.0,0.1232
535.0,0.1251
536.0,0.1254
537.0,0.1196
538.0,0.1208
539.0,0.1191
540.0,0.1135
541.0,0.1135
542.0,0.1163
543.0,0.1143
544.0,0.1156
545.0,0.1147
546.0,0.1144
547.0,0.1136
548.0,0.1115
549.0,0.1111
550.0,0.1117
551.0,0.1096
552.0,0.1096
553.0,0.107
554.0,0.1088
555.0,0.1084
556.0,0.1063
557.0,0.1023
558.0,0.1008
559.0,0.09833
560.0,0.09893
561.0,0.09957
562.0,0.09822
563.0,0.1003
564.0,0.09697
565.0,0.09556
566.0,0.09354
567.0,0.09471
568.0,0.09329
569.0,0.09053
570.0,0.08996
571.0,0.08885
572.0,0.09041
573.0,0.09084
574.0,0.09004
575.0,0.08783
576.0,0.08646
577.0,0.08682
578.0,0.08497
579.0,0.08477
580.0,0.08582
581.0,0.08567
582.0,0.0867
583.0,0.0864
584.0,0.08666
585.0,0.08403
586.0,0.08173
587.0,0.08295
588.0,0.08048
589.0,0.07091
590.0,0.07374
591.0,0.07758
592.0,0.07615
593.0,0.07679
594.0,0.07581
595.0,0.07353
596.0,0.076
597.0,0.07477
598.0,0.07413
599.0,0.07375
600.0,0.07343
601.0,0.07241
602.0,0.0715
603.0,0.07223
604.0,0.07296
605.0,0.07214
606.0,0.07141
607.0,0.07168
608.0,0.07042
609.0,0.07008
610.0,0.06914
611.0,0.06908
612.0,0.06846
613.0,0.06716
614.0,0.06582
615.0,0.06684
616.0,0.06426
617.0,0.06375
618.0,0.06581
619.0,0.06477
620.0,0.0648
621.0,0.06449
622.0,0.06336
623.0,0.06201
624.0,0.06057
625.0,0.06011
626.0,0.06068
627.0,0.06101
628.0,0.05665
629.0,0.05885
630.0,0.05714
631.0,0.05806
632.0,0.05705
633.0,0.05847
634.0,0.05759
635.0,0.05813
636.0,0.05701
637.0,0.05761
638.0,0.05783
639.0,0.05685
640.0,0.05596
641.0,0.05559
642.0,0.05504
643.0,0.0555
644.0,0.05502
645.0,0.05478
646.0,0.05319
647.0,0.05227
648.0,0.052
649.0,0.05071
650.0,0.05067
651.0,0.05256
652.0,0.05006
653.0,0.05129
654.0,0.05044
655.0,0.04827
656.0,0.04254
657.0,0.04347
658.0,0.04848
659.0,0.04857
660.0,0.04849
661.0,0.04855
662.0,0.04841
663.0,0.04723
664.0,0.04753
665.0,0.0473
666.0,0.04707
667.0,0.04677
668.0,0.04655
669.0,0.047
670.0,0.04654
671.0,0.04628
672.0,0.04569
673.0,0.04618
674.0,0.04575
675.0,0.04508
676.0,0.04515
677.0,0.04449
678.0,0.04441
679.0,0.04347
680.0,0.0436
681.0,0.04309
682.0,0.04282
683.0,0.04251
684.0,0.04207
685.0,0.04219
686.0,0.04174
687.0,0.02759
688.0,0.03217
689.0,0.03211
690.0,0.0335
691.0,0.03509
692.0,0.0362
693.0,0.03571
694.0,0.03516
695.0,0.03643
696.0,0.03628
697.0,0.03843
698.0,0.03764
699.0,0.03651
700.0,0.03588
701.0,0.03536
702.0,0.03545
703.0,0.03533
704.0,0.03629
705.0,0.03615
706.0,0.03595
707.0,0.03581
708.0,0.03571
709.0,0.03557
710.0,0.03538
711.0,0.03522
712.0,0.035
713.0,0.03447
714.0,0.0344
715.0,0.03313
716.0,0.033
717.0,0.02839
718.0,0.02578
719.0,0.02331
720.0,0.02444
721.0,0.02696
722.0,0.03096
723.0,0.02852
724.0,0.0254
725.0,0.02491
726.0,0.02608
727.0,0.02621
728.0,0.02452
729.0,0.02533
730.0,0.0268
731.0,0.02544
732.0,0.02716
733.0,0.02868
734.0,0.02921
735.0,0.02847
736.0,0.02831
737.0,0.02828
738.0,0.02859
739.0,0.02788
740.0,0.02847
741.0,0.02806
742.0,0.02795
743.0,0.0285
744.0,0.02827
745.0,0.02814
746.0,0.02814
747.0,0.02807
748.0,0.02786
749.0,0.02739
750.0,0.02724
751.0,0.02685
752.0,0.02683
753.0,0.02682
754.0,0.02674
755.0,0.02646
756.0,0.02633
757.0,0.02625
758.0,0.0258
759.0,0.02515
760.0,0.004112
761.0,0.002138
762.0,0.0126
763.0,0.006211
764.0,0.00933
765.0,0.0124
766.0,0.01519
767.0,0.01913
768.0,0.02201
769.0,0.02238
770.0,0.02304
771.0,0.02313
772.0,0.02307
773.0,0.02311
774.0,0.02288
775.0,0.02261
776.0,0.02279
777.0,0.02238
778.0,0.02213
779.0,0.02204
780.0,0.02181
781.0,0.02173
782.0,0.02176
783.0,0.02128
784.0,0.02128
785.0,0.02103
786.0,0.02116
787.0,0.02069
788.0,0.02033
789.0,0.02022
790.0,0.01957
791.0,0.01966
792.0,0.01942
793.0,0.019
794.0,0.01926
795.0,0.01949
796.0,0.01878
797.0,0.01873
798.0,0.01921
799.0,0.019
800.0,0.01857
801.0,0.01842
802.0,0.01828
803.0,0.01806
804.0,0.018
805.0,0.01787
806.0,0.01829
807.0,0.01798
808.0,0.01792
809.0,0.0175
810.0,0.01727
811.0,0.01723
812.0,0.01664
813.0,0.0162
814.0,0.01409
815.0,0.01392
816.0,0.01277
817.0,0.01296
818.0,0.01243
819.0,0.01395
820.0,0.01302
821.0,0.01535
822.0,0.0148
823.0,0.009696
824.0,0.01422
825.0,0.01476
826.0,0.01409
827.0,0.01487
828.0,0.0124
829.0,0.01382
830.0,0.01357
831.0,0.01356
832.0,0.01305
833.0,0.01396
834.0,0.01338
835.0,0.0147
836.0,0.01397
837.0,0.01461
838.0,0.01409
839.0,0.01426
840.0,0.01452
841.0,0.01424
842.0,0.01422
843.0,0.01415
844.0,0.01389
845.0,0.0143
846.0,0.01418
847.0,0.01385
848.0,0.01371
849.0,0.01326
850.0,0.01265
851.0,0.01333
852.0,0.01318
853.0,0.01263
854.0,0.01085
855.0,0.01188
856.0,0.01292
857.0,0.01316
858.0,0.01302
859.0,0.01297
860.0,0.01293
861.0,0.0128
862.0,0.01295
863.0,0.01321
864.0,0.0125
865.0,0.01233
866.0,0.01104
867.0,0.01148
868.0,0.01244
869.0,0.01213
870.0,0.01242
871.0,0.0122
872.0,0.01211
873.0,0.01203
874.0,0.01183
875.0,0.01154
876.0,0.01161
877.0,0.01168
878.0,0.01176
879.0,0.01153
880.0,0.01123
881.0,0.01102
882.0,0.01122
883.0,0.01121
884.0,0.01111
885.0,0.01114
886.0,0.01057
887.0,0.01064
888.0,0.01075
889.0,0.01084
890.0,0.01069
891.0,0.01063
892.0,0.01028
893.0,0.0099
894.0,0.009488
895.0,0.008896
896.0,0.008259
897.0,0.006967
898.0,0.007642
899.0,0.005602
900.0,0.007786
901.0,0.005934
902.0,0.007003
903.0,0.00705
904.0,0.009035
905.0,0.008659
906.0,0.008029
907.0,0.006352
908.0,0.006484
909.0,0.00707
910.0,0.006156
911.0,0.006567
912.0,0.00687
913.0,0.006178
914.0,0.006087
915.0,0.006667
916.0,0.005477
917.0,0.007154
918.0,0.00561
919.0,0.007213
920.0,0.00724
921.0,0.007583
922.0,0.006685
923.0,0.007263
924.0,0.006824
925.0,0.006622
926.0,0.006699
927.0,0.007527
928.0,0.005353
929.0,0.00484
930.0,0.003685
931.0,0.00343
932.0,0.00238
933.0,0.001889
934.0,0.0009861
935.0,0.001904
936.0,0.001133
937.0,0.00115
938.0,0.001442
939.0,0.003212
940.0,0.003947
941.0,0.002893
942.0,0.003373
943.0,0.002088
944.0,0.002183
945.0,0.002927
946.0,0.001369
947.0,0.002929
948.0,0.002041
949.0,0.004043
950.0,0.000971
951.0,0.003936
952.0,0.001953
953.0,0.002585
954.0,0.003239
955.0,0.002617
956.0,0.002481
957.0,0.001933
958.0,0.003621
959.0,0.002804
960.0,0.003202
961.0,0.003608
962.0,0.003377
963.0,0.003945
964.0,0.003556
965.0,0.003894
966.0,0.003896
967.0,0.003858
968.0,0.005305
969.0,0.005577
970.0,0.005042
971.0,0.005838
972.0,0.005523
973.0,0.004735
974.0,0.004451
975.0,0.004598
976.0,0.004343
977.0,0.004988
978.0,0.0047
979.0,0.004934
980.0,0.004574
981.0,0.005583
982.0,0.005296
983.0,0.005046
984.0,0.005709
985.0,0.005221
986.0,0.005776
987.0,0.005636
988.0,0.005602
989.0,0.005699
990.0,0.00553
991.0,0.00567
992.0,0.005681
993.0,0.005528
994.0,0.005639
995.0,0.005613
996.0,0.005564
997.0,0.00555
998.0,0.005503
999.0,0.005464
1000.0,0.005403
1001.0,0.005453
1002.0,0.005273
1003.0,0.005315
1004.0,0.005162
1005.0,0.004957
1006.0,0.005128
1007.0,0.005217
1008.0,0.005168
1009.0,0.00512
1010.0,0.005078
1011.0,0.005114
1012.0,0.005047
1013.0,0.005064
1014.0,0.005011
1015.0,0.004959
1016.0,0.004917
1017.0,0.00491
1018.0,0.004873
1019.0,0.004746
1020.0,0.004809
1021.0,0.004784
1022.0,0.004727
1023.0,0.00476
1024.0,0.004678
1025.0,0.004724
1026.0,0.004684
1027.0,0.004655
1028.0,0.004629
1029.0,0.004558
1030.0,0.004573
1031.0,0.004537
1032.0,0.004506
1033.0,0.004421
1034.0,0.004404
1035.0,0.004401
1036.0,0.004406
1037.0,0.004318
1038.0,0.004322
1039.0,0.004305
1040.0,0.004271
1041.0,0.004272
1042.0,0.004226
1043.0,0.004197
1044.0,0.004197
1045.0,0.004125
1046.0,0.004063
1047.0,0.004084
1048.0,0.004092
1049.0,0.004064
1050.0,0.00403
1051.0,0.004009
1052.0,0.003977
1053.0,0.003932
1054.0,0.003926
1055.0,0.003913
1056.0,0.003884
1057.0,0.003858
1058.0,0.00375
1059.0,0.003741
1060.0,0.003721
1061.0,0.003702
1062.0,0.003707
1063.0,0.003658
1064.0,0.003689
1065.0,0.003648
1066.0,0.003563
1067.0,0.003596
1068.0,0.003503
1069.0,0.003382
1070.0,0.003483
1071.0,0.003527
1072.0,0.003471
1073.0,0.003411
1074.0,0.00349
1075.0,0.003295
1076.0,0.003461
1077.0,0.003381
1078.0,0.003304
1079.0,0.003369
1080.0,0.003287
1081.0,0.003173
1082.0,0.00322
1083.0,0.003218
1084.0,0.003124
1085.0,0.003242
1086.0,0.002919
1087.0,0.003028
1088.0,0.003154
1089.0,0.003038
1090.0,0.002947
1091.0,0.003106
1092.0,0.003089
1093.0,0.002574
1094.0,0.002805
1095.0,0.002678
1096.0,0.002543
1097.0,0.002968
1098.0,0.002486
1099.0,0.002589
1100.0,0.002375
1101.0,0.002404
1102.0,0.002281
1103.0,0.002244
1104.0,0.002241
1105.0,0.002471
1106.0,0.001836
1107.0,0.002319
1108.0,0.001925
1109.0,0.001917
1110.0,0.002274
1111.0,0.001463
1112.0,0.001882
1113.0,0.001132
1114.0,0.00128
1115.0,0.001022
1116.0,0.0008009
1117.0,0.0002641
1118.0,0.0008707
1119.0,0.0003971
1120.0,0.0005169
1121.0,0.0007074
1122.0,0.000267
1123.0,0.0004533
1124.0,0.0003714
1125.0,0.0005036
1126.0,0.0001565
1127.0,0.0005731
1128.0,0.000325
1129.0,0.0003455
1130.0,0.0002172
1131.0,0.001169
1132.0,0.0008799
1133.0,0.00053
1134.0,0.0001162
1135.0,3.882e-05
1136.0,0.0004282
1137.0,0.001129
1138.0,0.0007485
1139.0,0.00116
1140.0,0.0009494
1141.0,0.0006977
1142.0,0.0008123
1143.0,0.001213
1144.0,0.000366
1145.0,0.0004871
1146.0,0.0005301
1147.0,0.0001658
1148.0,0.001003
1149.0,0.000777
1150.0,0.0003904
1151.0,0.0007096
1152.0,0.0008932
1153.0,0.0008522
1154.0,0.0004595
1155.0,0.001157
1156.0,0.001026
1157.0,0.001163
1158.0,0.001144
1159.0,0.001242
1160.0,0.00104
1161.0,0.00131
1162.0,0.001307
1163.0,0.001823
1164.0,0.001531
1165.0,0.001436
1166.0,0.001411
1167.0,0.001548
1168.0,0.001565
1169.0,0.001606
1170.0,0.001748
1171.0,0.001691
1172.0,0.001715
1173.0,0.001725
1174.0,0.001185
1175.0,0.001671
1176.0,0.001841
1177.0,0.001758
1178.0,0.001273
1179.0,0.001837
1180.0,0.001616
1181.0,0.001672
1182.0,0.001099
1183.0,0.001639
1184.0,0.001512
1185.0,0.00145
1186.0,0.001744
1187.0,0.001649
1188.0,0.001108
1189.0,0.001518
1190.0,0.001677
1191.0,0.001584
1192.0,0.001692
1193.0,0.001609
1194.0,0.00166
1195.0,0.001562
1196.0,0.001495
1197.0,0.001652
1198.0,0.001493
1199.0,0.001253
1200.0,0.00156
1201.0,0.001496
1202.0,0.001479
1203.0,0.001473
1204.0,0.001258
1205.0,0.001504
1206.0,0.001676
1207.0,0.00146
1208.0,0.001436
1209.0,0.00146
1210.0,0.001521
1211.0,0.001439
1212.0,0.00142
1213.0,0.001587
1214.0,0.001448
1215.0,0.001413
1216.0,0.001566
1217.0,0.001517
1218.0,0.001543
1219.0,0.001519
1220.0,0.001535
1221.0,0.001547
1222.0,0.001498
1223.0,0.001479
1224.0,0.001465
1225.0,0.001517
1226.0,0.001523
1227.0,0.001395
1228.0,0.001521
1229.0,0.001509
1230.0,0.001477
1231.0,0.001516
1232.0,0.001502
1233.0,0.001444
1234.0,0.001501
1235.0,0.001486
1236.0,0.001492
1237.0,0.001466
1238.0,0.001478
1239.0,0.001454
1240.0,0.001455
1241.0,0.001443
1242.0,0.001435
1243.0,0.001418
1244.0,0.001423
1245.0,0.001425
1246.0,0.001412
1247.0,0.001402
1248.0,0.001396
1249.0,0.001396
1250.0,0.001383
1251.0,0.001361
1252.0,0.001357
1253.0,0.001341
1254.0,0.001323
1255.0,0.001343
1256.0,0.0013
1257.0,0.001288
1258.0,0.001309
1259.0,0.001256
1260.0,0.001259
1261.0,0.001183
1262.0,0.001143
1263.0,0.001142
1264.0,0.001048
1265.0,0.001128
1266.0,0.001081
1267.0,0.001098
1268.0,0.001036
1269.0,0.0006295
1270.0,0.001085
1271.0,0.001148
1272.0,0.001148
1273.0,0.001132
1274.0,0.001133
1275.0,0.001146
1276.0,0.001154
1277.0,0.001157
1278.0,0.001177
1279.0,0.001163
1280.0,0.001144
1281.0,0.001089
1282.0,0.001046
1283.0,0.001123
1284.0,0.001146
1285.0,0.00115
1286.0,0.001163
1287.0,0.00114
1288.0,0.001137
1289.0,0.001096
1290.0,0.001119
1291.0,0.001131
1292.0,0.001056
1293.0,0.001101
1294.0,0.001089
1295.0,0.001081
1296.0,0.001027
1297.0,0.0009647
1298.0,0.00104
1299.0,0.001082
1300.0,0.0009023
1301.0,0.0009301
1302.0,0.001025
1303.0,0.0008811
1304.0,0.0007421
1305.0,0.0009916
1306.0,0.0009897
1307.0,0.0007483
1308.0,0.0008656
1309.0,0.0009735
1310.0,0.000726
1311.0,0.0008203
1312.0,0.0007983
1313.0,0.0007782
1314.0,0.0006835
1315.0,0.0006786
1316.0,0.0007973
1317.0,0.0007457
1318.0,0.0008157
1319.0,0.0006227
1320.0,0.0005939
1321.0,0.0007053
1322.0,0.0007138
1323.0,0.0005204
1324.0,0.0005993
1325.0,0.0007627
1326.0,0.0006434
1327.0,0.0006084
1328.0,0.0005131
1329.0,0.0003752
1330.0,0.0005051
1331.0,0.0002885
1332.0,0.0002951
1333.0,0.0004311
1334.0,0.0003479
1335.0,0.0005
1336.0,0.0003829
1337.0,0.0003341
1338.0,0.0003651
1339.0,0.0003615
1340.0,0.0003449
1341.0,0.0003409
1342.0,0.0003599
1343.0,0.0002393
1344.0,0.0001305
1345.0,0.0001978
1346.0,9.397e-05
1347.0,9.646e-05
1348.0,5.106e-06
1349.0,2.036e-05
1350.0,2.044e-05
1351.0,4.753e-06
1352.0,1.24e-06
1353.0,5.606e-08
1354.0,1.976e-07
1355.0,1.455e-09
1356.0,2.644e-08
1357.0,4.081e-08
1358.0,1.711e-09
1359.0,2.144e-10
1360.0,7.767e-10
1361.0,8.393e-13
1362.0,2.271e-15
1363.0,1.061e-09
1364.0,4.317e-10
1365.0,7.938e-16
1366.0,4.768e-09
1367.0,1.875e-09
1368.0,6.124e-18
1369.0,1.566e-10
1370.0,7.719e-11
1371.0,4.291e-12
1372.0,1.002e-09
1373.0,2.133e-08
1374.0,1.025e-07
1375.0,1.925e-07
1376.0,1.652e-07
1377.0,7.325e-08
1378.0,8.057e-07
1379.0,2.966e-08
1380.0,4.405e-08
1381.0,1.063e-09
1382.0,8.8e-10
1383.0,1.265e-11
1384.0,1.707e-10
1385.0,8.108e-10
1386.0,7.832e-10
1387.0,1.052e-07
1388.0,1.811e-09
1389.0,3.648e-07
1390.0,3.081e-07
1391.0,2.028e-07
1392.0,1.181e-08
1393.0,6.512e-08
1394.0,3.469e-08
1395.0,2.284e-10
1396.0,1.091e-12
1397.0,2.507e-08
1398.0,8.623e-07
1399.0,5.251e-07
1400.0,4.669e-13
1401.0,1.937e-12
1402.0,1.445e-06
1403.0,1.876e-06
1404.0,5.232e-07
1405.0,1.08e-10
1406.0,1.492e-06
1407.0,1.126e-07
1408.0,1.185e-06
1409.0,3.801e-07
1410.0,2.944e-07
1411.0,1.587e-06
1412.0,2.139e-06
1413.0,2.57e-05
1414.0,2.259e-07
1415.0,1.057e-07
1416.0,4.235e-05
1417.0,1.168e-05
1418.0,1.338e-05
1419.0,1.772e-06
1420.0,7.73e-06
1421.0,8.521e-06
1422.0,5.602e-05
1423.0,9.114e-06
1424.0,1.801e-05
1425.0,2.786e-05
1426.0,3.147e-05
1427.0,6.062e-05
1428.0,3.752e-06
1429.0,4.408e-05
1430.0,7.864e-05
1431.0,8.671e-05
1432.0,2.861e-06
1433.0,5.213e-05
1434.0,2.46e-05
1435.0,2.516e-05
1436.0,5.145e-05
1437.0,3.8e-05
1438.0,1.473e-05
1439.0,7.173e-05
1440.0,5.188e-05
1441.0,3.848e-05
1442.0,4.289e-05
1443.0,5.428e-05
1444.0,7.847e-05
1445.0,5.969e-05
1446.0,2.425e-05
1447.0,4.06e-05
1448.0,0.0001566
1449.0,0.000134
1450.0,2.877e-05
1451.0,1.054e-05
1452.0,7.483e-05
1453.0,0.0001015
1454.0,0.0001866
1455.0,7.907e-05
1456.0,0.0001115
1457.0,0.000154
1458.0,0.0001835
1459.0,0.0002235
1460.0,0.0001055
1461.0,0.0001112
1462.0,0.0001721
1463.0,4.771e-05
1464.0,0.0002068
1465.0,0.0001148
1466.0,7.613e-05
1467.0,3.716e-05
1468.0,9.132e-05
1469.0,0.0001154
1470.0,5.284e-05
1471.0,1.697e-05
1472.0,5.007e-05
1473.0,7.992e-05
1474.0,0.0001209
1475.0,0.0002496
1476.0,7.849e-05
1477.0,7.935e-05
1478.0,7.18e-05
1479.0,0.0001508
1480.0,6.645e-05
1481.0,0.0001426
1482.0,6.397e-05
1483.0,0.0001921
1484.0,0.0001752
1485.0,0.0001541
1486.0,0.0001514
1487.0,6.34e-05
1488.0,0.0001184
1489.0,0.0002521
1490.0,0.0002282
1491.0,0.0002614
1492.0,0.0002125
1493.0,0.0002361
1494.0,0.0002683
1495.0,0.0002342
1496.0,0.0002174
1497.0,0.0003069
1498.0,0.0002448
1499.0,0.0002916
1500.0,0.0003386
1501.0,0.0003586
1502.0,0.0002963
1503.0,0.0002482
1504.0,0.0001941
1505.0,0.0002378
1506.0,0.0003534
1507.0,0.0003381
1508.0,0.0003194
1509.0,0.0002375
1510.0,0.0003636
1511.0,0.0003506
1512.0,0.0003458
1513.0,0.0003157
1514.0,0.0002927
1515.0,0.0003532
1516.0,0.0003361
1517.0,0.000328
1518.0,0.0003257
1519.0,0.0003178
1520.0,0.0003429
1521.0,0.0003649
1522.0,0.0003461
1523.0,0.0003685
1524.0,0.0003571
1525.0,0.00034
1526.0,0.0003445
1527.0,0.0003402
1528.0,0.0003622
1529.0,0.0003433
1530.0,0.0003364
1531.0,0.0003449
1532.0,0.0003576
1533.0,0.0003567
1534.0,0.0003497
1535.0,0.0003471
1536.0,0.0003528
1537.0,0.0003443
1538.0,0.0003469
1539.0,0.0003403
1540.0,0.0003404
1541.0,0.000342
1542.0,0.0003376
1543.0,0.0003426
1544.0,0.0003379
1545.0,0.0003434
1546.0,0.0003375
1547.0,0.0003319
1548.0,0.0003311
1549.0,0.0003332
1550.0,0.0003302
1551.0,0.0003318
1552.0,0.0003286
1553.0,0.0003256
1554.0,0.000322
1555.0,0.000322
1556.0,0.000321
1557.0,0.000324
1558.0,0.0003215
1559.0,0.0003188
1560.0,0.0003203
1561.0,0.0003218
1562.0,0.0003171
1563.0,0.0003138
1564.0,0.0003146
1565.0,0.0003144
1566.0,0.0003096
1567.0,0.0003094
1568.0,0.0003057
1569.0,0.0003069
1570.0,0.0003091
1571.0,0.000311
1572.0,0.0003084
1573.0,0.0003057
1574.0,0.0002943
1575.0,0.0002902
1576.0,0.0002851
1577.0,0.0002772
1578.0,0.0002905
1579.0,0.0002927
1580.0,0.0002945
1581.0,0.0002895
1582.0,0.000283
1583.0,0.0002838
1584.0,0.0002881
1585.0,0.0002905
1586.0,0.0002866
1587.0,0.0002812
1588.0,0.0002725
1589.0,0.0002634
1590.0,0.0002688
1591.0,0.0002748
1592.0,0.0002824
1593.0,0.0002861
1594.0,0.0002849
1595.0,0.0002805
1596.0,0.0002717
1597.0,0.0002781
1598.0,0.0002812
1599.0,0.0002774
1600.0,0.0002749
1601.0,0.0002704
1602.0,0.0002707
1603.0,0.0002726
1604.0,0.0002698
1605.0,0.000269
1606.0,0.0002653
1607.0,0.000267
1608.0,0.0002662
1609.0,0.0002585
1610.0,0.0002525
1611.0,0.0002564
1612.0,0.0002588
1613.0,0.0002587
1614.0,0.000258
1615.0,0.0002516
1616.0,0.0002472
1617.0,0.0002516
1618.0,0.0002552
1619.0,0.0002499
1620.0,0.000244
1621.0,0.0002462
1622.0,0.0002494
1623.0,0.0002525
1624.0,0.000249
1625.0,0.0002474
1626.0,0.0002474
1627.0,0.0002486
1628.0,0.0002474
1629.0,0.0002446
1630.0,0.0002426
1631.0,0.0002407
1632.0,0.0002395
1633.0,0.0002318
1634.0,0.0002364
1635.0,0.0002327
1636.0,0.0002301
1637.0,0.0002269
1638.0,0.0002134
1639.0,0.000221
1640.0,0.0002113
1641.0,0.0002183
1642.0,0.000222
1643.0,0.0002096
1644.0,0.0002209
1645.0,0.0002144
1646.0,0.0002091
1647.0,0.0002228
1648.0,0.0002073
1649.0,0.0002165
1650.0,0.0002175
1651.0,0.0002017
1652.0,0.0002144
1653.0,0.0002157
1654.0,0.0002041
1655.0,0.0002147
1656.0,0.0002108
1657.0,0.0002117
1658.0,0.0002137
1659.0,0.0002116
1660.0,0.0002129
1661.0,0.0002113
1662.0,0.000205
1663.0,0.0002091
1664.0,0.0002067
1665.0,0.0001949
1666.0,0.0001595
1667.0,0.000192
1668.0,0.0001984
1669.0,0.0001992
1670.0,0.0002021
1671.0,0.0001958
1672.0,0.0001929
1673.0,0.0001969
1674.0,0.0001923
1675.0,0.0001887
1676.0,0.0001895
1677.0,0.0001888
1678.0,0.000183
1679.0,0.0001862
1680.0,0.0001782
1681.0,0.0001724
1682.0,0.0001815
1683.0,0.0001849
1684.0,0.0001713
1685.0,0.000186
1686.0,0.0001851
1687.0,0.0001778
1688.0,0.0001831
1689.0,0.0001806
1690.0,0.0001796
1691.0,0.0001635
1692.0,0.000178
1693.0,0.0001826
1694.0,0.0001754
1695.0,0.0001798
1696.0,0.0001792
1697.0,0.0001503
1698.0,0.0001768
1699.0,0.0001739
1700.0,0.0001688
1702.0,0.000171
1705.0,0.0001647
1710.0,0.000154
1715.0,0.0001523
1720.0,0.0001489
1725.0,0.0001374
1730.0,0.0001341
1735.0,0.0001236
1740.0,0.0001241
1745.0,0.0001144
1750.0,0.0001221
1755.0,0.0001103
1760.0,0.0001147
1765.0,9.11e-05
1770.0,9.769e-05
1775.0,7.604e-05
1780.0,6.358e-05
1785.0,4.61e-05
1790.0,5.402e-05
1795.0,2.508e-05
1800.0,1.612e-05
1805.0,6.269e-06
1810.0,3.876e-06
1815.0,1.097e-06
1820.0,2.579e-07
1825.0,3.427e-07
1830.0,7.17e-10
1835.0,1.068e-09
1840.0,6.064e-12
1845.0,7.028e-10
1850.0,3.106e-10
1855.0,2.83e-11
1860.0,1.677e-09
1865.0,2.394e-09
1870.0,1.211e-14
1875.0,2.19e-14
1880.0,1.288e-08
1885.0,6.752e-09
1890.0,3.944e-08
1895.0,2.205e-08
1900.0,8.648e-11
1905.0,5.85e-11
1910.0,2.995e-09
1915.0,2.851e-09
1920.0,8.237e-08
1925.0,1.947e-07
1930.0,1.099e-07
1935.0,9.035e-07
1940.0,8.693e-07
1945.0,3.887e-06
1950.0,7.874e-06
1955.0,7.099e-06
1960.0,1.279e-05
1965.0,1.916e-05
1970.0,2.752e-05
1975.0,3.138e-05
1980.0,3.133e-05
1985.0,3.37e-05
1990.0,3.47e-05
1995.0,3.648e-05
2000.0,3.82e-05
2005.0,3.161e-05
2010.0,4.566e-05
2015.0,3.524e-05
2020.0,3.748e-05
2025.0,4.041e-05
2030.0,3.664e-05
2035.0,3.956e-05
2040.0,3.728e-05
2045.0,3.81e-05
2050.0,3.824e-05
2055.0,3.628e-05
2060.0,3.472e-05
2065.0,3.5e-05
2070.0,3.422e-05
2075.0,3.465e-05
2080.0,3.342e-05
2085.0,3.292e-05
2090.0,3.297e-05
2095.0,3.167e-05
2100.0,2.925e-05
2105.0,3.14e-05
2110.0,2.984e-05
2115.0,3.029e-05
2120.0,2.82e-05
2125.0,2.839e-05
2130.0,2.849e-05
2135.0,2.847e-05
2140.0,2.844e-05
2145.0,2.789e-05
2150.0,2.591e-05
2155.0,2.568e-05
2160.0,2.517e-05
2165.0,2.27e-05
2170.0,2.399e-05
2175.0,2.322e-05
2180.0,2.363e-05
2185.0,2.09e-05
2190.0,2.241e-05
2195.0,2.201e-05
2200.0,1.918e-05
2205.0,2.002e-05
2210.0,2.154e-05
2215.0,2.038e-05
2220.0,2.064e-05
2225.0,1.98e-05
2230.0,1.971e-05
2235.0,1.902e-05
2240.0,1.86e-05
2245.0,1.766e-05
2250.0,1.78e-05
2255.0,1.64e-05
2260.0,1.592e-05
2265.0,1.616e-05
2270.0,1.502e-05
2275.0,1.465e-05
2280.0,1.522e-05
2285.0,1.41e-05
2290.0,1.398e-05
2295.0,1.348e-05
2300.0,1.265e-05
2305.0,1.264e-05
2310.0,1.38e-05
2315.0,1.219e-05
2320.0,1.053e-05
2325.0,1.171e-05
2330.0,1.164e-05
2335.0,1.184e-05
2340.0,8.927e-06
2345.0,1.01e-05
2350.0,7.774e-06
2355.0,9.116e-06
2360.0,9.636e-06
2365.0,9.393e-06
2370.0,5.272e-06
2375.0,8.111e-06
2380.0,7.648e-06
2385.0,5.286e-06
2390.0,6.323e-06
2395.0,6.988e-06
2400.0,7.65e-06
2405.0,5.58e-06
2410.0,5.556e-06
2415.0,4.332e-06
2420.0,4.124e-06
2425.0,5.262e-06
2430.0,7.351e-06
2435.0,2.06e-06
2440.0,6.961e-06
2445.0,2.951e-06
2450.0,1.8e-06
2455.0,3.569e-06
2460.0,4.909e-06
2465.0,3.343e-06
2470.0,2.163e-06
2475.0,2.096e-06
2480.0,9.335e-07
2485.0,6.005e-07
2490.0,3.402e-07
2495.0,2.905e-07
2500.0,7.579e-07
2505.0,1.401e-07
2510.0,2.109e-07
2515.0,4.235e-08
2520.0,2.481e-08
2525.0,2.584e-09
2530.0,1.773e-11
2535.0,3.899e-12
2540.0,9.294e-12
2545.0,6.936e-16
2550.0,2.806e-18
2555.0,1.36e-14
2560.0,4.047e-16
2565.0,9.046000000000001e-20
2570.0,2.693e-24
2575.0,1.7040000000000001e-34
2580.0,1.7760000000000001e-28
2585.0,3.712e-42
2590.0,2.316e-38
2595.0,4.507e-40
2600.0,3.71e-35
2605.0,4.1e-42
2610.0,1.411e-41
2615.0,1.4009999999999999e-45
2620.0,1.244e-35
2625.0,2.277e-35
2630.0,0.0
2635.0,1.186e-21
2640.0,2.568e-22
2645.0,1.119e-24
2650.0,1.115e-25
2655.0,1.341e-34
2660.0,1.129e-31
2665.0,0.0
2670.0,0.0
2675.0,0.0
2680.0,2.2880000000000002e-30
2685.0,2.1860000000000003e-31
2690.0,8.18e-31
2695.0,3.209e-33
2700.0,9.347e-29
2705.0,2.6510000000000004e-26
2710.0,2.111e-31
2715.0,2.665e-29
2720.0,0.0
2725.0,5.968e-27
2730.0,1.74e-24
2735.0,1.9840000000000002e-26
2740.0,3.5830000000000003e-32
2745.0,4.62e-27
2750.0,2.589e-26
2755.0,4.167000000000001e-28
2760.0,6.241999999999999e-23
2765.0,2.93e-29
2770.0,1.4400000000000002e-26
2775.0,1.778e-23
2780.0,8.276e-21
2785.0,3.107e-20
2790.0,7.088e-18
2795.0,1.559e-18
2800.0,4.98e-15
2805.0,9.302e-17
2810.0,3.739e-13
2815.0,1.114e-13
2820.0,1.36e-15
2825.0,1.201e-11
2830.0,2.619e-10
2835.0,3.573e-15
2840.0,7.666e-12
2845.0,2.677e-09
2850.0,4.601e-11
2855.0,1.832e-11
2860.0,9.585e-10
2865.0,7.101e-09
2870.0,1.789e-10
2875.0,1.73e-08
2880.0,1.085e-08
2885.0,1.796e-08
2890.0,7.59e-09
2895.0,1.307e-07
2900.0,3.619e-08
2905.0,4.168e-09
2910.0,1.331e-07
2915.0,5.631e-08
2920.0,1.403e-07
2925.0,4.972e-08
2930.0,3.036e-07
2935.0,3.351e-07
2940.0,7.452e-08
2945.0,6.397e-08
2950.0,2.599e-07
2955.0,1.149e-07
2960.0,2.293e-07
2965.0,3.893e-07
2970.0,1.503e-08
2975.0,3.824e-08
2980.0,5.967e-08
2985.0,3.539e-07
2990.0,5.374e-07
2995.0,2.03e-07
3000.0,3.873e-07
3005.0,1.312e-07
3010.0,3.39e-07
3015.0,2.629e-07
3020.0,2.353e-08
3025.0,3.629e-07
3030.0,2.857e-07
3035.0,1.079e-07
3040.0,8.439e-08
3045.0,1.823e-07
3050.0,4.093e-08
3055.0,9.979e-09
3060.0,2.849e-07
3065.0,1.201e-07
3070.0,6.736e-08
3075.0,2.661e-07
3080.0,1.539e-07
3085.0,6.783e-08
3090.0,9.258e-08
3095.0,2.258e-08
3100.0,1.858e-07
3105.0,3.44e-08
3110.0,2.891e-08
3115.0,8.727e-08
3120.0,4.346e-07
3125.0,1.258e-07
3130.0,2.514e-07
3135.0,5.108e-07
3140.0,1.337e-07
3145.0,1.31e-07
3150.0,2.8e-07
3155.0,2.349e-07
3160.0,3.937e-07
3165.0,6.22e-07
3170.0,5.505e-07
3175.0,3.855e-07
3180.0,4.557e-07
3185.0,3.195e-07
3190.0,1.65e-07
3195.0,9.19e-08
3200.0,1.27e-08
3205.0,8.296e-09
3210.0,3.435e-09
3215.0,1.414e-08
3220.0,5.025e-08
3225.0,5.633e-09
3230.0,9.425e-09
3235.0,2.753e-07
3240.0,1.242e-07
3245.0,2.289e-08
3250.0,8.609e-08
3255.0,3.791e-07
3260.0,3.659e-08
3265.0,7.996e-08
3270.0,3.735e-08
3275.0,2.308e-07
3280.0,9.689e-08
3285.0,4.316e-07
3290.0,3.239e-07
3295.0,3.831e-08
3300.0,5.717e-08
3305.0,1.339e-07
3310.0,1.276e-07
3315.0,1.772e-10
3320.0,1.113e-09
3325.0,1.073e-07
3330.0,1.617e-07
3335.0,3.198e-07
3340.0,1.148e-07
3345.0,1.117e-07
3350.0,2.818e-07
3355.0,1.128e-07
3360.0,1.732e-07
3365.0,2.447e-07
3370.0,1.177e-07
3375.0,2.87e-07
3380.0,1.548e-07
3385.0,2.454e-07
3390.0,3.237e-07
3395.0,3.128e-07
3400.0,4.225e-07
3405.0,1.277e-07
3410.0,2.246e-07
3415.0,2.188e-07
3420.0,4.378e-07
3425.0,3.131e-07
3430.0,2.639e-07
3435.0,3.764e-07
3440.0,2.409e-07
3445.0,3.595e-07
3450.0,3.514e-07
3455.0,2.498e-07
3460.0,3.998e-07
3465.0,2.964e-07
3470.0,3.869e-07
3475.0,3.361e-07
3480.0,3.443e-07
3485.0,3.745e-07
3490.0,3.128e-07
3495.0,3.766e-07
3500.0,3.637e-07
3505.0,3.582e-07
3510.0,3.629e-07
3515.0,3.472e-07
3520.0,3.711e-07
3525.0,3.456e-07
3530.0,3.353e-07
3535.0,2.746e-07
3540.0,2.599e-07
3545.0,2.76e-07
3550.0,3.111e-07
3555.0,2.606e-07
3560.0,3.186e-07
3565.0,3.182e-07
3570.0,2.387e-07
3575.0,2.472e-07
3580.0,2.978e-07
3585.0,2.596e-07
3590.0,2.709e-07
3595.0,2.766e-07
3600.0,2.957e-07
3605.0,2.955e-07
3610.0,2.669e-07
3615.0,2.667e-07
3620.0,3.331e-07
3625.0,2.846e-07
3630.0,2.764e-07
3635.0,2.85e-07
3640.0,3.215e-07
3645.0,2.891e-07
3650.0,2.741e-07
3655.0,2.994e-07
3660.0,2.962e-07
3665.0,2.73e-07
3670.0,2.04e-07
3675.0,1.149e-07
3680.0,2.122e-07
3685.0,2.444e-07
3690.0,2.524e-07
3695.0,2.632e-07
3700.0,2.854e-07
3705.0,2.799e-07
3710.0,2.386e-07
3715.0,2.338e-07
3720.0,2.678e-07
3725.0,2.752e-07
3730.0,2.334e-07
3735.0,2.108e-07
3740.0,2.168e-07
3745.0,2.567e-07
3750.0,2.298e-07
3755.0,2.212e-07
3760.0,2.172e-07
3765.0,2.078e-07
3770.0,2.237e-07
3775.0,2.201e-07
3780.0,2.342e-07
3785.0,2.113e-07
3790.0,1.833e-07
3795.0,2.123e-07
3800.0,2.406e-07
3805.0,2.237e-07
3810.0,1.946e-07
3815.0,1.801e-07
3820.0,2.311e-07
3825.0,2.25e-07
3830.0,2.281e-07
3835.0,1.755e-07
3840.0,2.1e-07
3845.0,2.034e-07
3850.0,2.043e-07
3855.0,1.939e-07
3860.0,1.789e-07
3865.0,1.799e-07
3870.0,1.602e-07
3875.0,1.436e-07
3880.0,1.375e-07
3885.0,1.425e-07
3890.0,1.443e-07
3895.0,1.597e-07
3900.0,1.706e-07
3905.0,1.695e-07
3910.0,1.489e-07
3915.0,1.442e-07
3920.0,1.434e-07
3925.0,1.402e-07
3930.0,1.451e-07
3935.0,1.515e-07
3940.0,1.531e-07
3945.0,1.557e-07
3950.0,1.579e-07
3955.0,1.59e-07
3960.0,1.601e-07
3965.0,1.61e-07
3970.0,1.584e-07
3975.0,1.533e-07
3980.0,1.504e-07
3985.0,1.502e-07
3990.0,1.475e-07
3995.0,1.435e-07
4000.0,1.369e-07
