interpolation:linear
wavelength,value
280.0,2.239e-23
280.5,7.693999999999999e-22
281.0,4.18e-21
281.5,1.386e-19
282.0,6.77e-19
282.5,1.639e-18
283.0,5.168e-18
283.5,8.406e-18
284.0,1.423e-16
284.5,4.202e-16
285.0,1.144e-15
285.5,4.455e-15
286.0,1.711e-14
286.5,7.28e-14
287.0,2.036e-13
287.5,7.703e-13
288.0,2.732e-12
288.5,7.417e-12
289.0,1.856e-11
289.5,5.379e-11
290.0,1.458e-10
290.5,2.921e-10
291.0,6.177e-10
291.5,1.752e-09
292.0,3.347e-09
292.5,4.551e-09
293.0,9.442e-09
293.5,2.218e-08
294.0,3.372e-08
294.5,2.004e-08
295.0,3.382e-08
295.5,5.452e-08
296.0,9.946e-08
296.5,1.313e-07
297.0,1.691e-07
297.5,4.2e-07
298.0,6.178e-07
298.5,5.882e-07
299.0,1.227e-06
299.5,1.841e-06
300.0,1.91e-06
300.5,2.602e-06
301.0,4.254e-06
301.5,6.169e-06
302.0,5.024e-06
302.5,1.014e-05
303.0,1.653e-05
303.5,1.971e-05
304.0,1.809e-05
304.5,2.569e-05
305.0,3.733e-05
305.5,4.22e-05
306.0,4.074e-05
306.5,5.069e-05
307.0,7.611e-05
307.5,0.000104
308.0,0.0001104
308.5,0.000133
309.0,0.0001077
309.5,0.0001417
310.0,0.0001525
310.5,0.0002558
311.0,0.0003406
311.5,0.0003375
312.0,0.0003864
312.5,0.0005167
313.0,0.0005897
313.5,0.0005462
314.0,0.0007685
314.5,0.0008037
315.0,0.001089
315.5,0.0008386
316.0,0.0008412
316.5,0.001368
317.0,0.001694
317.5,0.0017
318.0,0.001446
318.5,0.002135
319.0,0.002772
319.5,0.001955
320.0,0.002312
320.5,0.003469
321.0,0.003669
321.5,0.003579
322.0,0.003169
322.5,0.002782
323.0,0.003123
323.5,0.006769
324.0,0.008253
324.5,0.0075
325.0,0.004011
325.5,0.005705
326.0,0.01174
326.5,0.01348
327.0,0.01277
327.5,0.01155
328.0,0.008544
328.5,0.01123
329.0,0.01596
329.5,0.01906
330.0,0.01845
330.5,0.01293
331.0,0.01258
331.5,0.01412
332.0,0.01753
332.5,0.01843
333.0,0.01773
333.5,0.0145
334.0,0.01459
334.5,0.0189
335.0,0.01895
335.5,0.02326
336.0,0.01609
336.5,0.01735
337.0,0.01357
337.5,0.01657
338.0,0.01776
338.5,0.02182
339.0,0.02173
339.5,0.02081
340.0,0.02303
340.5,0.02094
341.0,0.02157
341.5,0.02004
342.0,0.02403
342.5,0.02255
343.0,0.02461
343.5,0.02305
344.0,0.01612
344.5,0.01704
345.0,0.02287
345.5,0.02349
346.0,0.02005
346.5,0.02276
347.0,0.02427
347.5,0.01958
348.0,0.02249
348.5,0.02259
349.0,0.021
349.5,0.02077
350.0,0.02571
350.5,0.02711
351.0,0.02412
351.5,0.02321
352.0,0.02508
352.5,0.01967
353.0,0.02485
353.5,0.02663
354.0,0.02769
354.5,0.02808
355.0,0.02794
355.5,0.02527
356.0,0.02647
356.5,0.0226
357.0,0.01867
357.5,0.02286
358.0,0.01813
358.5,0.0155
359.0,0.02166
359.5,0.02753
360.0,0.0292
360.5,0.02337
361.0,0.02133
361.5,0.02458
362.0,0.02126
362.5,0.02943
363.0,0.02644
363.5,0.02435
364.0,0.02978
364.5,0.02545
365.0,0.02591
365.5,0.03253
366.0,0.03447
366.5,0.0324
367.0,0.03156
367.5,0.03275
368.0,0.02865
368.5,0.0289
369.0,0.03122
369.5,0.03328
370.0,0.03548
370.5,0.02754
371.0,0.02943
371.5,0.03682
372.0,0.02444
372.5,0.0293
373.0,0.0298
373.5,0.01939
374.0,0.02817
374.5,0.02333
375.0,0.02268
375.5,0.03386
376.0,0.02807
376.5,0.02909
377.0,0.0308
377.5,0.03603
378.0,0.03906
378.5,0.03692
379.0,0.03046
379.5,0.02783
380.0,0.02893
380.5,0.03504
381.0,0.03511
381.5,0.02783
382.0,0.02471
382.5,0.02107
383.0,0.0195
383.5,0.01879
384.0,0.02072
384.5,0.03048
385.0,0.03022
385.5,0.02814
386.0,0.0241
386.5,0.03166
387.0,0.0263
387.5,0.02954
388.0,0.02727
388.5,0.02696
389.0,0.0291
389.5,0.03524
390.0,0.03536
390.5,0.03254
391.0,0.0383
391.5,0.03907
392.0,0.0329
392.5,0.02945
393.0,0.01639
393.5,0.01191
394.0,0.02423
394.5,0.03081
395.0,0.03759
395.5,0.03818
396.0,0.0331
396.5,0.01935
397.0,0.01452
397.5,0.02953
398.0,0.04135
398.5,0.04273
399.0,0.04626
399.5,0.04611
400.0,0.04787
401.0,0.04725
402.0,0.04982
403.0,0.04731
404.0,0.04656
405.0,0.04653
406.0,0.04574
407.0,0.04496
408.0,0.04666
409.0,0.04989
410.0,0.04357
411.0,0.04716
412.0,0.05063
413.0,0.04936
414.0,0.04993
415.0,0.05
416.0,0.05081
417.0,0.04951
418.0,0.04855
419.0,0.04916
420.0,0.0489
421.0,0.05109
422.0,0.04848
423.0,0.04726
424.0,0.04988
425.0,0.04971
426.0,0.04837
427.0,0.04744
428.0,0.04619
429.0,0.04373
430.0,0.03823
431.0,0.03782
432.0,0.04871
433.0,0.04889
434.0,0.04535
435.0,0.04732
436.0,0.05326
437.0,0.05244
438.0,0.04762
439.0,0.04908
440.0,0.05049
441.0,0.05213
442.0,0.05575
443.0,0.0542
444.0,0.05534
445.0,0.05414
446.0,0.05168
447.0,0.05582
448.0,0.05654
449.0,0.05657
450.0,0.05795
451.0,0.05996
452.0,0.0577
453.0,0.0542
454.0,0.0565
455.0,0.05663
456.0,0.05778
457.0,0.05845
458.0,0.05615
459.0,0.05552
460.0,0.05536
461.0,0.05639
462.0,0.05671
463.0,0.05631
464.0,0.05544
465.0,0.05478
466.0,0.05526
467.0,0.05409
468.0,0.05448
469.0,0.0545
470.0,0.05256
471.0,0.05238
472.0,0.05509
473.0,0.05426
474.0,0.05416
475.0,0.05435
476.0,0.05235
477.0,0.05211
478.0,0.05314
479.0,0.05236
480.0,0.05203
481.0,0.05262
482.0,0.05266
483.0,0.05193
484.0,0.05087
485.0,0.04852
486.0,0.04245
487.0,0.04446
488.0,0.04862
489.0,0.04854
490.0,0.0508
491.0,0.04968
492.0,0.04674
493.0,0.04812
494.0,0.04846
495.0,0.0487
496.0,0.04876
497.0,0.04918
498.0,0.04648
499.0,0.04662
500.0,0.04482
501.0,0.04355
502.0,0.04246
503.0,0.04374
504.0,0.04224
505.0,0.04352
506.0,0.04478
507.0,0.04253
508.0,0.0412
509.0,0.04236
510.0,0.04211
511.0,0.04315
512.0,0.04346
513.0,0.04093
514.0,0.04041
515.0,0.03977
516.0,0.03946
517.0,0.03488
518.0,0.03649
519.0,0.03808
520.0,0.03923
521.0,0.03934
522.0,0.03907
523.0,0.03813
524.0,0.03913
525.0,0.03919
526.0,0.03709
527.0,0.03459
528.0,0.03621
529.0,0.03784
530.0,0.03698
531.0,0.03723
532.0,0.03571
533.0,0.03448
534.0,0.03536
535.0,0.03603
536.0,0.03627
537.0,0.03473
538.0,0.0352
539.0,0.03473
540.0,0.0331
541.0,0.03309
542.0,0.03387
543.0,0.03328
544.0,0.03363
545.0,0.03333
546.0,0.03327
547.0,0.03309
548.0,0.03253
549.0,0.03247
550.0,0.03268
551.0,0.03212
552.0,0.03217
553.0,0.03142
554.0,0.03197
555.0,0.03183
556.0,0.03119
557.0,0.02999
558.0,0.0295
559.0,0.02867
560.0,0.02876
561.0,0.02886
562.0,0.02837
563.0,0.02889
564.0,0.02788
565.0,0.02743
566.0,0.02684
567.0,0.02714
568.0,0.02668
569.0,0.02583
570.0,0.02565
571.0,0.02533
572.0,0.02574
573.0,0.02587
574.0,0.02567
575.0,0.0251
576.0,0.02481
577.0,0.02504
578.0,0.02465
579.0,0.02474
580.0,0.02522
581.0,0.02536
582.0,0.02584
583.0,0.02588
584.0,0.02607
585.0,0.02538
586.0,0.02479
587.0,0.02523
588.0,0.02447
589.0,0.02148
590.0,0.02236
591.0,0.0236
592.0,0.02311
593.0,0.02332
594.0,0.02296
595.0,0.02216
596.0,0.02296
597.0,0.0225
598.0,0.02226
599.0,0.0221
600.0,0.02198
601.0,0.02168
602.0,0.02143
603.0,0.02171
604.0,0.02201
605.0,0.02187
606.0,0.02176
607.0,0.02198
608.0,0.02175
609.0,0.0218
610.0,0.02167
611.0,0.0218
612.0,0.02176
613.0,0.02151
614.0,0.02122
615.0,0.02169
616.0,0.02098
617.0,0.02093
618.0,0.02172
619.0,0.02149
620.0,0.02159
621.0,0.02158
622.0,0.02129
623.0,0.02092
624.0,0.02051
625.0,0.02042
626.0,0.02068
627.0,0.02086
628.0,0.01914
629.0,0.02018
630.0,0.01967
631.0,0.02018
632.0,0.01994
633.0,0.02056
634.0,0.02038
635.0,0.0207
636.0,0.02043
637.0,0.02076
638.0,0.02098
639.0,0.02074
640.0,0.02054
641.0,0.02053
642.0,0.02043
643.0,0.02069
644.0,0.02062
645.0,0.0206
646.0,0.02005
647.0,0.01967
648.0,0.01969
649.0,0.01923
650.0,0.01942
651.0,0.02024
652.0,0.01925
653.0,0.01991
654.0,0.01965
655.0,0.01883
656.0,0.01669
657.0,0.01712
658.0,0.01919
659.0,0.01931
660.0,0.01936
661.0,0.0195
662.0,0.01953
663.0,0.0191
664.0,0.0193
665.0,0.01928
666.0,0.01927
667.0,0.01924
668.0,0.01923
669.0,0.0195
670.0,0.01937
671.0,0.01934
672.0,0.01915
673.0,0.01942
674.0,0.01931
675.0,0.0191
676.0,0.01919
677.0,0.01897
678.0,0.01899
679.0,0.01864
680.0,0.01874
681.0,0.01857
682.0,0.01849
683.0,0.01839
684.0,0.01824
685.0,0.01835
686.0,0.01818
687.0,0.01134
688.0,0.01332
689.0,0.01334
690.0,0.01402
691.0,0.01486
692.0,0.01552
693.0,0.01538
694.0,0.01529
695.0,0.01603
696.0,0.01602
697.0,0.01717
698.0,0.01684
699.0,0.01625
700.0,0.016
701.0,0.01573
702.0,0.01583
703.0,0.01586
704.0,0.0164
705.0,0.01635
706.0,0.0163
707.0,0.01628
708.0,0.01625
709.0,0.01628
710.0,0.01617
711.0,0.01612
712.0,0.01605
713.0,0.01579
714.0,0.0158
715.0,0.01518
716.0,0.01511
717.0,0.01268
718.0,0.0116
719.0,0.01057
720.0,0.01101
721.0,0.01227
722.0,0.01422
723.0,0.01309
724.0,0.01162
725.0,0.01138
726.0,0.01188
727.0,0.01209
728.0,0.01123
729.0,0.01171
730.0,0.01232
731.0,0.01172
732.0,0.01263
733.0,0.01344
734.0,0.01376
735.0,0.01339
736.0,0.0133
737.0,0.0133
738.0,0.01359
739.0,0.01328
740.0,0.0136
741.0,0.01343
742.0,0.01341
743.0,0.01369
744.0,0.01361
745.0,0.01356
746.0,0.01356
747.0,0.01354
748.0,0.01346
749.0,0.01326
750.0,0.01321
751.0,0.01304
752.0,0.01306
753.0,0.01309
754.0,0.01309
755.0,0.01297
756.0,0.01292
757.0,0.01289
758.0,0.01268
759.0,0.01226
760.0,0.001976
761.0,0.001053
762.0,0.005791
763.0,0.002942
764.0,0.00435
765.0,0.005718
766.0,0.006973
767.0,0.008859
768.0,0.0105
769.0,0.0108
770.0,0.0113
771.0,0.01143
772.0,0.01143
773.0,0.01146
774.0,0.01134
775.0,0.0112
776.0,0.01128
777.0,0.01107
778.0,0.01094
779.0,0.0109
780.0,0.0108
781.0,0.01077
782.0,0.01081
783.0,0.01059
784.0,0.01062
785.0,0.0105
786.0,0.01058
787.0,0.01028
788.0,0.0101
789.0,0.01006
790.0,0.00969
791.0,0.009812
792.0,0.009719
793.0,0.00952
794.0,0.009728
795.0,0.009833
796.0,0.009368
797.0,0.009334
798.0,0.009688
799.0,0.009572
800.0,0.009333
801.0,0.009237
802.0,0.009157
803.0,0.009027
804.0,0.009019
805.0,0.008987
806.0,0.009263
807.0,0.009098
808.0,0.009052
809.0,0.008783
810.0,0.008653
811.0,0.008573
812.0,0.008196
813.0,0.007981
814.0,0.006864
815.0,0.006803
816.0,0.006267
817.0,0.006349
818.0,0.006073
819.0,0.006838
820.0,0.006411
821.0,0.00765
822.0,0.007365
823.0,0.004788
824.0,0.007045
825.0,0.00745
826.0,0.007055
827.0,0.007505
828.0,0.006158
829.0,0.006969
830.0,0.006852
831.0,0.006841
832.0,0.006573
833.0,0.007051
834.0,0.006746
835.0,0.007522
836.0,0.007058
837.0,0.007474
838.0,0.00717
839.0,0.007289
840.0,0.007434
841.0,0.007268
842.0,0.007292
843.0,0.007309
844.0,0.007152
845.0,0.007386
846.0,0.007332
847.0,0.007172
848.0,0.00707
849.0,0.006835
850.0,0.006512
851.0,0.006833
852.0,0.006761
853.0,0.006491
854.0,0.005567
855.0,0.006114
856.0,0.006651
857.0,0.006791
858.0,0.006713
859.0,0.006706
860.0,0.006703
861.0,0.006644
862.0,0.006733
863.0,0.006872
864.0,0.00651
865.0,0.006433
866.0,0.005765
867.0,0.005996
868.0,0.006502
869.0,0.006345
870.0,0.006503
871.0,0.00639
872.0,0.006345
873.0,0.006308
874.0,0.006208
875.0,0.006056
876.0,0.006092
877.0,0.00613
878.0,0.006167
879.0,0.006048
880.0,0.005894
881.0,0.005771
882.0,0.005866
883.0,0.00587
884.0,0.005813
885.0,0.005829
886.0,0.005505
887.0,0.005563
888.0,0.005608
889.0,0.005673
890.0,0.005569
891.0,0.005555
892.0,0.005335
893.0,0.005117
894.0,0.004841
895.0,0.004479
896.0,0.004164
897.0,0.003503
898.0,0.003827
899.0,0.002839
900.0,0.00392
901.0,0.002962
902.0,0.003509
903.0,0.003519
904.0,0.004594
905.0,0.0044
906.0,0.004074
907.0,0.00319
908.0,0.00327
909.0,0.003552
910.0,0.003076
911.0,0.003324
912.0,0.003457
913.0,0.003085
914.0,0.003064
915.0,0.0033
916.0,0.002772
917.0,0.003566
918.0,0.002814
919.0,0.003615
920.0,0.003707
921.0,0.003837
922.0,0.003364
923.0,0.003682
924.0,0.003404
925.0,0.003309
926.0,0.003331
927.0,0.003755
928.0,0.00263
929.0,0.002375
930.0,0.001833
931.0,0.001727
932.0,0.001231
933.0,0.000994
934.0,0.0005389
935.0,0.00101
936.0,0.0006253
937.0,0.0006306
938.0,0.000773
939.0,0.001616
940.0,0.001947
941.0,0.00145
942.0,0.001676
943.0,0.00109
944.0,0.001149
945.0,0.001471
946.0,0.0007391
947.0,0.001466
948.0,0.001072
949.0,0.001964
950.0,0.0005329
951.0,0.00192
952.0,0.001016
953.0,0.001314
954.0,0.001615
955.0,0.001322
956.0,0.001292
957.0,0.0009984
958.0,0.001831
959.0,0.00143
960.0,0.001599
961.0,0.001804
962.0,0.0017
963.0,0.001974
964.0,0.001794
965.0,0.001945
966.0,0.001945
967.0,0.001925
968.0,0.002712
969.0,0.002791
970.0,0.002545
971.0,0.002976
972.0,0.002811
973.0,0.002367
974.0,0.002238
975.0,0.002326
976.0,0.002169
977.0,0.002548
978.0,0.002367
979.0,0.002487
980.0,0.002322
981.0,0.002852
982.0,0.002695
983.0,0.002558
984.0,0.002954
985.0,0.002644
986.0,0.003018
987.0,0.002917
988.0,0.00291
989.0,0.002996
990.0,0.002854
991.0,0.002966
992.0,0.002979
993.0,0.002874
994.0,0.002964
995.0,0.002957
996.0,0.002928
997.0,0.002927
998.0,0.0029
999.0,0.002881
1000.0,0.002841
1001.0,0.002876
1002.0,0.002742
1003.0,0.002803
1004.0,0.002711
1005.0,0.002618
1006.0,0.002705
1007.0,0.002753
1008.0,0.002722
1009.0,0.002689
1010.0,0.002665
1011.0,0.002699
1012.0,0.00266
1013.0,0.002676
1014.0,0.002647
1015.0,0.002619
1016.0,0.002596
1017.0,0.00259
1018.0,0.002577
1019.0,0.002496
1020.0,0.002542
1021.0,0.002532
1022.0,0.002496
1023.0,0.002514
1024.0,0.002457
1025.0,0.002497
1026.0,0.002473
1027.0,0.00246
1028.0,0.002444
1029.0,0.002404
1030.0,0.002417
1031.0,0.002396
1032.0,0.002382
1033.0,0.002337
1034.0,0.002329
1035.0,0.002328
1036.0,0.002329
1037.0,0.002283
1038.0,0.002284
1039.0,0.002273
1040.0,0.002255
1041.0,0.002254
1042.0,0.00223
1043.0,0.002214
1044.0,0.002212
1045.0,0.002172
1046.0,0.002139
1047.0,0.002149
1048.0,0.002152
1049.0,0.002135
1050.0,0.002116
1051.0,0.002104
1052.0,0.002086
1053.0,0.00206
1054.0,0.002055
1055.0,0.002047
1056.0,0.002029
1057.0,0.002014
1058.0,0.001955
1059.0,0.001948
1060.0,0.001937
1061.0,0.001926
1062.0,0.001927
1063.0,0.001899
1064.0,0.001915
1065.0,0.001889
1066.0,0.001849
1067.0,0.001865
1068.0,0.001814
1069.0,0.001756
1070.0,0.001807
1071.0,0.001838
1072.0,0.001803
1073.0,0.001772
1074.0,0.001823
1075.0,0.001705
1076.0,0.001808
1077.0,0.00176
1078.0,0.001712
1079.0,0.001766
1080.0,0.001709
1081.0,0.001641
1082.0,0.001679
1083.0,0.001684
1084.0,0.001612
1085.0,0.001686
1086.0,0.001503
1087.0,0.001568
1088.0,0.00165
1089.0,0.001567
1090.0,0.001519
1091.0,0.001619
1092.0,0.001612
1093.0,0.001312
1094.0,0.001457
1095.0,0.001357
1096.0,0.001284
1097.0,0.001548
1098.0,0.001251
1099.0,0.001302
1100.0,0.00119
1101.0,0.001211
1102.0,0.001142
1103.0,0.001118
1104.0,0.001119
1105.0,0.001237
1106.0,0.0009067
1107.0,0.001162
1108.0,0.0009561
1109.0,0.0009532
1110.0,0.001127
1111.0,0.0007338
1112.0,0.0009374
1113.0,0.0005759
1114.0,0.0006418
1115.0,0.0005287
1116.0,0.0004164
1117.0,0.0001496
1118.0,0.0004509
1119.0,0.0002204
1120.0,0.0002763
1121.0,0.0003668
1122.0,0.0001519
1123.0,0.0002472
1124.0,0.0002079
1125.0,0.0002708
1126.0,9.203e-05
1127.0,0.0003036
1128.0,0.0001789
1129.0,0.0001895
1130.0,0.0001234
1131.0,0.0005738
1132.0,0.0004473
1133.0,0.0002795
1134.0,6.964e-05
1135.0,2.609e-05
1136.0,0.0002298
1137.0,0.0005511
1138.0,0.000386
1139.0,0.000582
1140.0,0.000481
1141.0,0.0003632
1142.0,0.0004177
1143.0,0.0005949
1144.0,0.0002038
1145.0,0.0002588
1146.0,0.0002781
1147.0,9.562e-05
1148.0,0.0005053
1149.0,0.0004
1150.0,0.0002151
1151.0,0.0003664
1152.0,0.0004518
1153.0,0.0004409
1154.0,0.000243
1155.0,0.0005753
1156.0,0.0005145
1157.0,0.0005811
1158.0,0.000573
1159.0,0.0006176
1160.0,0.0005255
1161.0,0.0006562
1162.0,0.0006563
1163.0,0.0009148
1164.0,0.0007695
1165.0,0.0007155
1166.0,0.0007154
1167.0,0.0007816
1168.0,0.00079
1169.0,0.0008095
1170.0,0.0008881
1171.0,0.000859
1172.0,0.0008825
1173.0,0.0008757
1174.0,0.0006021
1175.0,0.0008586
1176.0,0.0009631
1177.0,0.0009075
1178.0,0.0006567
1179.0,0.0009593
1180.0,0.0008318
1181.0,0.0008557
1182.0,0.0005652
1183.0,0.0008415
1184.0,0.0007761
1185.0,0.0007391
1186.0,0.0009012
1187.0,0.0008435
1188.0,0.0005613
1189.0,0.0007793
1190.0,0.0008716
1191.0,0.0008074
1192.0,0.000881
1193.0,0.0008338
1194.0,0.0008614
1195.0,0.0008
1196.0,0.0007611
1197.0,0.0008574
1198.0,0.0007782
1199.0,0.0006355
1200.0,0.0008054
1201.0,0.0007627
1202.0,0.0007674
1203.0,0.0007504
1204.0,0.0006466
1205.0,0.0007836
1206.0,0.0008777
1207.0,0.0007492
1208.0,0.0007427
1209.0,0.0007539
1210.0,0.0007915
1211.0,0.0007437
1212.0,0.000717
1213.0,0.0008204
1214.0,0.0007342
1215.0,0.000717
1216.0,0.0008137
1217.0,0.0007843
1218.0,0.0008016
1219.0,0.0007849
1220.0,0.0007971
1221.0,0.0008102
1222.0,0.000781
1223.0,0.0007691
1224.0,0.0007553
1225.0,0.0007906
1226.0,0.0007995
1227.0,0.0007174
1228.0,0.0008004
1229.0,0.0007913
1230.0,0.0007733
1231.0,0.0008014
1232.0,0.0007937
1233.0,0.0007503
1234.0,0.0007974
1235.0,0.0007866
1236.0,0.0007923
1237.0,0.0007732
1238.0,0.0007847
1239.0,0.0007721
1240.0,0.0007736
1241.0,0.0007628
1242.0,0.0007628
1243.0,0.0007546
1244.0,0.0007558
1245.0,0.0007577
1246.0,0.0007511
1247.0,0.0007443
1248.0,0.000739
1249.0,0.0007411
1250.0,0.0007327
1251.0,0.0007179
1252.0,0.0007198
1253.0,0.0007047
1254.0,0.0006908
1255.0,0.0007106
1256.0,0.0006761
1257.0,0.000668
1258.0,0.0006876
1259.0,0.000644
1260.0,0.0006472
1261.0,0.0005933
1262.0,0.0005674
1263.0,0.0005665
1264.0,0.0005112
1265.0,0.0005595
1266.0,0.0005301
1267.0,0.0005422
1268.0,0.0005061
1269.0,0.0003043
1270.0,0.0005334
1271.0,0.0005757
1272.0,0.0005764
1273.0,0.0005669
1274.0,0.0005695
1275.0,0.0005781
1276.0,0.0005852
1277.0,0.0005922
1278.0,0.0006079
1279.0,0.0006017
1280.0,0.0005919
1281.0,0.0005668
1282.0,0.0005503
1283.0,0.0005895
1284.0,0.0006012
1285.0,0.0006046
1286.0,0.0006137
1287.0,0.0005969
1288.0,0.0005974
1289.0,0.0005663
1290.0,0.0005884
1291.0,0.0005971
1292.0,0.0005433
1293.0,0.0005785
1294.0,0.0005717
1295.0,0.00056
1296.0,0.0005264
1297.0,0.0004908
1298.0,0.0005376
1299.0,0.0005688
1300.0,0.0004598
1301.0,0.0004734
1302.0,0.000531
1303.0,0.0004505
1304.0,0.0003717
1305.0,0.0005126
1306.0,0.0005075
1307.0,0.0003788
1308.0,0.0004448
1309.0,0.0004959
1310.0,0.0003668
1311.0,0.0004202
1312.0,0.0004077
1313.0,0.0003925
1314.0,0.0003448
1315.0,0.000339
1316.0,0.0004052
1317.0,0.0003802
1318.0,0.0004175
1319.0,0.0003133
1320.0,0.0003025
1321.0,0.0003565
1322.0,0.0003563
1323.0,0.0002613
1324.0,0.0003032
1325.0,0.0003843
1326.0,0.0003242
1327.0,0.0003065
1328.0,0.0002604
1329.0,0.0001924
1330.0,0.0002515
1331.0,0.0001498
1332.0,0.0001542
1333.0,0.0002144
1334.0,0.0001822
1335.0,0.0002502
1336.0,0.0001961
1337.0,0.0001729
1338.0,0.0001865
1339.0,0.0001851
1340.0,0.0001798
1341.0,0.0001742
1342.0,0.0001826
1343.0,0.0001227
1344.0,7.327e-05
1345.0,0.0001054
1346.0,5.197e-05
1347.0,5.265e-05
1348.0,3.394e-06
1349.0,1.218e-05
1350.0,1.262e-05
1351.0,3.051e-06
1352.0,8.208e-07
1353.0,4.177e-08
1354.0,1.436e-07
1355.0,1.156e-09
1356.0,2.023e-08
1357.0,3.074e-08
1358.0,1.357e-09
1359.0,1.71e-10
1360.0,6.18e-10
1361.0,6.913e-13
1362.0,1.891e-15
1363.0,8.31e-10
1364.0,3.431e-10
1365.0,6.603e-16
1366.0,3.602e-09
1367.0,1.47e-09
1368.0,5.099e-18
1369.0,1.264e-10
1370.0,6.227e-11
1371.0,3.53e-12
1372.0,7.975e-10
1373.0,1.607e-08
1374.0,7.452e-08
1375.0,1.352e-07
1376.0,1.212e-07
1377.0,5.537e-08
1378.0,5.414e-07
1379.0,2.314e-08
1380.0,3.325e-08
1381.0,8.661e-10
1382.0,6.991e-10
1383.0,1.045e-11
1384.0,1.37e-10
1385.0,6.554e-10
1386.0,6.165e-10
1387.0,7.456e-08
1388.0,1.467e-09
1389.0,2.518e-07
1390.0,2.161e-07
1391.0,1.437e-07
1392.0,9.315e-09
1393.0,4.935e-08
1394.0,2.544e-08
1395.0,1.864e-10
1396.0,9.009e-13
1397.0,1.943e-08
1398.0,5.746e-07
1399.0,3.635e-07
1400.0,3.853e-13
1401.0,1.598e-12
1402.0,1.007e-06
1403.0,1.261e-06
1404.0,3.832e-07
1405.0,8.828e-11
1406.0,9.904e-07
1407.0,8.729e-08
1408.0,8.058e-07
1409.0,2.686e-07
1410.0,2.151e-07
1411.0,1.085e-06
1412.0,1.463e-06
1413.0,1.523e-05
1414.0,1.679e-07
1415.0,8.019e-08
1416.0,2.517e-05
1417.0,7.433e-06
1418.0,8.417e-06
1419.0,1.295e-06
1420.0,5.115e-06
1421.0,5.518e-06
1422.0,3.235e-05
1423.0,6.206e-06
1424.0,1.165e-05
1425.0,1.702e-05
1426.0,1.947e-05
1427.0,3.623e-05
1428.0,2.535e-06
1429.0,2.668e-05
1430.0,4.603e-05
1431.0,5.061e-05
1432.0,1.97e-06
1433.0,3.175e-05
1434.0,1.597e-05
1435.0,1.548e-05
1436.0,3.049e-05
1437.0,2.331e-05
1438.0,9.621e-06
1439.0,4.143e-05
1440.0,3.093e-05
1441.0,2.313e-05
1442.0,2.563e-05
1443.0,3.269e-05
1444.0,4.552e-05
1445.0,3.497e-05
1446.0,1.551e-05
1447.0,2.445e-05
1448.0,8.664e-05
1449.0,7.444e-05
1450.0,1.802e-05
1451.0,7.093e-06
1452.0,4.38e-05
1453.0,5.773e-05
1454.0,0.0001017
1455.0,4.675e-05
1456.0,6.232e-05
1457.0,8.496e-05
1458.0,0.0001017
1459.0,0.0001198
1460.0,6.121e-05
1461.0,6.297e-05
1462.0,9.364e-05
1463.0,2.927e-05
1464.0,0.0001119
1465.0,6.686e-05
1466.0,4.422e-05
1467.0,2.262e-05
1468.0,5.234e-05
1469.0,6.495e-05
1470.0,3.119e-05
1471.0,1.106e-05
1472.0,2.965e-05
1473.0,4.61e-05
1474.0,6.845e-05
1475.0,0.0001319
1476.0,4.585e-05
1477.0,4.579e-05
1478.0,4.279e-05
1479.0,8.348e-05
1480.0,3.921e-05
1481.0,7.897e-05
1482.0,3.835e-05
1483.0,0.0001029
1484.0,9.649e-05
1485.0,8.508e-05
1486.0,8.301e-05
1487.0,3.695e-05
1488.0,6.617e-05
1489.0,0.0001332
1490.0,0.0001234
1491.0,0.0001404
1492.0,0.000113
1493.0,0.0001259
1494.0,0.0001443
1495.0,0.0001262
1496.0,0.0001172
1497.0,0.0001674
1498.0,0.000133
1499.0,0.0001566
1500.0,0.0001858
1501.0,0.0001945
1502.0,0.0001621
1503.0,0.0001338
1504.0,0.0001048
1505.0,0.0001287
1506.0,0.0001937
1507.0,0.0001852
1508.0,0.0001754
1509.0,0.0001291
1510.0,0.000201
1511.0,0.0001914
1512.0,0.000192
1513.0,0.0001713
1514.0,0.0001579
1515.0,0.0001967
1516.0,0.0001864
1517.0,0.0001788
1518.0,0.0001796
1519.0,0.0001728
1520.0,0.0001884
1521.0,0.0002071
1522.0,0.0001925
1523.0,0.0002097
1524.0,0.0002005
1525.0,0.0001875
1526.0,0.0001892
1527.0,0.0001894
1528.0,0.0002051
1529.0,0.0001934
1530.0,0.0001864
1531.0,0.0001933
1532.0,0.0002039
1533.0,0.0002042
1534.0,0.0001997
1535.0,0.000197
1536.0,0.0002013
1537.0,0.0001955
1538.0,0.0001988
1539.0,0.0001941
1540.0,0.0001953
1541.0,0.0001958
1542.0,0.0001924
1543.0,0.0001964
1544.0,0.0001928
1545.0,0.0001973
1546.0,0.0001926
1547.0,0.0001903
1548.0,0.0001898
1549.0,0.0001915
1550.0,0.0001894
1551.0,0.0001901
1552.0,0.0001875
1553.0,0.0001869
1554.0,0.0001845
1555.0,0.0001849
1556.0,0.0001841
1557.0,0.000186
1558.0,0.0001845
1559.0,0.0001828
1560.0,0.0001836
1561.0,0.0001844
1562.0,0.0001812
1563.0,0.0001795
1564.0,0.0001797
1565.0,0.0001801
1566.0,0.000177
1567.0,0.0001771
1568.0,0.0001746
1569.0,0.0001757
1570.0,0.0001767
1571.0,0.0001775
1572.0,0.0001759
1573.0,0.0001741
1574.0,0.0001672
1575.0,0.0001647
1576.0,0.0001611
1577.0,0.0001564
1578.0,0.0001635
1579.0,0.0001639
1580.0,0.0001652
1581.0,0.0001624
1582.0,0.0001589
1583.0,0.000159
1584.0,0.0001627
1585.0,0.0001643
1586.0,0.0001618
1587.0,0.0001588
1588.0,0.0001549
1589.0,0.0001498
1590.0,0.0001524
1591.0,0.000156
1592.0,0.0001596
1593.0,0.0001623
1594.0,0.0001613
1595.0,0.0001591
1596.0,0.0001538
1597.0,0.0001568
1598.0,0.0001594
1599.0,0.0001573
1600.0,0.0001561
1601.0,0.0001532
1602.0,0.000153
1603.0,0.0001547
1604.0,0.0001531
1605.0,0.0001527
1606.0,0.0001506
1607.0,0.0001516
1608.0,0.0001506
1609.0,0.0001466
1610.0,0.0001432
1611.0,0.0001452
1612.0,0.0001468
1613.0,0.0001463
1614.0,0.0001462
1615.0,0.0001426
1616.0,0.00014
1617.0,0.000142
1618.0,0.0001445
1619.0,0.0001409
1620.0,0.0001382
1621.0,0.0001393
1622.0,0.0001411
1623.0,0.0001429
1624.0,0.0001406
1625.0,0.0001397
1626.0,0.0001396
1627.0,0.0001405
1628.0,0.0001394
1629.0,0.0001382
1630.0,0.0001368
1631.0,0.0001351
1632.0,0.0001348
1633.0,0.0001291
1634.0,0.0001333
1635.0,0.0001294
1636.0,0.0001291
1637.0,0.0001279
1638.0,0.0001175
1639.0,0.0001245
1640.0,0.0001157
1641.0,0.0001225
1642.0,0.0001254
1643.0,0.0001139
1644.0,0.0001251
1645.0,0.0001185
1646.0,0.0001134
1647.0,0.000126
1648.0,0.0001126
1649.0,0.0001213
1650.0,0.0001223
1651.0,0.0001086
1652.0,0.00012
1653.0,0.0001214
1654.0,0.0001111
1655.0,0.0001207
1656.0,0.0001168
1657.0,0.0001181
1658.0,0.0001207
1659.0,0.0001192
1660.0,0.0001199
1661.0,0.0001189
1662.0,0.000114
1663.0,0.0001183
1664.0,0.0001165
1665.0,0.0001065
1666.0,8.235e-05
1667.0,0.000105
1668.0,0.0001116
1669.0,0.0001121
1670.0,0.0001145
1671.0,0.0001103
1672.0,0.0001093
1673.0,0.0001119
1674.0,0.0001078
1675.0,0.0001062
1676.0,0.0001074
1677.0,0.0001063
1678.0,0.0001018
1679.0,0.0001061
1680.0,0.0001012
1681.0,9.632e-05
1682.0,0.0001033
1683.0,0.0001054
1684.0,9.35e-05
1685.0,0.000106
1686.0,0.0001054
1687.0,9.914e-05
1688.0,0.0001039
1689.0,0.0001027
1690.0,0.0001016
1691.0,8.987e-05
1692.0,0.0001003
1693.0,0.0001041
1694.0,9.807e-05
1695.0,0.0001021
1696.0,0.0001022
1697.0,8.167e-05
1698.0,0.0001002
1699.0,9.878e-05
1700.0,9.487e-05
1702.0,9.7e-05
1705.0,9.221e-05
1710.0,8.605e-05
1715.0,8.548e-05
1720.0,8.396e-05
1725.0,7.605e-05
1730.0,7.471e-05
1735.0,6.883e-05
1740.0,6.877e-05
1745.0,6.376e-05
1750.0,6.712e-05
1755.0,6.067e-05
1760.0,6.273e-05
1765.0,4.968e-05
1770.0,5.249e-05
1775.0,4.093e-05
1780.0,3.433e-05
1785.0,2.524e-05
1790.0,2.901e-05
1795.0,1.397e-05
1800.0,9.611e-06
1805.0,3.815e-06
1810.0,2.476e-06
1815.0,7.166e-07
1820.0,1.793e-07
1825.0,2.339e-07
1830.0,5.702e-10
1835.0,8.634e-10
1840.0,5.038e-12
1845.0,5.387e-10
1850.0,2.432e-10
1855.0,2.324e-11
1860.0,1.332e-09
1865.0,1.856e-09
1870.0,1.016e-14
1875.0,1.835e-14
1880.0,9.775e-09
1885.0,5.209e-09
1890.0,2.857e-08
1895.0,1.658e-08
1900.0,7.086e-11
1905.0,4.826e-11
1910.0,2.338e-09
1915.0,2.277e-09
1920.0,5.973e-08
1925.0,1.403e-07
1930.0,8.104e-08
1935.0,6.177e-07
1940.0,6.134e-07
1945.0,2.527e-06
1950.0,4.913e-06
1955.0,4.381e-06
1960.0,7.705e-06
1965.0,1.123e-05
1970.0,1.584e-05
1975.0,1.786e-05
1980.0,1.784e-05
1985.0,1.918e-05
1990.0,1.975e-05
1995.0,2.079e-05
2000.0,2.198e-05
2005.0,1.8e-05
2010.0,2.689e-05
2015.0,2.019e-05
2020.0,2.17e-05
2025.0,2.387e-05
2030.0,2.143e-05
2035.0,2.376e-05
2040.0,2.22e-05
2045.0,2.275e-05
2050.0,2.316e-05
2055.0,2.176e-05
2060.0,2.076e-05
2065.0,2.101e-05
2070.0,2.049e-05
2075.0,2.11e-05
2080.0,2.036e-05
2085.0,2.004e-05
2090.0,2.015e-05
2095.0,1.93e-05
2100.0,1.762e-05
2105.0,1.91e-05
2110.0,1.798e-05
2115.0,1.844e-05
2120.0,1.694e-05
2125.0,1.716e-05
2130.0,1.734e-05
2135.0,1.734e-05
2140.0,1.736e-05
2145.0,1.701e-05
2150.0,1.55e-05
2155.0,1.538e-05
2160.0,1.512e-05
2165.0,1.361e-05
2170.0,1.449e-05
2175.0,1.386e-05
2180.0,1.423e-05
2185.0,1.243e-05
2190.0,1.347e-05
2195.0,1.318e-05
2200.0,1.112e-05
2205.0,1.187e-05
2210.0,1.309e-05
2215.0,1.224e-05
2220.0,1.243e-05
2225.0,1.189e-05
2230.0,1.186e-05
2235.0,1.14e-05
2240.0,1.116e-05
2245.0,1.05e-05
2250.0,1.077e-05
2255.0,9.758e-06
2260.0,9.499e-06
2265.0,9.765e-06
2270.0,8.964e-06
2275.0,8.732e-06
2280.0,9.224e-06
2285.0,8.423e-06
2290.0,8.365e-06
2295.0,8.056e-06
2300.0,7.498e-06
2305.0,7.514e-06
2310.0,8.414e-06
2315.0,7.263e-06
2320.0,6.231e-06
2325.0,7.081e-06
2330.0,6.956e-06
2335.0,7.108e-06
2340.0,5.301e-06
2345.0,5.974e-06
2350.0,4.646e-06
2355.0,5.389e-06
2360.0,5.714e-06
2365.0,5.646e-06
2370.0,3.166e-06
2375.0,4.812e-06
2380.0,4.58e-06
2385.0,3.195e-06
2390.0,3.799e-06
2395.0,4.17e-06
2400.0,4.553e-06
2405.0,3.395e-06
2410.0,3.376e-06
2415.0,2.653e-06
2420.0,2.552e-06
2425.0,3.202e-06
2430.0,4.387e-06
2435.0,1.342e-06
2440.0,4.22e-06
2445.0,1.885e-06
2450.0,1.184e-06
2455.0,2.258e-06
2460.0,3.032e-06
2465.0,2.116e-06
2470.0,1.397e-06
2475.0,1.353e-06
2480.0,6.328e-07
2485.0,4.121e-07
2490.0,2.37e-07
2495.0,2.05e-07
2500.0,5.086e-07
2505.0,1.034e-07
2510.0,1.52e-07
2515.0,3.22e-08
2520.0,1.81e-08
2525.0,2.065e-09
2530.0,1.437e-11
2535.0,3.178e-12
2540.0,7.541e-12
2545.0,5.848e-16
2550.0,2.371e-18
2555.0,1.138e-14
2560.0,3.416e-16
2565.0,7.646e-20
2570.0,2.277e-24
2575.0,1.44e-34
2580.0,1.502e-28
2585.0,3.139e-42
2590.0,1.958e-38
2595.0,3.811e-40
2600.0,3.137e-35
2605.0,3.467e-42
2610.0,1.1929999999999998e-41
2615.0,1.4009999999999999e-45
2620.0,1.052e-35
2625.0,1.926e-35
2630.0,0.0
2635.0,1.0030000000000001e-21
2640.0,2.1709999999999996e-22
2645.0,9.463e-25
2650.0,9.426000000000001e-26
2655.0,1.134e-34
2660.0,9.544e-32
2665.0,8.408e-45
2670.0,0.0
2675.0,4.624e-44
2680.0,1.935e-30
2685.0,1.8490000000000001e-31
2690.0,6.916e-31
2695.0,2.713e-33
2700.0,7.903999999999999e-29
2705.0,2.241e-26
2710.0,1.785e-31
2715.0,2.2539999999999997e-29
2720.0,0.0
2725.0,5.047e-27
2730.0,1.471e-24
2735.0,1.678e-26
2740.0,3.0310000000000003e-32
2745.0,3.908e-27
2750.0,2.19e-26
2755.0,3.524e-28
2760.0,5.2789999999999996e-23
2765.0,2.478e-29
2770.0,1.2180000000000001e-26
2775.0,1.503e-23
2780.0,6.998e-21
2785.0,2.6280000000000002e-20
2790.0,5.991e-18
2795.0,1.318e-18
2800.0,4.209e-15
2805.0,7.867e-17
2810.0,3.155e-13
2815.0,9.41e-14
2820.0,1.15e-15
2825.0,1.009e-11
2830.0,2.193e-10
2835.0,3.021e-15
2840.0,6.464e-12
2845.0,2.237e-09
2850.0,3.872e-11
2855.0,1.547e-11
2860.0,8.041e-10
2865.0,5.929e-09
2870.0,1.504e-10
2875.0,1.443e-08
2880.0,9.094e-09
2885.0,1.498e-08
2890.0,6.368e-09
2895.0,1.085e-07
2900.0,3.025e-08
2905.0,3.502e-09
2910.0,1.107e-07
2915.0,4.699e-08
2920.0,1.166e-07
2925.0,4.156e-08
2930.0,2.516e-07
2935.0,2.774e-07
2940.0,6.21e-08
2945.0,5.333e-08
2950.0,2.152e-07
2955.0,9.585e-08
2960.0,1.902e-07
2965.0,3.219e-07
2970.0,1.262e-08
2975.0,3.195e-08
2980.0,4.972e-08
2985.0,2.925e-07
2990.0,4.431e-07
2995.0,1.683e-07
3000.0,3.199e-07
3005.0,1.089e-07
3010.0,2.8e-07
3015.0,2.171e-07
3020.0,1.962e-08
3025.0,2.991e-07
3030.0,2.356e-07
3035.0,8.958e-08
3040.0,7.001e-08
3045.0,1.504e-07
3050.0,3.408e-08
3055.0,8.338e-09
3060.0,2.34e-07
3065.0,9.909e-08
3070.0,5.568e-08
3075.0,2.182e-07
3080.0,1.267e-07
3085.0,5.597e-08
3090.0,7.61e-08
3095.0,1.872e-08
3100.0,1.521e-07
3105.0,2.85e-08
3110.0,2.386e-08
3115.0,7.159e-08
3120.0,3.507e-07
3125.0,1.03e-07
3130.0,2.046e-07
3135.0,4.1e-07
3140.0,1.09e-07
3145.0,1.069e-07
3150.0,2.255e-07
3155.0,1.898e-07
3160.0,3.148e-07
3165.0,4.944e-07
3170.0,4.378e-07
3175.0,3.074e-07
3180.0,3.628e-07
3185.0,2.538e-07
3190.0,1.33e-07
3195.0,7.384e-08
3200.0,1.042e-08
3205.0,6.808e-09
3210.0,2.837e-09
3215.0,1.153e-08
3220.0,4.048e-08
3225.0,4.656e-09
3230.0,7.732e-09
3235.0,2.167e-07
3240.0,9.852e-08
3245.0,1.87e-08
3250.0,6.898e-08
3255.0,2.955e-07
3260.0,2.951e-08
3265.0,6.388e-08
3270.0,3.008e-08
3275.0,1.815e-07
3280.0,7.71e-08
3285.0,3.34e-07
3290.0,2.512e-07
3295.0,3.091e-08
3300.0,4.594e-08
3305.0,1.055e-07
3310.0,1.002e-07
3315.0,1.452e-10
3320.0,9.148e-10
3325.0,8.412e-08
3330.0,1.278e-07
3335.0,2.473e-07
3340.0,9.111e-08
3345.0,8.848e-08
3350.0,2.205e-07
3355.0,8.95e-08
3360.0,1.374e-07
3365.0,1.937e-07
3370.0,9.381e-08
3375.0,2.275e-07
3380.0,1.235e-07
3385.0,1.957e-07
3390.0,2.571e-07
3395.0,2.493e-07
3400.0,3.37e-07
3405.0,1.029e-07
3410.0,1.808e-07
3415.0,1.756e-07
3420.0,3.513e-07
3425.0,2.508e-07
3430.0,2.115e-07
3435.0,3.013e-07
3440.0,1.925e-07
3445.0,2.868e-07
3450.0,2.797e-07
3455.0,1.994e-07
3460.0,3.186e-07
3465.0,2.35e-07
3470.0,3.076e-07
3475.0,2.661e-07
3480.0,2.724e-07
3485.0,2.966e-07
3490.0,2.468e-07
3495.0,2.975e-07
3500.0,2.871e-07
3505.0,2.832e-07
3510.0,2.863e-07
3515.0,2.714e-07
3520.0,2.882e-07
3525.0,2.674e-07
3530.0,2.579e-07
3535.0,2.101e-07
3540.0,1.985e-07
3545.0,2.098e-07
3550.0,2.367e-07
3555.0,1.98e-07
3560.0,2.415e-07
3565.0,2.403e-07
3570.0,1.806e-07
3575.0,1.861e-07
3580.0,2.242e-07
3585.0,1.95e-07
3590.0,2.036e-07
3595.0,2.083e-07
3600.0,2.224e-07
3605.0,2.21e-07
3610.0,1.998e-07
3615.0,2.004e-07
3620.0,2.507e-07
3625.0,2.124e-07
3630.0,2.068e-07
3635.0,2.128e-07
3640.0,2.411e-07
3645.0,2.15e-07
3650.0,2.042e-07
3655.0,2.237e-07
3660.0,2.217e-07
3665.0,2.023e-07
3670.0,1.518e-07
3675.0,8.597e-08
3680.0,1.568e-07
3685.0,1.805e-07
3690.0,1.858e-07
3695.0,1.949e-07
3700.0,2.122e-07
3705.0,2.077e-07
3710.0,1.755e-07
3715.0,1.726e-07
3720.0,1.979e-07
3725.0,2.032e-07
3730.0,1.717e-07
3735.0,1.545e-07
3740.0,1.59e-07
3745.0,1.89e-07
3750.0,1.687e-07
3755.0,1.62e-07
3760.0,1.582e-07
3765.0,1.515e-07
3770.0,1.634e-07
3775.0,1.606e-07
3780.0,1.709e-07
3785.0,1.535e-07
3790.0,1.328e-07
3795.0,1.543e-07
3800.0,1.753e-07
3805.0,1.623e-07
3810.0,1.402e-07
3815.0,1.3e-07
3820.0,1.677e-07
3825.0,1.631e-07
3830.0,1.653e-07
3835.0,1.256e-07
3840.0,1.509e-07
3845.0,1.456e-07
3850.0,1.461e-07
3855.0,1.383e-07
3860.0,1.268e-07
3865.0,1.273e-07
3870.0,1.131e-07
3875.0,1.011e-07
3880.0,9.683e-08
3885.0,1.003e-07
3890.0,1.015e-07
3895.0,1.124e-07
3900.0,1.204e-07
3905.0,1.194e-07
3910.0,1.045e-07
3915.0,1.011e-07
3920.0,1.006e-07
3925.0,9.826e-08
3930.0,1.016e-07
3935.0,1.062e-07
3940.0,1.073e-07
3945.0,1.091e-07
3950.0,1.107e-07
3955.0,1.117e-07
3960.0,1.124e-07
3965.0,1.131e-07
3970.0,1.111e-07
3975.0,1.073e-07
3980.0,1.05e-07
3985.0,1.051e-07
3990.0,1.03e-07
3995.0,9.999e-08
4000.0,9.519e-08
