interpolation:linear
wavelength,value
280.0,3.0269999999999996e-23
280.5,1.026e-21
281.0,5.578e-21
281.5,1.827e-19
282.0,4.609e-19
282.5,1.047e-18
283.0,3.204e-18
283.5,5.195e-18
284.0,8.492e-17
284.5,2.497e-16
285.0,1.076e-15
285.5,3.499e-15
286.0,1.318e-14
286.5,5.435e-14
287.0,1.506e-13
287.5,5.645e-13
288.0,1.578e-12
288.5,4.46e-12
289.0,1.147e-11
289.5,3.396e-11
290.0,9.378e-11
290.5,1.914e-10
291.0,4.121e-10
291.5,1.19e-09
292.0,2.435e-09
292.5,3.381e-09
293.0,7.164e-09
293.5,1.719e-08
294.0,2.679e-08
294.5,3.105e-08
295.0,5.214e-08
295.5,8.807e-08
296.0,1.638e-07
296.5,2.205e-07
297.0,2.884e-07
297.5,7.333e-07
298.0,1.1e-06
298.5,1.063e-06
299.0,2.249e-06
299.5,3.457e-06
300.0,3.632e-06
300.5,5.01e-06
301.0,8.352e-06
301.5,1.231e-05
302.0,1.01e-05
302.5,1.886e-05
303.0,3.185e-05
303.5,3.894e-05
304.0,3.669e-05
304.5,5.556e-05
305.0,8.71e-05
305.5,0.0001025
306.0,0.0001004
306.5,0.0001277
307.0,0.0002001
307.5,0.0002824
308.0,0.0003012
308.5,0.0003674
309.0,0.0003533
309.5,0.0005012
310.0,0.0005567
310.5,0.0009478
311.0,0.001292
311.5,0.001293
312.0,0.00155
312.5,0.00213
313.0,0.002463
313.5,0.002252
314.0,0.003262
314.5,0.003526
315.0,0.004799
315.5,0.00364
316.0,0.003738
316.5,0.006181
317.0,0.007649
317.5,0.007637
318.0,0.006561
318.5,0.009825
319.0,0.01282
319.5,0.008953
320.0,0.01056
320.5,0.01603
321.0,0.01702
321.5,0.01659
322.0,0.01462
322.5,0.01283
323.0,0.01444
323.5,0.02252
324.0,0.02695
324.5,0.02559
325.0,0.01851
325.5,0.02632
326.0,0.03776
326.5,0.04099
327.0,0.03961
327.5,0.03678
328.0,0.02924
328.5,0.03516
329.0,0.04664
329.5,0.05457
330.0,0.05364
330.5,0.03961
331.0,0.03923
331.5,0.04228
332.0,0.04968
332.5,0.05101
333.0,0.04972
333.5,0.04224
334.0,0.04279
334.5,0.05296
335.0,0.0518
335.5,0.06193
336.0,0.04282
336.5,0.04793
337.0,0.03814
337.5,0.04688
338.0,0.04848
338.5,0.05771
339.0,0.0573
339.5,0.05494
340.0,0.0626
340.5,0.05671
341.0,0.05674
341.5,0.05243
342.0,0.06274
342.5,0.05878
343.0,0.0643
343.5,0.06032
344.0,0.04337
344.5,0.04473
345.0,0.05962
345.5,0.06104
346.0,0.05197
346.5,0.05889
347.0,0.06293
347.5,0.05077
348.0,0.05811
348.5,0.05821
349.0,0.05403
349.5,0.05343
350.0,0.06606
350.5,0.06962
351.0,0.06199
351.5,0.05984
352.0,0.06447
352.5,0.05042
353.0,0.06358
353.5,0.06803
354.0,0.07064
354.5,0.07158
355.0,0.07121
355.5,0.06433
356.0,0.0673
356.5,0.05742
357.0,0.04739
357.5,0.05799
358.0,0.04594
358.5,0.03924
359.0,0.05481
359.5,0.06965
360.0,0.07382
360.5,0.059
361.0,0.05378
361.5,0.0619
362.0,0.0535
362.5,0.07399
363.0,0.06641
363.5,0.06111
364.0,0.07468
364.5,0.06377
365.0,0.06488
365.5,0.08136
366.0,0.08614
366.5,0.08088
367.0,0.0787
367.5,0.0816
368.0,0.07134
368.5,0.0719
369.0,0.07758
369.5,0.08262
370.0,0.08801
370.5,0.06825
371.0,0.07286
371.5,0.09107
372.0,0.06038
372.5,0.07233
373.0,0.07351
373.5,0.04778
374.0,0.06935
374.5,0.05738
375.0,0.05572
375.5,0.08311
376.0,0.06883
376.5,0.07125
377.0,0.07537
377.5,0.08808
378.0,0.09538
378.5,0.09005
379.0,0.07423
379.5,0.06773
380.0,0.07034
380.5,0.0851
381.0,0.08519
381.5,0.06746
382.0,0.05984
382.5,0.05096
383.0,0.04712
383.5,0.04534
384.0,0.04996
384.5,0.0734
385.0,0.07271
385.5,0.06763
386.0,0.05786
386.5,0.07591
387.0,0.063
387.5,0.07068
388.0,0.06518
388.5,0.06435
389.0,0.06938
389.5,0.08393
390.0,0.08413
390.5,0.07733
391.0,0.09091
391.5,0.09261
392.0,0.0779
392.5,0.06966
393.0,0.03871
393.5,0.0281
394.0,0.05712
394.5,0.07253
395.0,0.08838
395.5,0.08967
396.0,0.07764
396.5,0.04533
397.0,0.03398
397.5,0.06901
398.0,0.09651
398.5,0.09962
399.0,0.1077
399.5,0.1072
400.0,0.1112
401.0,0.1095
402.0,0.1152
403.0,0.1091
404.0,0.1071
405.0,0.1068
406.0,0.1048
407.0,0.1027
408.0,0.1063
409.0,0.1134
410.0,0.09881
411.0,0.1067
412.0,0.1143
413.0,0.1111
414.0,0.1121
415.0,0.112
416.0,0.1135
417.0,0.1103
418.0,0.1079
419.0,0.1089
420.0,0.1081
421.0,0.1126
422.0,0.1066
423.0,0.1037
424.0,0.1092
425.0,0.1085
426.0,0.1053
427.0,0.103
428.0,0.1
429.0,0.09445
430.0,0.08234
431.0,0.08125
432.0,0.1044
433.0,0.1045
434.0,0.09668
435.0,0.1006
436.0,0.1129
437.0,0.111
438.0,0.1005
439.0,0.1034
440.0,0.1061
441.0,0.1093
442.0,0.1167
443.0,0.1131
444.0,0.1152
445.0,0.1123
446.0,0.1069
447.0,0.1152
448.0,0.1163
449.0,0.1162
450.0,0.1187
451.0,0.1225
452.0,0.1176
453.0,0.1102
454.0,0.1145
455.0,0.1146
456.0,0.1166
457.0,0.1178
458.0,0.1129
459.0,0.1115
460.0,0.111
461.0,0.1128
462.0,0.1132
463.0,0.1121
464.0,0.11
465.0,0.1084
466.0,0.109
467.0,0.1064
468.0,0.107
469.0,0.1068
470.0,0.1028
471.0,0.1022
472.0,0.1072
473.0,0.1053
474.0,0.1049
475.0,0.105
476.0,0.101
477.0,0.1004
478.0,0.1023
479.0,0.1007
480.0,0.09997
481.0,0.101
482.0,0.1009
483.0,0.09922
484.0,0.0969
485.0,0.09214
486.0,0.08037
487.0,0.08393
488.0,0.09158
489.0,0.09127
490.0,0.09538
491.0,0.09312
492.0,0.08742
493.0,0.08981
494.0,0.09024
495.0,0.09052
496.0,0.09047
497.0,0.09114
498.0,0.08607
499.0,0.08628
500.0,0.08289
501.0,0.08049
502.0,0.07844
503.0,0.08075
504.0,0.07788
505.0,0.08017
506.0,0.08232
507.0,0.07801
508.0,0.07537
509.0,0.07729
510.0,0.07665
511.0,0.07838
512.0,0.07879
513.0,0.07408
514.0,0.07306
515.0,0.07182
516.0,0.07116
517.0,0.06282
518.0,0.06562
519.0,0.06838
520.0,0.07036
521.0,0.07049
522.0,0.06996
523.0,0.06822
524.0,0.06993
525.0,0.06999
526.0,0.06617
527.0,0.06164
528.0,0.06447
529.0,0.06729
530.0,0.0657
531.0,0.06605
532.0,0.06325
533.0,0.06097
534.0,0.06239
535.0,0.06342
536.0,0.06367
537.0,0.06083
538.0,0.06153
539.0,0.0606
540.0,0.05766
541.0,0.05754
542.0,0.05881
543.0,0.05772
544.0,0.05824
545.0,0.05766
546.0,0.05746
547.0,0.05704
548.0,0.05598
549.0,0.05578
550.0,0.05605
551.0,0.05498
552.0,0.05498
553.0,0.0536
554.0,0.05446
555.0,0.05414
556.0,0.05299
557.0,0.05089
558.0,0.05
559.0,0.04856
560.0,0.04867
561.0,0.0488
562.0,0.04794
563.0,0.04876
564.0,0.04701
565.0,0.0462
566.0,0.04514
567.0,0.04559
568.0,0.04476
569.0,0.04325
570.0,0.04291
571.0,0.04234
572.0,0.04295
573.0,0.0431
574.0,0.0427
575.0,0.04166
576.0,0.04109
577.0,0.04138
578.0,0.04063
579.0,0.0407
580.0,0.0414
581.0,0.04153
582.0,0.04221
583.0,0.0422
584.0,0.04243
585.0,0.04122
586.0,0.04017
587.0,0.04079
588.0,0.03945
589.0,0.03451
590.0,0.03588
591.0,0.03786
592.0,0.03701
593.0,0.03735
594.0,0.03671
595.0,0.03539
596.0,0.03667
597.0,0.03589
598.0,0.03553
599.0,0.03528
600.0,0.0351
601.0,0.03462
602.0,0.03419
603.0,0.0346
604.0,0.03503
605.0,0.03473
606.0,0.03451
607.0,0.0348
608.0,0.03437
609.0,0.03438
610.0,0.0341
611.0,0.03425
612.0,0.03411
613.0,0.03363
614.0,0.03313
615.0,0.0338
616.0,0.03263
617.0,0.0325
618.0,0.03367
619.0,0.03325
620.0,0.03336
621.0,0.03327
622.0,0.03276
623.0,0.03215
624.0,0.03149
625.0,0.03131
626.0,0.03167
627.0,0.03187
628.0,0.02911
629.0,0.03072
630.0,0.02989
631.0,0.03067
632.0,0.03025
633.0,0.03117
634.0,0.03085
635.0,0.03128
636.0,0.03082
637.0,0.03128
638.0,0.03155
639.0,0.03115
640.0,0.0308
641.0,0.03072
642.0,0.03053
643.0,0.03087
644.0,0.03072
645.0,0.03065
646.0,0.02977
647.0,0.02917
648.0,0.02912
649.0,0.02843
650.0,0.02868
651.0,0.02986
652.0,0.02833
653.0,0.02929
654.0,0.02888
655.0,0.02761
656.0,0.02446
657.0,0.02506
658.0,0.02806
659.0,0.0282
660.0,0.02824
661.0,0.02837
662.0,0.02831
663.0,0.02767
664.0,0.02796
665.0,0.02793
666.0,0.02788
667.0,0.0278
668.0,0.02775
669.0,0.02811
670.0,0.0279
671.0,0.02782
672.0,0.02752
673.0,0.02787
674.0,0.02768
675.0,0.02735
676.0,0.02745
677.0,0.0271
678.0,0.0271
679.0,0.02658
680.0,0.0267
681.0,0.02643
682.0,0.02629
683.0,0.02613
684.0,0.02589
685.0,0.02602
686.0,0.02576
687.0,0.0155
688.0,0.01854
689.0,0.01856
690.0,0.01962
691.0,0.02089
692.0,0.02187
693.0,0.02161
694.0,0.02142
695.0,0.02248
696.0,0.02245
697.0,0.02406
698.0,0.02359
699.0,0.02273
700.0,0.02236
701.0,0.02196
702.0,0.02211
703.0,0.0221
704.0,0.02284
705.0,0.02276
706.0,0.0227
707.0,0.02264
708.0,0.02259
709.0,0.02261
710.0,0.02246
711.0,0.02238
712.0,0.02228
713.0,0.02191
714.0,0.0219
715.0,0.02102
716.0,0.02092
717.0,0.01742
718.0,0.01587
719.0,0.0144
720.0,0.015
721.0,0.01681
722.0,0.01961
723.0,0.01796
724.0,0.01586
725.0,0.0155
726.0,0.0162
727.0,0.01648
728.0,0.01526
729.0,0.01596
730.0,0.01679
731.0,0.01595
732.0,0.01723
733.0,0.01837
734.0,0.0188
735.0,0.01828
736.0,0.01816
737.0,0.01816
738.0,0.01854
739.0,0.0181
740.0,0.01854
741.0,0.0183
742.0,0.01827
743.0,0.01864
744.0,0.01852
745.0,0.01845
746.0,0.01845
747.0,0.01841
748.0,0.01828
749.0,0.018
750.0,0.01792
751.0,0.01768
752.0,0.0177
753.0,0.01772
754.0,0.0177
755.0,0.01753
756.0,0.01746
757.0,0.01741
758.0,0.01711
759.0,0.01656
760.0,0.002454
761.0,0.001307
762.0,0.007359
763.0,0.003657
764.0,0.005443
765.0,0.007256
766.0,0.009052
767.0,0.0118
768.0,0.01416
769.0,0.01456
770.0,0.01521
771.0,0.01536
772.0,0.01535
773.0,0.01538
774.0,0.01523
775.0,0.01503
776.0,0.01514
777.0,0.01486
778.0,0.01469
779.0,0.01462
780.0,0.01448
781.0,0.01444
782.0,0.01448
783.0,0.01418
784.0,0.0142
785.0,0.01404
786.0,0.01414
787.0,0.01375
788.0,0.01349
789.0,0.01343
790.0,0.01291
791.0,0.01308
792.0,0.01294
793.0,0.01267
794.0,0.01294
795.0,0.01308
796.0,0.01247
797.0,0.01242
798.0,0.01288
799.0,0.01271
800.0,0.0124
801.0,0.01227
802.0,0.01217
803.0,0.012
804.0,0.01198
805.0,0.01193
806.0,0.01229
807.0,0.01206
808.0,0.01201
809.0,0.01167
810.0,0.01148
811.0,0.01139
812.0,0.01088
813.0,0.01058
814.0,0.00904
815.0,0.008957
816.0,0.008228
817.0,0.008348
818.0,0.007966
819.0,0.009043
820.0,0.008427
821.0,0.01013
822.0,0.009747
823.0,0.006206
824.0,0.009293
825.0,0.009814
826.0,0.009298
827.0,0.009894
828.0,0.008067
829.0,0.009161
830.0,0.008992
831.0,0.008985
832.0,0.008618
833.0,0.009281
834.0,0.008842
835.0,0.009892
836.0,0.009265
837.0,0.009831
838.0,0.009416
839.0,0.009589
840.0,0.009776
841.0,0.00956
842.0,0.009586
843.0,0.009594
844.0,0.009388
845.0,0.009697
846.0,0.009619
847.0,0.00941
848.0,0.009281
849.0,0.008971
850.0,0.008552
851.0,0.008978
852.0,0.00888
853.0,0.008524
854.0,0.007311
855.0,0.008025
856.0,0.008727
857.0,0.008906
858.0,0.008802
859.0,0.008787
860.0,0.008776
861.0,0.008695
862.0,0.008807
863.0,0.008986
864.0,0.008508
865.0,0.008405
866.0,0.007529
867.0,0.007828
868.0,0.008486
869.0,0.008279
870.0,0.008483
871.0,0.008333
872.0,0.008272
873.0,0.008222
874.0,0.00809
875.0,0.00789
876.0,0.007936
877.0,0.007985
878.0,0.008033
879.0,0.007876
880.0,0.007675
881.0,0.007516
882.0,0.007642
883.0,0.007645
884.0,0.007572
885.0,0.007592
886.0,0.007171
887.0,0.007244
888.0,0.007304
889.0,0.007384
890.0,0.007251
891.0,0.00723
892.0,0.006949
893.0,0.006656
894.0,0.006295
895.0,0.00581
896.0,0.005397
897.0,0.0045
898.0,0.004943
899.0,0.003615
900.0,0.005088
901.0,0.003782
902.0,0.004546
903.0,0.004532
904.0,0.005984
905.0,0.005719
906.0,0.005287
907.0,0.004088
908.0,0.004196
909.0,0.004592
910.0,0.003934
911.0,0.00427
912.0,0.004446
913.0,0.003942
914.0,0.003911
915.0,0.004231
916.0,0.003526
917.0,0.004601
918.0,0.003585
919.0,0.004678
920.0,0.004799
921.0,0.004982
922.0,0.004339
923.0,0.004784
924.0,0.004389
925.0,0.004274
926.0,0.004295
927.0,0.004874
928.0,0.003335
929.0,0.002989
930.0,0.002268
931.0,0.002132
932.0,0.001489
933.0,0.001194
934.0,0.0006379
935.0,0.001217
936.0,0.0007445
937.0,0.000751
938.0,0.0009233
939.0,0.001993
940.0,0.002431
941.0,0.001779
942.0,0.00207
943.0,0.001322
944.0,0.001409
945.0,0.001809
946.0,0.0008846
947.0,0.001796
948.0,0.001305
949.0,0.002445
950.0,0.000633
951.0,0.002389
952.0,0.001227
953.0,0.001606
954.0,0.002002
955.0,0.001619
956.0,0.001602
957.0,0.001205
958.0,0.002307
959.0,0.001765
960.0,0.001981
961.0,0.00226
962.0,0.002126
963.0,0.002496
964.0,0.002258
965.0,0.002459
966.0,0.002454
967.0,0.002425
968.0,0.003496
969.0,0.003607
970.0,0.003268
971.0,0.003865
972.0,0.00364
973.0,0.003035
974.0,0.002861
975.0,0.002983
976.0,0.002763
977.0,0.003278
978.0,0.00304
979.0,0.003204
980.0,0.002978
981.0,0.003698
982.0,0.003477
983.0,0.003297
984.0,0.003833
985.0,0.003417
986.0,0.003913
987.0,0.003786
988.0,0.003769
989.0,0.003883
990.0,0.00371
991.0,0.003848
992.0,0.003863
993.0,0.003728
994.0,0.003842
995.0,0.003831
996.0,0.003793
997.0,0.00379
998.0,0.003756
999.0,0.003731
1000.0,0.00368
1001.0,0.003725
1002.0,0.003558
1003.0,0.003629
1004.0,0.003513
1005.0,0.003389
1006.0,0.0035
1007.0,0.003564
1008.0,0.003523
1009.0,0.003482
1010.0,0.00345
1011.0,0.003494
1012.0,0.003442
1013.0,0.003463
1014.0,0.003426
1015.0,0.003389
1016.0,0.00336
1017.0,0.003353
1018.0,0.003334
1019.0,0.003232
1020.0,0.003288
1021.0,0.003274
1022.0,0.00323
1023.0,0.003251
1024.0,0.003179
1025.0,0.003231
1026.0,0.0032
1027.0,0.003181
1028.0,0.003162
1029.0,0.003111
1030.0,0.003127
1031.0,0.0031
1032.0,0.003081
1033.0,0.003023
1034.0,0.003012
1035.0,0.00301
1036.0,0.003012
1037.0,0.002953
1038.0,0.002954
1039.0,0.002941
1040.0,0.002917
1041.0,0.002916
1042.0,0.002885
1043.0,0.002864
1044.0,0.002863
1045.0,0.002812
1046.0,0.002768
1047.0,0.002782
1048.0,0.002786
1049.0,0.002765
1050.0,0.002741
1051.0,0.002725
1052.0,0.002702
1053.0,0.002669
1054.0,0.002664
1055.0,0.002653
1056.0,0.002631
1057.0,0.002611
1058.0,0.002535
1059.0,0.002526
1060.0,0.002512
1061.0,0.002498
1062.0,0.0025
1063.0,0.002464
1064.0,0.002485
1065.0,0.002452
1066.0,0.0024
1067.0,0.00242
1068.0,0.002355
1069.0,0.002277
1070.0,0.002342
1071.0,0.002383
1072.0,0.002337
1073.0,0.002297
1074.0,0.002364
1075.0,0.002207
1076.0,0.002342
1077.0,0.002276
1078.0,0.002216
1079.0,0.002287
1080.0,0.002212
1081.0,0.002122
1082.0,0.002174
1083.0,0.002181
1084.0,0.002084
1085.0,0.002182
1086.0,0.001938
1087.0,0.002027
1088.0,0.002134
1089.0,0.002027
1090.0,0.00196
1091.0,0.002096
1092.0,0.002087
1093.0,0.001686
1094.0,0.001887
1095.0,0.001748
1096.0,0.001649
1097.0,0.002005
1098.0,0.001602
1099.0,0.001673
1100.0,0.001523
1101.0,0.001548
1102.0,0.001456
1103.0,0.001424
1104.0,0.001424
1105.0,0.001592
1106.0,0.001132
1107.0,0.001486
1108.0,0.001204
1109.0,0.001204
1110.0,0.001443
1111.0,0.000908
1112.0,0.001184
1113.0,0.0007009
1114.0,0.0007831
1115.0,0.0006403
1116.0,0.0004956
1117.0,0.0001739
1118.0,0.000538
1119.0,0.0002576
1120.0,0.0003228
1121.0,0.0004305
1122.0,0.0001761
1123.0,0.0002886
1124.0,0.0002425
1125.0,0.0003171
1126.0,0.0001065
1127.0,0.0003558
1128.0,0.0002076
1129.0,0.0002199
1130.0,0.0001432
1131.0,0.0006881
1132.0,0.0005314
1133.0,0.0003264
1134.0,8.053e-05
1135.0,3.017e-05
1136.0,0.0002672
1137.0,0.0006586
1138.0,0.0004572
1139.0,0.0007111
1140.0,0.0005785
1141.0,0.0004301
1142.0,0.0004976
1143.0,0.0007221
1144.0,0.0002385
1145.0,0.0003018
1146.0,0.0003244
1147.0,0.0001105
1148.0,0.000609
1149.0,0.0004761
1150.0,0.0002529
1151.0,0.0004338
1152.0,0.000541
1153.0,0.0005316
1154.0,0.000284
1155.0,0.0007032
1156.0,0.0006233
1157.0,0.0007155
1158.0,0.0007049
1159.0,0.0007653
1160.0,0.000646
1161.0,0.0008216
1162.0,0.0008191
1163.0,0.001173
1164.0,0.0009751
1165.0,0.0008983
1166.0,0.0009027
1167.0,0.0009926
1168.0,0.0009997
1169.0,0.001026
1170.0,0.001133
1171.0,0.001098
1172.0,0.001129
1173.0,0.001119
1174.0,0.0007505
1175.0,0.001099
1176.0,0.001238
1177.0,0.001162
1178.0,0.0008273
1179.0,0.001234
1180.0,0.001061
1181.0,0.001095
1182.0,0.0007069
1183.0,0.001078
1184.0,0.0009879
1185.0,0.0009377
1186.0,0.001157
1187.0,0.001082
1188.0,0.0007008
1189.0,0.0009972
1190.0,0.001118
1191.0,0.00103
1192.0,0.001131
1193.0,0.001067
1194.0,0.001105
1195.0,0.001023
1196.0,0.000971
1197.0,0.001104
1198.0,0.0009964
1199.0,0.0008057
1200.0,0.001033
1201.0,0.000977
1202.0,0.0009811
1203.0,0.0009629
1204.0,0.0008197
1205.0,0.001005
1206.0,0.001132
1207.0,0.0009592
1208.0,0.0009534
1209.0,0.0009697
1210.0,0.001018
1211.0,0.000953
1212.0,0.000917
1213.0,0.001058
1214.0,0.0009409
1215.0,0.0009183
1216.0,0.001048
1217.0,0.001009
1218.0,0.001032
1219.0,0.001011
1220.0,0.001027
1221.0,0.001042
1222.0,0.001006
1223.0,0.0009896
1224.0,0.0009713
1225.0,0.001019
1226.0,0.00103
1227.0,0.000923
1228.0,0.001032
1229.0,0.00102
1230.0,0.0009954
1231.0,0.001034
1232.0,0.001024
1233.0,0.0009679
1234.0,0.001028
1235.0,0.001014
1236.0,0.001021
1237.0,0.0009973
1238.0,0.001011
1239.0,0.000995
1240.0,0.0009967
1241.0,0.0009834
1242.0,0.0009828
1243.0,0.0009719
1244.0,0.0009738
1245.0,0.0009758
1246.0,0.0009673
1247.0,0.0009589
1248.0,0.0009524
1249.0,0.0009548
1250.0,0.0009443
1251.0,0.0009259
1252.0,0.0009274
1253.0,0.0009094
1254.0,0.000892
1255.0,0.0009157
1256.0,0.0008735
1257.0,0.0008633
1258.0,0.0008873
1259.0,0.0008326
1260.0,0.0008368
1261.0,0.0007657
1262.0,0.0007303
1263.0,0.000729
1264.0,0.000651
1265.0,0.0007203
1266.0,0.0006787
1267.0,0.0006969
1268.0,0.000646
1269.0,0.0003607
1270.0,0.0006849
1271.0,0.0007441
1272.0,0.0007457
1273.0,0.0007332
1274.0,0.0007365
1275.0,0.0007485
1276.0,0.0007577
1277.0,0.0007662
1278.0,0.0007869
1279.0,0.000778
1280.0,0.0007654
1281.0,0.0007325
1282.0,0.0007107
1283.0,0.0007616
1284.0,0.0007761
1285.0,0.0007802
1286.0,0.0007921
1287.0,0.0007703
1288.0,0.0007702
1289.0,0.0007301
1290.0,0.000759
1291.0,0.0007698
1292.0,0.0006983
1293.0,0.0007448
1294.0,0.0007362
1295.0,0.0007224
1296.0,0.0006753
1297.0,0.0006278
1298.0,0.0006926
1299.0,0.0007335
1300.0,0.0005871
1301.0,0.0006075
1302.0,0.0006839
1303.0,0.0005754
1304.0,0.0004675
1305.0,0.0006607
1306.0,0.0006551
1307.0,0.0004789
1308.0,0.0005701
1309.0,0.0006394
1310.0,0.0004628
1311.0,0.0005359
1312.0,0.0005189
1313.0,0.0004995
1314.0,0.0004355
1315.0,0.0004268
1316.0,0.000516
1317.0,0.0004819
1318.0,0.0005334
1319.0,0.0003906
1320.0,0.0003787
1321.0,0.000451
1322.0,0.0004505
1323.0,0.000321
1324.0,0.000378
1325.0,0.0004902
1326.0,0.0004074
1327.0,0.0003836
1328.0,0.0003226
1329.0,0.0002315
1330.0,0.0003077
1331.0,0.0001768
1332.0,0.0001829
1333.0,0.0002567
1334.0,0.0002207
1335.0,0.0003066
1336.0,0.0002357
1337.0,0.0002071
1338.0,0.0002234
1339.0,0.0002221
1340.0,0.0002169
1341.0,0.0002069
1342.0,0.0002176
1343.0,0.0001425
1344.0,8.5e-05
1345.0,0.0001221
1346.0,5.966e-05
1347.0,6.04e-05
1348.0,3.889e-06
1349.0,1.395e-05
1350.0,1.446e-05
1351.0,3.495e-06
1352.0,9.403e-07
1353.0,4.785e-08
1354.0,1.645e-07
1355.0,1.324e-09
1356.0,2.318e-08
1357.0,3.521e-08
1358.0,1.555e-09
1359.0,1.959e-10
1360.0,7.079e-10
1361.0,7.918e-13
1362.0,2.166e-15
1363.0,9.518e-10
1364.0,3.929e-10
1365.0,7.562e-16
1366.0,4.125e-09
1367.0,1.684e-09
1368.0,5.839e-18
1369.0,1.448e-10
1370.0,7.131e-11
1371.0,4.042e-12
1372.0,9.132e-10
1373.0,1.84e-08
1374.0,8.532e-08
1375.0,1.548e-07
1376.0,1.388e-07
1377.0,6.34e-08
1378.0,6.198e-07
1379.0,2.649e-08
1380.0,3.807e-08
1381.0,9.916e-10
1382.0,8.004e-10
1383.0,1.197e-11
1384.0,1.569e-10
1385.0,7.502e-10
1386.0,7.057e-10
1387.0,8.535e-08
1388.0,1.679e-09
1389.0,2.882e-07
1390.0,2.473e-07
1391.0,1.645e-07
1392.0,1.066e-08
1393.0,5.648e-08
1394.0,2.911e-08
1395.0,2.133e-10
1396.0,1.031e-12
1397.0,2.224e-08
1398.0,6.575e-07
1399.0,4.16e-07
1400.0,4.409e-13
1401.0,1.829e-12
1402.0,1.152e-06
1403.0,1.443e-06
1404.0,4.384e-07
1405.0,1.01e-10
1406.0,1.133e-06
1407.0,9.988e-08
1408.0,9.22e-07
1409.0,3.074e-07
1410.0,2.461e-07
1411.0,1.241e-06
1412.0,1.674e-06
1413.0,1.743e-05
1414.0,1.921e-07
1415.0,9.174e-08
1416.0,2.882e-05
1417.0,8.505e-06
1418.0,9.629e-06
1419.0,1.482e-06
1420.0,5.851e-06
1421.0,6.313e-06
1422.0,3.704e-05
1423.0,7.101e-06
1424.0,1.334e-05
1425.0,1.947e-05
1426.0,2.231e-05
1427.0,4.155e-05
1428.0,2.9e-06
1429.0,3.055e-05
1430.0,5.291e-05
1431.0,5.822e-05
1432.0,2.253e-06
1433.0,3.643e-05
1434.0,1.83e-05
1435.0,1.771e-05
1436.0,3.493e-05
1437.0,2.67e-05
1438.0,1.101e-05
1439.0,4.75e-05
1440.0,3.549e-05
1441.0,2.648e-05
1442.0,2.933e-05
1443.0,3.745e-05
1444.0,5.23e-05
1445.0,4.005e-05
1446.0,1.774e-05
1447.0,2.799e-05
1448.0,0.0001005
1449.0,8.617e-05
1450.0,2.064e-05
1451.0,8.116e-06
1452.0,5.032e-05
1453.0,6.643e-05
1454.0,0.0001192
1455.0,5.387e-05
1456.0,7.187e-05
1457.0,9.877e-05
1458.0,0.0001198
1459.0,0.0001416
1460.0,7.11e-05
1461.0,7.265e-05
1462.0,0.0001095
1463.0,3.366e-05
1464.0,0.0001323
1465.0,7.817e-05
1466.0,5.079e-05
1467.0,2.591e-05
1468.0,6.027e-05
1469.0,7.523e-05
1470.0,3.57e-05
1471.0,1.266e-05
1472.0,3.393e-05
1473.0,5.298e-05
1474.0,7.964e-05
1475.0,0.0001575
1476.0,5.287e-05
1477.0,5.268e-05
1478.0,4.952e-05
1479.0,9.784e-05
1480.0,4.509e-05
1481.0,9.208e-05
1482.0,4.429e-05
1483.0,0.0001216
1484.0,0.0001146
1485.0,0.0001005
1486.0,9.717e-05
1487.0,4.253e-05
1488.0,7.749e-05
1489.0,0.000161
1490.0,0.0001493
1491.0,0.0001717
1492.0,0.0001347
1493.0,0.0001518
1494.0,0.0001764
1495.0,0.0001535
1496.0,0.0001418
1497.0,0.0002081
1498.0,0.0001627
1499.0,0.0001934
1500.0,0.0002313
1501.0,0.0002418
1502.0,0.0002012
1503.0,0.0001641
1504.0,0.0001271
1505.0,0.0001577
1506.0,0.0002421
1507.0,0.0002304
1508.0,0.0002183
1509.0,0.0001576
1510.0,0.0002511
1511.0,0.0002386
1512.0,0.0002393
1513.0,0.0002118
1514.0,0.0001946
1515.0,0.0002452
1516.0,0.0002322
1517.0,0.0002227
1518.0,0.0002231
1519.0,0.0002148
1520.0,0.0002347
1521.0,0.0002583
1522.0,0.0002397
1523.0,0.0002613
1524.0,0.0002506
1525.0,0.0002337
1526.0,0.0002371
1527.0,0.0002359
1528.0,0.0002561
1529.0,0.0002412
1530.0,0.0002335
1531.0,0.000241
1532.0,0.0002542
1533.0,0.0002544
1534.0,0.0002486
1535.0,0.0002454
1536.0,0.0002508
1537.0,0.0002436
1538.0,0.0002474
1539.0,0.0002417
1540.0,0.0002431
1541.0,0.0002439
1542.0,0.0002396
1543.0,0.0002444
1544.0,0.0002399
1545.0,0.0002454
1546.0,0.00024
1547.0,0.0002368
1548.0,0.0002363
1549.0,0.0002382
1550.0,0.0002357
1551.0,0.0002367
1552.0,0.0002335
1553.0,0.0002325
1554.0,0.0002297
1555.0,0.00023
1556.0,0.0002292
1557.0,0.0002315
1558.0,0.0002296
1559.0,0.0002275
1560.0,0.0002285
1561.0,0.0002296
1562.0,0.0002257
1563.0,0.0002235
1564.0,0.0002239
1565.0,0.0002242
1566.0,0.0002205
1567.0,0.0002205
1568.0,0.0002175
1569.0,0.0002187
1570.0,0.0002201
1571.0,0.0002212
1572.0,0.0002192
1573.0,0.0002171
1574.0,0.0002086
1575.0,0.0002055
1576.0,0.0002013
1577.0,0.0001955
1578.0,0.0002045
1579.0,0.0002052
1580.0,0.0002067
1581.0,0.0002032
1582.0,0.0001988
1583.0,0.0001991
1584.0,0.0002033
1585.0,0.0002052
1586.0,0.0002021
1587.0,0.0001984
1588.0,0.0001931
1589.0,0.0001868
1590.0,0.0001902
1591.0,0.0001946
1592.0,0.0001993
1593.0,0.0002025
1594.0,0.0002013
1595.0,0.0001985
1596.0,0.000192
1597.0,0.0001959
1598.0,0.0001989
1599.0,0.0001963
1600.0,0.0001947
1601.0,0.0001912
1602.0,0.0001911
1603.0,0.000193
1604.0,0.000191
1605.0,0.0001905
1606.0,0.0001879
1607.0,0.0001891
1608.0,0.000188
1609.0,0.0001829
1610.0,0.0001787
1611.0,0.0001813
1612.0,0.0001832
1613.0,0.0001827
1614.0,0.0001825
1615.0,0.000178
1616.0,0.0001748
1617.0,0.0001775
1618.0,0.0001805
1619.0,0.0001762
1620.0,0.0001726
1621.0,0.000174
1622.0,0.0001763
1623.0,0.0001785
1624.0,0.0001757
1625.0,0.0001746
1626.0,0.0001745
1627.0,0.0001755
1628.0,0.0001743
1629.0,0.0001727
1630.0,0.0001711
1631.0,0.0001691
1632.0,0.0001686
1633.0,0.000162
1634.0,0.0001666
1635.0,0.0001624
1636.0,0.0001616
1637.0,0.00016
1638.0,0.0001477
1639.0,0.0001556
1640.0,0.0001455
1641.0,0.0001534
1642.0,0.0001567
1643.0,0.0001434
1644.0,0.0001562
1645.0,0.0001488
1646.0,0.0001428
1647.0,0.0001574
1648.0,0.0001418
1649.0,0.0001519
1650.0,0.000153
1651.0,0.0001369
1652.0,0.0001501
1653.0,0.0001517
1654.0,0.0001398
1655.0,0.0001509
1656.0,0.0001466
1657.0,0.000148
1658.0,0.0001508
1659.0,0.000149
1660.0,0.0001499
1661.0,0.0001485
1662.0,0.0001428
1663.0,0.0001476
1664.0,0.0001455
1665.0,0.0001339
1666.0,0.0001021
1667.0,0.000132
1668.0,0.0001396
1669.0,0.00014
1670.0,0.0001429
1671.0,0.0001378
1672.0,0.0001364
1673.0,0.0001395
1674.0,0.0001348
1675.0,0.0001327
1676.0,0.0001339
1677.0,0.0001328
1678.0,0.0001274
1679.0,0.0001321
1680.0,0.0001261
1681.0,0.0001206
1682.0,0.0001288
1683.0,0.0001312
1684.0,0.0001173
1685.0,0.000132
1686.0,0.0001313
1687.0,0.000124
1688.0,0.0001296
1689.0,0.0001279
1690.0,0.0001267
1691.0,0.0001117
1692.0,0.0001251
1693.0,0.0001297
1694.0,0.0001226
1695.0,0.0001273
1696.0,0.0001273
1697.0,0.0001011
1698.0,0.000125
1699.0,0.0001231
1700.0,0.0001185
1702.0,0.000121
1705.0,0.0001152
1710.0,0.0001073
1715.0,0.0001065
1720.0,0.0001046
1725.0,9.476e-05
1730.0,9.293e-05
1735.0,8.569e-05
1740.0,8.56e-05
1745.0,7.898e-05
1750.0,8.39e-05
1755.0,7.534e-05
1760.0,7.834e-05
1765.0,6.132e-05
1770.0,6.502e-05
1775.0,4.992e-05
1780.0,4.146e-05
1785.0,2.994e-05
1790.0,3.466e-05
1795.0,1.603e-05
1800.0,1.106e-05
1805.0,4.347e-06
1810.0,2.824e-06
1815.0,8.162e-07
1820.0,2.042e-07
1825.0,2.664e-07
1830.0,6.494e-10
1835.0,9.833e-10
1840.0,5.738e-12
1845.0,6.135e-10
1850.0,2.769e-10
1855.0,2.647e-11
1860.0,1.517e-09
1865.0,2.114e-09
1870.0,1.157e-14
1875.0,2.09e-14
1880.0,1.113e-08
1885.0,5.931e-09
1890.0,3.253e-08
1895.0,1.887e-08
1900.0,8.068e-11
1905.0,5.495e-11
1910.0,2.661e-09
1915.0,2.593e-09
1920.0,6.8e-08
1925.0,1.597e-07
1930.0,9.225e-08
1935.0,7.032e-07
1940.0,6.984e-07
1945.0,2.879e-06
1950.0,5.624e-06
1955.0,4.996e-06
1960.0,8.877e-06
1965.0,1.318e-05
1970.0,1.892e-05
1975.0,2.15e-05
1980.0,2.161e-05
1985.0,2.337e-05
1990.0,2.404e-05
1995.0,2.546e-05
2000.0,2.695e-05
2005.0,2.188e-05
2010.0,3.318e-05
2015.0,2.466e-05
2020.0,2.656e-05
2025.0,2.933e-05
2030.0,2.621e-05
2035.0,2.912e-05
2040.0,2.711e-05
2045.0,2.785e-05
2050.0,2.834e-05
2055.0,2.661e-05
2060.0,2.537e-05
2065.0,2.574e-05
2070.0,2.512e-05
2075.0,2.578e-05
2080.0,2.486e-05
2085.0,2.448e-05
2090.0,2.461e-05
2095.0,2.359e-05
2100.0,2.149e-05
2105.0,2.337e-05
2110.0,2.199e-05
2115.0,2.255e-05
2120.0,2.074e-05
2125.0,2.098e-05
2130.0,2.119e-05
2135.0,2.119e-05
2140.0,2.122e-05
2145.0,2.08e-05
2150.0,1.898e-05
2155.0,1.883e-05
2160.0,1.853e-05
2165.0,1.667e-05
2170.0,1.774e-05
2175.0,1.697e-05
2180.0,1.744e-05
2185.0,1.519e-05
2190.0,1.647e-05
2195.0,1.614e-05
2200.0,1.361e-05
2205.0,1.453e-05
2210.0,1.601e-05
2215.0,1.498e-05
2220.0,1.524e-05
2225.0,1.458e-05
2230.0,1.454e-05
2235.0,1.398e-05
2240.0,1.368e-05
2245.0,1.287e-05
2250.0,1.317e-05
2255.0,1.193e-05
2260.0,1.16e-05
2265.0,1.192e-05
2270.0,1.092e-05
2275.0,1.063e-05
2280.0,1.126e-05
2285.0,1.025e-05
2290.0,1.018e-05
2295.0,9.804e-06
2300.0,9.083e-06
2305.0,9.109e-06
2310.0,1.025e-05
2315.0,8.81e-06
2320.0,7.48e-06
2325.0,8.593e-06
2330.0,8.438e-06
2335.0,8.645e-06
2340.0,6.328e-06
2345.0,7.194e-06
2350.0,5.52e-06
2355.0,6.464e-06
2360.0,6.895e-06
2365.0,6.819e-06
2370.0,3.679e-06
2375.0,5.753e-06
2380.0,5.475e-06
2385.0,3.754e-06
2390.0,4.507e-06
2395.0,4.971e-06
2400.0,5.461e-06
2405.0,4.017e-06
2410.0,3.992e-06
2415.0,3.092e-06
2420.0,2.98e-06
2425.0,3.767e-06
2430.0,5.245e-06
2435.0,1.541e-06
2440.0,5.047e-06
2445.0,2.177e-06
2450.0,1.356e-06
2455.0,2.628e-06
2460.0,3.546e-06
2465.0,2.441e-06
2470.0,1.597e-06
2475.0,1.547e-06
2480.0,7.21e-07
2485.0,4.686e-07
2490.0,2.694e-07
2495.0,2.331e-07
2500.0,5.786e-07
2505.0,1.176e-07
2510.0,1.729e-07
2515.0,3.661e-08
2520.0,2.058e-08
2525.0,2.347e-09
2530.0,1.634e-11
2535.0,3.614e-12
2540.0,8.573e-12
2545.0,6.649e-16
2550.0,2.696e-18
2555.0,1.294e-14
2560.0,3.883e-16
2565.0,8.693000000000001e-20
2570.0,2.588e-24
2575.0,1.637e-34
2580.0,1.707e-28
2585.0,3.5680000000000005e-42
2590.0,2.226e-38
2595.0,4.332e-40
2600.0,3.566e-35
2605.0,3.942e-42
2610.0,1.3569999999999998e-41
2615.0,1.4009999999999999e-45
2620.0,1.1950000000000001e-35
2625.0,2.189e-35
2630.0,0.0
2635.0,1.14e-21
2640.0,2.4679999999999996e-22
2645.0,1.076e-24
2650.0,1.071e-25
2655.0,1.2890000000000001e-34
2660.0,1.085e-31
2665.0,9.808999999999999e-45
2670.0,0.0
2675.0,5.185e-44
2680.0,2.2000000000000002e-30
2685.0,2.1020000000000003e-31
2690.0,7.862000000000001e-31
2695.0,3.0839999999999996e-33
2700.0,8.983999999999999e-29
2705.0,2.5480000000000002e-26
2710.0,2.029e-31
2715.0,2.5619999999999997e-29
2720.0,0.0
2725.0,5.7369999999999996e-27
2730.0,1.672e-24
2735.0,1.907e-26
2740.0,3.445e-32
2745.0,4.442e-27
2750.0,2.49e-26
2755.0,4.006e-28
2760.0,6.001e-23
2765.0,2.816e-29
2770.0,1.3840000000000002e-26
2775.0,1.709e-23
2780.0,7.955e-21
2785.0,2.987e-20
2790.0,6.81e-18
2795.0,1.498e-18
2800.0,4.783e-15
2805.0,8.942e-17
2810.0,3.586e-13
2815.0,1.069e-13
2820.0,1.307e-15
2825.0,1.147e-11
2830.0,2.493e-10
2835.0,3.433e-15
2840.0,7.347e-12
2845.0,2.543e-09
2850.0,4.401e-11
2855.0,1.758e-11
2860.0,9.139e-10
2865.0,6.739e-09
2870.0,1.709e-10
2875.0,1.64e-08
2880.0,1.034e-08
2885.0,1.703e-08
2890.0,7.238e-09
2895.0,1.234e-07
2900.0,3.439e-08
2905.0,3.98e-09
2910.0,1.258e-07
2915.0,5.34e-08
2920.0,1.325e-07
2925.0,4.724e-08
2930.0,2.86e-07
2935.0,3.153e-07
2940.0,7.059e-08
2945.0,6.061e-08
2950.0,2.447e-07
2955.0,1.089e-07
2960.0,2.162e-07
2965.0,3.66e-07
2970.0,1.434e-08
2975.0,3.632e-08
2980.0,5.651e-08
2985.0,3.326e-07
2990.0,5.042e-07
2995.0,1.913e-07
3000.0,3.638e-07
3005.0,1.238e-07
3010.0,3.184e-07
3015.0,2.468e-07
3020.0,2.23e-08
3025.0,3.402e-07
3030.0,2.679e-07
3035.0,1.018e-07
3040.0,7.957e-08
3045.0,1.709e-07
3050.0,3.874e-08
3055.0,9.477e-09
3060.0,2.661e-07
3065.0,1.126e-07
3070.0,6.328e-08
3075.0,2.481e-07
3080.0,1.441e-07
3085.0,6.361e-08
3090.0,8.65e-08
3095.0,2.127e-08
3100.0,1.729e-07
3105.0,3.239e-08
3110.0,2.711e-08
3115.0,8.136e-08
3120.0,3.993e-07
3125.0,1.172e-07
3130.0,2.328e-07
3135.0,4.671e-07
3140.0,1.239e-07
3145.0,1.215e-07
3150.0,2.567e-07
3155.0,2.16e-07
3160.0,3.586e-07
3165.0,5.652e-07
3170.0,5.004e-07
3175.0,3.502e-07
3180.0,4.142e-07
3185.0,2.888e-07
3190.0,1.513e-07
3195.0,8.393e-08
3200.0,1.184e-08
3205.0,7.738e-09
3210.0,3.224e-09
3215.0,1.311e-08
3220.0,4.601e-08
3225.0,5.291e-09
3230.0,8.788e-09
3235.0,2.466e-07
3240.0,1.12e-07
3245.0,2.126e-08
3250.0,7.841e-08
3255.0,3.369e-07
3260.0,3.353e-08
3265.0,7.261e-08
3270.0,3.418e-08
3275.0,2.066e-07
3280.0,8.765e-08
3285.0,3.819e-07
3290.0,2.863e-07
3295.0,3.514e-08
3300.0,5.222e-08
3305.0,1.199e-07
3310.0,1.139e-07
3315.0,1.65e-10
3320.0,1.04e-09
3325.0,9.561e-08
3330.0,1.456e-07
3335.0,2.821e-07
3340.0,1.037e-07
3345.0,1.006e-07
3350.0,2.518e-07
3355.0,1.018e-07
3360.0,1.564e-07
3365.0,2.211e-07
3370.0,1.067e-07
3375.0,2.599e-07
3380.0,1.404e-07
3385.0,2.233e-07
3390.0,2.934e-07
3395.0,2.848e-07
3400.0,3.864e-07
3405.0,1.17e-07
3410.0,2.062e-07
3415.0,1.999e-07
3420.0,4.028e-07
3425.0,2.863e-07
3430.0,2.41e-07
3435.0,3.453e-07
3440.0,2.193e-07
3445.0,3.285e-07
3450.0,3.201e-07
3455.0,2.275e-07
3460.0,3.656e-07
3465.0,2.685e-07
3470.0,3.532e-07
3475.0,3.049e-07
3480.0,3.124e-07
3485.0,3.406e-07
3490.0,2.827e-07
3495.0,3.421e-07
3500.0,3.3e-07
3505.0,3.253e-07
3510.0,3.292e-07
3515.0,3.122e-07
3520.0,3.325e-07
3525.0,3.081e-07
3530.0,2.974e-07
3535.0,2.414e-07
3540.0,2.278e-07
3545.0,2.411e-07
3550.0,2.732e-07
3555.0,2.278e-07
3560.0,2.793e-07
3565.0,2.78e-07
3570.0,2.078e-07
3575.0,2.138e-07
3580.0,2.593e-07
3585.0,2.248e-07
3590.0,2.352e-07
3595.0,2.41e-07
3600.0,2.578e-07
3605.0,2.561e-07
3610.0,2.311e-07
3615.0,2.32e-07
3620.0,2.915e-07
3625.0,2.463e-07
3630.0,2.398e-07
3635.0,2.47e-07
3640.0,2.806e-07
3645.0,2.499e-07
3650.0,2.37e-07
3655.0,2.603e-07
3660.0,2.577e-07
3665.0,2.352e-07
3670.0,1.753e-07
3675.0,9.832e-08
3680.0,1.812e-07
3685.0,2.094e-07
3690.0,2.159e-07
3695.0,2.268e-07
3700.0,2.475e-07
3705.0,2.422e-07
3710.0,2.042e-07
3715.0,2.007e-07
3720.0,2.309e-07
3725.0,2.373e-07
3730.0,1.999e-07
3735.0,1.795e-07
3740.0,1.85e-07
3745.0,2.209e-07
3750.0,1.967e-07
3755.0,1.889e-07
3760.0,1.842e-07
3765.0,1.764e-07
3770.0,1.908e-07
3775.0,1.874e-07
3780.0,1.998e-07
3785.0,1.789e-07
3790.0,1.545e-07
3795.0,1.802e-07
3800.0,2.053e-07
3805.0,1.899e-07
3810.0,1.633e-07
3815.0,1.513e-07
3820.0,1.966e-07
3825.0,1.91e-07
3830.0,1.938e-07
3835.0,1.461e-07
3840.0,1.768e-07
3845.0,1.706e-07
3850.0,1.712e-07
3855.0,1.619e-07
3860.0,1.48e-07
3865.0,1.488e-07
3870.0,1.315e-07
3875.0,1.17e-07
3880.0,1.118e-07
3885.0,1.161e-07
3890.0,1.176e-07
3895.0,1.31e-07
3900.0,1.408e-07
3905.0,1.397e-07
3910.0,1.216e-07
3915.0,1.175e-07
3920.0,1.169e-07
3925.0,1.141e-07
3930.0,1.183e-07
3935.0,1.241e-07
3940.0,1.255e-07
3945.0,1.278e-07
3950.0,1.298e-07
3955.0,1.311e-07
3960.0,1.321e-07
3965.0,1.33e-07
3970.0,1.307e-07
3975.0,1.26e-07
3980.0,1.233e-07
3985.0,1.235e-07
3990.0,1.21e-07
3995.0,1.174e-07
4000.0,1.117e-07
