interpolation:linear
wavelength,value
280.0,4.68e-21
280.5,8.836000000000001e-20
281.0,3.832e-19
281.5,7.127e-18
282.0,4.078e-17
282.5,1.234e-16
283.0,4.203e-16
283.5,6.799e-16
284.0,1.007e-14
284.5,2.623e-14
285.0,9.632e-14
285.5,6.163e-13
286.0,2.61e-12
286.5,1.3e-11
287.0,3.929e-11
287.5,1.636e-10
288.0,4.142e-10
288.5,1.436e-09
289.0,4.204e-09
289.5,1.368e-08
290.0,3.942e-08
290.5,8.163e-08
291.0,1.797e-07
291.5,5.43e-07
292.0,1.09e-06
292.5,1.426e-06
293.0,2.829e-06
293.5,6.328e-06
294.0,8.916e-06
294.5,2.317e-05
295.0,3.99e-05
295.5,6.511e-05
296.0,0.0001138
296.5,0.0001446
297.0,0.000181
297.5,0.0004343
298.0,0.0006228
298.5,0.0005825
299.0,0.001197
299.5,0.001766
300.0,0.001816
300.5,0.002457
301.0,0.003999
301.5,0.005792
302.0,0.004707
302.5,0.008349
303.0,0.01329
303.5,0.01554
304.0,0.01394
304.5,0.01865
305.0,0.02446
305.5,0.02558
306.0,0.02382
306.5,0.02794
307.0,0.03674
307.5,0.04364
308.0,0.04506
308.5,0.05025
309.0,0.04962
309.5,0.05158
310.0,0.04944
310.5,0.07801
311.0,0.09415
311.5,0.08907
312.0,0.08244
312.5,0.0952
313.0,0.1002
313.5,0.09893
314.0,0.1164
314.5,0.09551
315.0,0.1232
315.5,0.1061
316.0,0.08698
316.5,0.1183
317.0,0.1462
317.5,0.1534
318.0,0.1152
318.5,0.1337
319.0,0.1531
319.5,0.1304
320.0,0.1579
320.5,0.1847
321.0,0.155
321.5,0.1472
322.0,0.1651
322.5,0.1424
323.0,0.1359
323.5,0.1662
324.0,0.1921
324.5,0.1964
325.0,0.1662
325.5,0.2076
326.0,0.2584
326.5,0.2533
327.0,0.2526
327.5,0.2446
328.0,0.2214
328.5,0.2255
329.0,0.2631
329.5,0.2953
330.0,0.2978
330.5,0.2408
331.0,0.2454
331.5,0.2452
332.0,0.2592
332.5,0.2532
333.0,0.2522
333.5,0.2299
334.0,0.2348
334.5,0.2658
335.0,0.2465
335.5,0.2983
336.0,0.2055
336.5,0.2306
337.0,0.1893
337.5,0.2347
338.0,0.2255
338.5,0.2678
339.0,0.2618
339.5,0.2518
340.0,0.2852
340.5,0.2555
341.0,0.2553
341.5,0.2304
342.0,0.2732
342.5,0.2536
343.0,0.2793
343.5,0.2631
344.0,0.1888
344.5,0.1966
345.0,0.2548
345.5,0.2574
346.0,0.2169
346.5,0.2438
347.0,0.2619
347.5,0.2111
348.0,0.2378
348.5,0.2357
349.0,0.2172
349.5,0.2142
350.0,0.2634
350.5,0.2765
351.0,0.2465
351.5,0.2405
352.0,0.2555
352.5,0.1976
353.0,0.247
353.5,0.2625
354.0,0.2709
354.5,0.2733
355.0,0.2713
355.5,0.2437
356.0,0.2535
356.5,0.2154
357.0,0.1771
357.5,0.2157
358.0,0.17
358.5,0.1445
359.0,0.2012
359.5,0.2556
360.0,0.2695
360.5,0.2141
361.0,0.1941
361.5,0.2223
362.0,0.1913
362.5,0.2634
363.0,0.2354
363.5,0.2158
364.0,0.2626
364.5,0.2234
365.0,0.2264
365.5,0.2828
366.0,0.2981
366.5,0.2787
367.0,0.2701
367.5,0.2789
368.0,0.2429
368.5,0.244
369.0,0.2622
369.5,0.2781
370.0,0.295
370.5,0.2278
371.0,0.2423
371.5,0.3016
372.0,0.1992
372.5,0.2377
373.0,0.2407
373.5,0.1559
374.0,0.2254
374.5,0.1858
375.0,0.1797
375.5,0.267
376.0,0.2203
376.5,0.2272
377.0,0.2394
377.5,0.2788
378.0,0.3008
378.5,0.2828
379.0,0.2322
379.5,0.2111
380.0,0.2183
380.5,0.2631
381.0,0.2623
381.5,0.2069
382.0,0.1828
382.5,0.1551
383.0,0.1428
383.5,0.1369
384.0,0.1503
384.5,0.22
385.0,0.2172
385.5,0.2013
386.0,0.1716
386.5,0.2243
387.0,0.1855
387.5,0.2073
388.0,0.1905
388.5,0.1874
389.0,0.2013
389.5,0.2426
390.0,0.2423
390.5,0.2219
391.0,0.26
391.5,0.2639
392.0,0.2212
392.5,0.1971
393.0,0.1091
393.5,0.07896
394.0,0.1599
394.5,0.2024
395.0,0.2459
395.5,0.2486
396.0,0.2145
396.5,0.1248
397.0,0.09321
397.5,0.1886
398.0,0.2629
398.5,0.2705
399.0,0.2916
399.5,0.2893
400.0,0.2991
401.0,0.2936
402.0,0.3068
403.0,0.2887
404.0,0.2817
405.0,0.2791
406.0,0.272
407.0,0.2651
408.0,0.2729
409.0,0.2896
410.0,0.2509
411.0,0.2693
412.0,0.2867
413.0,0.2771
414.0,0.278
415.0,0.2762
416.0,0.2785
417.0,0.2692
418.0,0.2618
419.0,0.2628
420.0,0.2592
421.0,0.2687
422.0,0.2531
423.0,0.245
424.0,0.2567
425.0,0.2539
426.0,0.2452
427.0,0.2386
428.0,0.2304
429.0,0.2164
430.0,0.1877
431.0,0.1844
432.0,0.2359
433.0,0.2351
434.0,0.2164
435.0,0.224
436.0,0.2504
437.0,0.2451
438.0,0.2214
439.0,0.2272
440.0,0.2325
441.0,0.2388
442.0,0.2539
443.0,0.2452
444.0,0.2484
445.0,0.241
446.0,0.228
447.0,0.2444
448.0,0.246
449.0,0.2449
450.0,0.2496
451.0,0.2566
452.0,0.2451
453.0,0.2287
454.0,0.2368
455.0,0.2363
456.0,0.2399
457.0,0.2418
458.0,0.2317
459.0,0.2287
460.0,0.2275
461.0,0.2309
462.0,0.2309
463.0,0.2275
464.0,0.2221
465.0,0.2175
466.0,0.2178
467.0,0.212
468.0,0.2126
469.0,0.2119
470.0,0.2036
471.0,0.2019
472.0,0.2111
473.0,0.2066
474.0,0.2053
475.0,0.2054
476.0,0.1978
477.0,0.1968
478.0,0.2006
479.0,0.1978
480.0,0.1967
481.0,0.1986
482.0,0.1981
483.0,0.1941
484.0,0.1886
485.0,0.1783
486.0,0.1546
487.0,0.1607
488.0,0.1749
489.0,0.1741
490.0,0.1818
491.0,0.1774
492.0,0.1662
493.0,0.1703
494.0,0.1707
495.0,0.1709
496.0,0.1707
497.0,0.1721
498.0,0.1629
499.0,0.1638
500.0,0.1579
501.0,0.1538
502.0,0.1505
503.0,0.1555
504.0,0.1505
505.0,0.1548
506.0,0.1586
507.0,0.1498
508.0,0.144
509.0,0.147
510.0,0.1451
511.0,0.148
512.0,0.1484
513.0,0.1395
514.0,0.1375
515.0,0.1352
516.0,0.134
517.0,0.1182
518.0,0.1234
519.0,0.1285
520.0,0.1322
521.0,0.1325
522.0,0.1318
523.0,0.1285
524.0,0.1323
525.0,0.133
526.0,0.1263
527.0,0.1182
528.0,0.1241
529.0,0.13
530.0,0.1273
531.0,0.1284
532.0,0.1232
533.0,0.1188
534.0,0.1215
535.0,0.1233
536.0,0.1236
537.0,0.1179
538.0,0.1191
539.0,0.1174
540.0,0.1119
541.0,0.1119
542.0,0.1146
543.0,0.1126
544.0,0.114
545.0,0.113
546.0,0.1127
547.0,0.1119
548.0,0.1098
549.0,0.1095
550.0,0.11
551.0,0.108
552.0,0.108
553.0,0.1054
554.0,0.1072
555.0,0.1068
556.0,0.1047
557.0,0.1007
558.0,0.09931
559.0,0.09683
560.0,0.0974
561.0,0.09802
562.0,0.09668
563.0,0.0987
564.0,0.09543
565.0,0.09403
566.0,0.09204
567.0,0.09318
568.0,0.09177
569.0,0.08905
570.0,0.08848
571.0,0.08739
572.0,0.08892
573.0,0.08933
574.0,0.08854
575.0,0.08637
576.0,0.08502
577.0,0.08538
578.0,0.08357
579.0,0.08338
580.0,0.08442
581.0,0.08429
582.0,0.08531
583.0,0.08502
584.0,0.08528
585.0,0.0827
586.0,0.08044
587.0,0.08163
588.0,0.07919
589.0,0.06975
590.0,0.07253
591.0,0.07632
592.0,0.0749
593.0,0.07554
594.0,0.07456
595.0,0.07231
596.0,0.07474
597.0,0.07352
598.0,0.07289
599.0,0.07251
600.0,0.0722
601.0,0.0712
602.0,0.0703
603.0,0.07102
604.0,0.07174
605.0,0.07094
606.0,0.07023
607.0,0.0705
608.0,0.06927
609.0,0.06894
610.0,0.06803
611.0,0.06798
612.0,0.06737
613.0,0.06611
614.0,0.06479
615.0,0.06581
616.0,0.06327
617.0,0.06277
618.0,0.06481
619.0,0.06379
620.0,0.06382
621.0,0.06352
622.0,0.0624
623.0,0.06108
624.0,0.05966
625.0,0.05922
626.0,0.05978
627.0,0.0601
628.0,0.05577
629.0,0.05797
630.0,0.05629
631.0,0.05721
632.0,0.05622
633.0,0.05763
634.0,0.05677
635.0,0.05731
636.0,0.05621
637.0,0.0568
638.0,0.05703
639.0,0.05607
640.0,0.0552
641.0,0.05483
642.0,0.0543
643.0,0.05475
644.0,0.05429
645.0,0.05405
646.0,0.05248
647.0,0.05157
648.0,0.0513
649.0,0.05003
650.0,0.05
651.0,0.05188
652.0,0.0494
653.0,0.05063
654.0,0.04979
655.0,0.04764
656.0,0.042
657.0,0.04292
658.0,0.04786
659.0,0.04796
660.0,0.04788
661.0,0.04795
662.0,0.04781
663.0,0.04664
664.0,0.04694
665.0,0.04672
666.0,0.0465
667.0,0.04621
668.0,0.04599
669.0,0.04644
670.0,0.04598
671.0,0.04574
672.0,0.04515
673.0,0.04564
674.0,0.04522
675.0,0.04456
676.0,0.04463
677.0,0.04398
678.0,0.0439
679.0,0.04298
680.0,0.0431
681.0,0.0426
682.0,0.04233
683.0,0.04203
684.0,0.04159
685.0,0.04172
686.0,0.04127
687.0,0.02715
688.0,0.03173
689.0,0.03167
690.0,0.03305
691.0,0.03464
692.0,0.03576
693.0,0.03527
694.0,0.03474
695.0,0.03601
696.0,0.03585
697.0,0.038
698.0,0.03723
699.0,0.03609
700.0,0.03547
701.0,0.03496
702.0,0.03505
703.0,0.03493
704.0,0.03588
705.0,0.03575
706.0,0.03556
707.0,0.03541
708.0,0.03532
709.0,0.03519
710.0,0.035
711.0,0.03484
712.0,0.03462
713.0,0.0341
714.0,0.03403
715.0,0.03277
716.0,0.03264
717.0,0.02803
718.0,0.02544
719.0,0.023
720.0,0.02412
721.0,0.02663
722.0,0.03062
723.0,0.02818
724.0,0.02508
725.0,0.02459
726.0,0.02575
727.0,0.0259
728.0,0.0242
729.0,0.02503
730.0,0.02648
731.0,0.02513
732.0,0.02684
733.0,0.02836
734.0,0.0289
735.0,0.02816
736.0,0.028
737.0,0.02797
738.0,0.02829
739.0,0.02758
740.0,0.02817
741.0,0.02776
742.0,0.02766
743.0,0.02821
744.0,0.02798
745.0,0.02785
746.0,0.02785
747.0,0.02778
748.0,0.02757
749.0,0.02711
750.0,0.02696
751.0,0.02657
752.0,0.02656
753.0,0.02655
754.0,0.02647
755.0,0.0262
756.0,0.02607
757.0,0.02599
758.0,0.02554
759.0,0.02489
760.0,0.003994
761.0,0.002066
762.0,0.01237
763.0,0.006056
764.0,0.009135
765.0,0.01218
766.0,0.01497
767.0,0.01888
768.0,0.02177
769.0,0.02214
770.0,0.02281
771.0,0.0229
772.0,0.02284
773.0,0.02288
774.0,0.02265
775.0,0.02238
776.0,0.02256
777.0,0.02216
778.0,0.02191
779.0,0.02181
780.0,0.02159
781.0,0.02151
782.0,0.02154
783.0,0.02107
784.0,0.02107
785.0,0.02082
786.0,0.02095
787.0,0.02048
788.0,0.02012
789.0,0.02001
790.0,0.01936
791.0,0.01946
792.0,0.01922
793.0,0.01881
794.0,0.01906
795.0,0.01929
796.0,0.01858
797.0,0.01854
798.0,0.01902
799.0,0.0188
800.0,0.01838
801.0,0.01823
802.0,0.01809
803.0,0.01787
804.0,0.01782
805.0,0.01768
806.0,0.01811
807.0,0.0178
808.0,0.01774
809.0,0.01732
810.0,0.01709
811.0,0.01705
812.0,0.01646
813.0,0.01602
814.0,0.01391
815.0,0.01375
816.0,0.01261
817.0,0.0128
818.0,0.01227
819.0,0.01378
820.0,0.01286
821.0,0.01518
822.0,0.01463
823.0,0.009562
824.0,0.01406
825.0,0.0146
826.0,0.01393
827.0,0.01471
828.0,0.01225
829.0,0.01366
830.0,0.01342
831.0,0.01341
832.0,0.0129
833.0,0.01381
834.0,0.01323
835.0,0.01455
836.0,0.01382
837.0,0.01446
838.0,0.01394
839.0,0.01412
840.0,0.01437
841.0,0.0141
842.0,0.01407
843.0,0.01401
844.0,0.01375
845.0,0.01416
846.0,0.01404
847.0,0.01372
848.0,0.01357
849.0,0.01313
850.0,0.01252
851.0,0.0132
852.0,0.01304
853.0,0.0125
854.0,0.01074
855.0,0.01176
856.0,0.01279
857.0,0.01303
858.0,0.01288
859.0,0.01284
860.0,0.0128
861.0,0.01268
862.0,0.01283
863.0,0.01308
864.0,0.01237
865.0,0.01221
866.0,0.01093
867.0,0.01136
868.0,0.01231
869.0,0.01201
870.0,0.0123
871.0,0.01208
872.0,0.01199
873.0,0.01191
874.0,0.01172
875.0,0.01143
876.0,0.01149
877.0,0.01156
878.0,0.01164
879.0,0.01141
880.0,0.01112
881.0,0.01091
882.0,0.0111
883.0,0.0111
884.0,0.011
885.0,0.01103
886.0,0.01046
887.0,0.01054
888.0,0.01065
889.0,0.01073
890.0,0.01058
891.0,0.01053
892.0,0.01018
893.0,0.009796
894.0,0.009384
895.0,0.008792
896.0,0.008159
897.0,0.006875
898.0,0.007546
899.0,0.005524
900.0,0.007692
901.0,0.00585
902.0,0.006917
903.0,0.006959
904.0,0.008935
905.0,0.008561
906.0,0.007935
907.0,0.006268
908.0,0.006399
909.0,0.006983
910.0,0.006071
911.0,0.006481
912.0,0.006783
913.0,0.006091
914.0,0.006003
915.0,0.006577
916.0,0.0054
917.0,0.007063
918.0,0.005531
919.0,0.007125
920.0,0.007156
921.0,0.007496
922.0,0.006601
923.0,0.00718
924.0,0.006738
925.0,0.006538
926.0,0.006615
927.0,0.007439
928.0,0.005273
929.0,0.004763
930.0,0.00362
931.0,0.003373
932.0,0.002336
933.0,0.001851
934.0,0.0009627
935.0,0.00187
936.0,0.00111
937.0,0.001127
938.0,0.001412
939.0,0.003158
940.0,0.003883
941.0,0.002841
942.0,0.003317
943.0,0.002051
944.0,0.002148
945.0,0.002876
946.0,0.001343
947.0,0.002876
948.0,0.002005
949.0,0.003975
950.0,0.0009492
951.0,0.00387
952.0,0.001915
953.0,0.002539
954.0,0.003186
955.0,0.002569
956.0,0.002438
957.0,0.001893
958.0,0.003569
959.0,0.002757
960.0,0.003147
961.0,0.003551
962.0,0.003323
963.0,0.003887
964.0,0.003502
965.0,0.003838
966.0,0.003838
967.0,0.003799
968.0,0.005242
969.0,0.00551
970.0,0.004978
971.0,0.005773
972.0,0.005459
973.0,0.004672
974.0,0.004391
975.0,0.00454
976.0,0.004284
977.0,0.004927
978.0,0.00464
979.0,0.004874
980.0,0.004516
981.0,0.005521
982.0,0.005234
983.0,0.004985
984.0,0.005649
985.0,0.005159
986.0,0.005717
987.0,0.005576
988.0,0.005542
989.0,0.005641
990.0,0.005471
991.0,0.005612
992.0,0.005623
993.0,0.005469
994.0,0.005582
995.0,0.005556
996.0,0.005507
997.0,0.005494
998.0,0.005448
999.0,0.005409
1000.0,0.005348
1001.0,0.005398
1002.0,0.005218
1003.0,0.005261
1004.0,0.005109
1005.0,0.004907
1006.0,0.005075
1007.0,0.005164
1008.0,0.005115
1009.0,0.005067
1010.0,0.005025
1011.0,0.005062
1012.0,0.004996
1013.0,0.005013
1014.0,0.00496
1015.0,0.004909
1016.0,0.004867
1017.0,0.00486
1018.0,0.004824
1019.0,0.004698
1020.0,0.00476
1021.0,0.004736
1022.0,0.004679
1023.0,0.004711
1024.0,0.004629
1025.0,0.004676
1026.0,0.004637
1027.0,0.004608
1028.0,0.004582
1029.0,0.004511
1030.0,0.004527
1031.0,0.00449
1032.0,0.004461
1033.0,0.004376
1034.0,0.00436
1035.0,0.004356
1036.0,0.004362
1037.0,0.004275
1038.0,0.004278
1039.0,0.004261
1040.0,0.004228
1041.0,0.004228
1042.0,0.004183
1043.0,0.004155
1044.0,0.004154
1045.0,0.004083
1046.0,0.004022
1047.0,0.004042
1048.0,0.00405
1049.0,0.004022
1050.0,0.003988
1051.0,0.003967
1052.0,0.003936
1053.0,0.003891
1054.0,0.003886
1055.0,0.003873
1056.0,0.003844
1057.0,0.003817
1058.0,0.003711
1059.0,0.003701
1060.0,0.003682
1061.0,0.003663
1062.0,0.003668
1063.0,0.003619
1064.0,0.00365
1065.0,0.003609
1066.0,0.003526
1067.0,0.003558
1068.0,0.003466
1069.0,0.003347
1070.0,0.003446
1071.0,0.00349
1072.0,0.003435
1073.0,0.003375
1074.0,0.003454
1075.0,0.003259
1076.0,0.003425
1077.0,0.003345
1078.0,0.003268
1079.0,0.003334
1080.0,0.003252
1081.0,0.003139
1082.0,0.003186
1083.0,0.003185
1084.0,0.00309
1085.0,0.003207
1086.0,0.002885
1087.0,0.002995
1088.0,0.003121
1089.0,0.003005
1090.0,0.002914
1091.0,0.003073
1092.0,0.003057
1093.0,0.002543
1094.0,0.002775
1095.0,0.002646
1096.0,0.002511
1097.0,0.002936
1098.0,0.002455
1099.0,0.002557
1100.0,0.002343
1101.0,0.002373
1102.0,0.00225
1103.0,0.002214
1104.0,0.002211
1105.0,0.00244
1106.0,0.001807
1107.0,0.002289
1108.0,0.001896
1109.0,0.001889
1110.0,0.002244
1111.0,0.00144
1112.0,0.001855
1113.0,0.001111
1114.0,0.001257
1115.0,0.001005
1116.0,0.0007847
1117.0,0.0002575
1118.0,0.0008543
1119.0,0.0003886
1120.0,0.0005052
1121.0,0.0006921
1122.0,0.0002609
1123.0,0.0004434
1124.0,0.0003637
1125.0,0.0004928
1126.0,0.0001526
1127.0,0.0005605
1128.0,0.0003168
1129.0,0.0003371
1130.0,0.0002115
1131.0,0.001147
1132.0,0.0008624
1133.0,0.0005178
1134.0,0.0001132
1135.0,3.815e-05
1136.0,0.000418
1137.0,0.001106
1138.0,0.0007336
1139.0,0.001141
1140.0,0.0009321
1141.0,0.000684
1142.0,0.0007971
1143.0,0.001191
1144.0,0.0003586
1145.0,0.0004761
1146.0,0.0005178
1147.0,0.0001615
1148.0,0.0009857
1149.0,0.0007622
1150.0,0.000382
1151.0,0.0006954
1152.0,0.0008765
1153.0,0.0008382
1154.0,0.0004484
1155.0,0.001138
1156.0,0.001008
1157.0,0.001144
1158.0,0.001125
1159.0,0.001223
1160.0,0.001022
1161.0,0.00129
1162.0,0.001288
1163.0,0.0018
1164.0,0.00151
1165.0,0.001415
1166.0,0.001392
1167.0,0.001527
1168.0,0.001544
1169.0,0.001584
1170.0,0.001726
1171.0,0.00167
1172.0,0.001694
1173.0,0.001704
1174.0,0.001166
1175.0,0.001651
1176.0,0.00182
1177.0,0.001737
1178.0,0.001255
1179.0,0.001817
1180.0,0.001596
1181.0,0.001652
1182.0,0.001083
1183.0,0.00162
1184.0,0.001494
1185.0,0.001431
1186.0,0.001724
1187.0,0.001629
1188.0,0.001091
1189.0,0.0015
1190.0,0.001658
1191.0,0.001564
1192.0,0.001673
1193.0,0.00159
1194.0,0.001641
1195.0,0.001543
1196.0,0.001477
1197.0,0.001634
1198.0,0.001476
1199.0,0.001236
1200.0,0.001542
1201.0,0.001478
1202.0,0.001461
1203.0,0.001455
1204.0,0.001242
1205.0,0.001486
1206.0,0.001658
1207.0,0.001442
1208.0,0.001419
1209.0,0.001443
1210.0,0.001504
1211.0,0.001422
1212.0,0.001403
1213.0,0.00157
1214.0,0.00143
1215.0,0.001396
1216.0,0.001549
1217.0,0.0015
1218.0,0.001526
1219.0,0.001502
1220.0,0.001518
1221.0,0.00153
1222.0,0.001481
1223.0,0.001462
1224.0,0.001449
1225.0,0.001501
1226.0,0.001507
1227.0,0.001379
1228.0,0.001505
1229.0,0.001493
1230.0,0.001461
1231.0,0.001501
1232.0,0.001487
1233.0,0.001428
1234.0,0.001485
1235.0,0.001471
1236.0,0.001477
1237.0,0.001451
1238.0,0.001462
1239.0,0.001439
1240.0,0.00144
1241.0,0.001428
1242.0,0.00142
1243.0,0.001404
1244.0,0.001409
1245.0,0.00141
1246.0,0.001398
1247.0,0.001388
1248.0,0.001382
1249.0,0.001382
1250.0,0.001369
1251.0,0.001347
1252.0,0.001343
1253.0,0.001327
1254.0,0.001309
1255.0,0.001329
1256.0,0.001286
1257.0,0.001274
1258.0,0.001295
1259.0,0.001242
1260.0,0.001245
1261.0,0.001169
1262.0,0.001129
1263.0,0.001128
1264.0,0.001034
1265.0,0.001114
1266.0,0.001067
1267.0,0.001084
1268.0,0.001022
1269.0,0.0006169
1270.0,0.001071
1271.0,0.001134
1272.0,0.001135
1273.0,0.001119
1274.0,0.001119
1275.0,0.001133
1276.0,0.001141
1277.0,0.001144
1278.0,0.001164
1279.0,0.00115
1280.0,0.001132
1281.0,0.001077
1282.0,0.001035
1283.0,0.001112
1284.0,0.001134
1285.0,0.001138
1286.0,0.001151
1287.0,0.001128
1288.0,0.001124
1289.0,0.001084
1290.0,0.001108
1291.0,0.001119
1292.0,0.001044
1293.0,0.001089
1294.0,0.001078
1295.0,0.00107
1296.0,0.001015
1297.0,0.000953
1298.0,0.001028
1299.0,0.00107
1300.0,0.0008909
1301.0,0.0009187
1302.0,0.001013
1303.0,0.0008702
1304.0,0.0007312
1305.0,0.0009803
1306.0,0.0009785
1307.0,0.000738
1308.0,0.0008552
1309.0,0.0009624
1310.0,0.0007159
1311.0,0.00081
1312.0,0.000788
1313.0,0.000768
1314.0,0.0006741
1315.0,0.0006688
1316.0,0.000787
1317.0,0.000736
1318.0,0.0008057
1319.0,0.0006133
1320.0,0.0005855
1321.0,0.0006957
1322.0,0.0007038
1323.0,0.0005118
1324.0,0.0005903
1325.0,0.0007529
1326.0,0.0006342
1327.0,0.0005994
1328.0,0.0005053
1329.0,0.0003685
1330.0,0.0004964
1331.0,0.0002825
1332.0,0.0002895
1333.0,0.0004228
1334.0,0.0003419
1335.0,0.0004919
1336.0,0.0003762
1337.0,0.0003278
1338.0,0.0003583
1339.0,0.0003549
1340.0,0.0003391
1341.0,0.0003344
1342.0,0.000353
1343.0,0.0002333
1344.0,0.0001276
1345.0,0.0001934
1346.0,9.126e-05
1347.0,9.354e-05
1348.0,4.948e-06
1349.0,1.961e-05
1350.0,1.983e-05
1351.0,4.569e-06
1352.0,1.187e-06
1353.0,5.443e-08
1354.0,1.915e-07
1355.0,1.432e-09
1356.0,2.583e-08
1357.0,3.972e-08
1358.0,1.682e-09
1359.0,2.107e-10
1360.0,7.638e-10
1361.0,8.34e-13
1362.0,2.268e-15
1363.0,1.038e-09
1364.0,4.239e-10
1365.0,7.923e-16
1366.0,4.614e-09
1367.0,1.836e-09
1368.0,6.114e-18
1369.0,1.546e-10
1370.0,7.612e-11
1371.0,4.263e-12
1372.0,9.856e-10
1373.0,2.071e-08
1374.0,9.903e-08
1375.0,1.848e-07
1376.0,1.604e-07
1377.0,7.152e-08
1378.0,7.714e-07
1379.0,2.916e-08
1380.0,4.291e-08
1381.0,1.055e-09
1382.0,8.647e-10
1383.0,1.259e-11
1384.0,1.681e-10
1385.0,8.021e-10
1386.0,7.664e-10
1387.0,1.009e-07
1388.0,1.794e-09
1389.0,3.497e-07
1390.0,2.965e-07
1391.0,1.951e-07
1392.0,1.163e-08
1393.0,6.359e-08
1394.0,3.344e-08
1395.0,2.265e-10
1396.0,1.085e-12
1397.0,2.458e-08
1398.0,8.245e-07
1399.0,5.051e-07
1400.0,4.639e-13
1401.0,1.926e-12
1402.0,1.401e-06
1403.0,1.808e-06
1404.0,5.108e-07
1405.0,1.071e-10
1406.0,1.432e-06
1407.0,1.108e-07
1408.0,1.142e-06
1409.0,3.671e-07
1410.0,2.863e-07
1411.0,1.534e-06
1412.0,2.072e-06
1413.0,2.482e-05
1414.0,2.204e-07
1415.0,1.034e-07
1416.0,4.116e-05
1417.0,1.131e-05
1418.0,1.296e-05
1419.0,1.741e-06
1420.0,7.521e-06
1421.0,8.251e-06
1422.0,5.444e-05
1423.0,8.923e-06
1424.0,1.758e-05
1425.0,2.706e-05
1426.0,3.069e-05
1427.0,5.93e-05
1428.0,3.641e-06
1429.0,4.302e-05
1430.0,7.694e-05
1431.0,8.492e-05
1432.0,2.781e-06
1433.0,5.102e-05
1434.0,2.411e-05
1435.0,2.444e-05
1436.0,5.012e-05
1437.0,3.707e-05
1438.0,1.438e-05
1439.0,6.994e-05
1440.0,5.063e-05
1441.0,3.744e-05
1442.0,4.179e-05
1443.0,5.313e-05
1444.0,7.668e-05
1445.0,5.82e-05
1446.0,2.374e-05
1447.0,3.955e-05
1448.0,0.0001536
1449.0,0.0001312
1450.0,2.809e-05
1451.0,1.032e-05
1452.0,7.321e-05
1453.0,9.931e-05
1454.0,0.0001832
1455.0,7.756e-05
1456.0,0.000109
1457.0,0.000151
1458.0,0.0001806
1459.0,0.0002196
1460.0,0.0001036
1461.0,0.000109
1462.0,0.0001687
1463.0,4.674e-05
1464.0,0.0002032
1465.0,0.000113
1466.0,7.447e-05
1467.0,3.626e-05
1468.0,8.938e-05
1469.0,0.000113
1470.0,5.159e-05
1471.0,1.66e-05
1472.0,4.888e-05
1473.0,7.821e-05
1474.0,0.0001187
1475.0,0.0002457
1476.0,7.693e-05
1477.0,7.766e-05
1478.0,7.049e-05
1479.0,0.0001481
1480.0,6.51e-05
1481.0,0.00014
1482.0,6.278e-05
1483.0,0.0001887
1484.0,0.0001724
1485.0,0.0001513
1486.0,0.0001487
1487.0,6.2e-05
1488.0,0.0001162
1489.0,0.0002483
1490.0,0.0002249
1491.0,0.000258
1492.0,0.000209
1493.0,0.0002324
1494.0,0.0002645
1495.0,0.0002308
1496.0,0.0002141
1497.0,0.0003034
1498.0,0.0002414
1499.0,0.0002878
1500.0,0.0003347
1501.0,0.0003545
1502.0,0.0002928
1503.0,0.0002449
1504.0,0.0001912
1505.0,0.0002345
1506.0,0.0003496
1507.0,0.0003343
1508.0,0.0003158
1509.0,0.0002342
1510.0,0.0003598
1511.0,0.0003468
1512.0,0.0003422
1513.0,0.000312
1514.0,0.000289
1515.0,0.0003495
1516.0,0.0003325
1517.0,0.0003243
1518.0,0.0003221
1519.0,0.0003142
1520.0,0.0003392
1521.0,0.0003614
1522.0,0.0003426
1523.0,0.000365
1524.0,0.0003536
1525.0,0.0003364
1526.0,0.0003409
1527.0,0.0003367
1528.0,0.0003588
1529.0,0.0003399
1530.0,0.0003331
1531.0,0.0003415
1532.0,0.0003543
1533.0,0.0003534
1534.0,0.0003464
1535.0,0.0003438
1536.0,0.0003495
1537.0,0.000341
1538.0,0.0003436
1539.0,0.0003371
1540.0,0.0003372
1541.0,0.0003388
1542.0,0.0003344
1543.0,0.0003395
1544.0,0.0003347
1545.0,0.0003403
1546.0,0.0003343
1547.0,0.0003288
1548.0,0.000328
1549.0,0.0003301
1550.0,0.0003271
1551.0,0.0003288
1552.0,0.0003255
1553.0,0.0003226
1554.0,0.000319
1555.0,0.0003191
1556.0,0.0003181
1557.0,0.000321
1558.0,0.0003185
1559.0,0.0003158
1560.0,0.0003173
1561.0,0.0003188
1562.0,0.0003142
1563.0,0.0003109
1564.0,0.0003116
1565.0,0.0003114
1566.0,0.0003067
1567.0,0.0003066
1568.0,0.0003028
1569.0,0.000304
1570.0,0.0003062
1571.0,0.000308
1572.0,0.0003055
1573.0,0.0003029
1574.0,0.0002915
1575.0,0.0002874
1576.0,0.0002824
1577.0,0.0002746
1578.0,0.0002877
1579.0,0.0002898
1580.0,0.0002917
1581.0,0.0002867
1582.0,0.0002803
1583.0,0.000281
1584.0,0.0002853
1585.0,0.0002877
1586.0,0.0002838
1587.0,0.0002785
1588.0,0.0002699
1589.0,0.0002609
1590.0,0.0002663
1591.0,0.0002722
1592.0,0.0002797
1593.0,0.0002834
1594.0,0.0002822
1595.0,0.0002779
1596.0,0.0002691
1597.0,0.0002754
1598.0,0.0002785
1599.0,0.0002748
1600.0,0.0002723
1601.0,0.0002679
1602.0,0.0002681
1603.0,0.00027
1604.0,0.0002673
1605.0,0.0002664
1606.0,0.0002628
1607.0,0.0002644
1608.0,0.0002637
1609.0,0.000256
1610.0,0.0002501
1611.0,0.000254
1612.0,0.0002563
1613.0,0.0002562
1614.0,0.0002555
1615.0,0.0002492
1616.0,0.0002449
1617.0,0.0002492
1618.0,0.0002528
1619.0,0.0002475
1620.0,0.0002416
1621.0,0.0002439
1622.0,0.0002471
1623.0,0.0002501
1624.0,0.0002466
1625.0,0.000245
1626.0,0.000245
1627.0,0.0002462
1628.0,0.000245
1629.0,0.0002422
1630.0,0.0002402
1631.0,0.0002383
1632.0,0.0002372
1633.0,0.0002296
1634.0,0.0002341
1635.0,0.0002304
1636.0,0.0002278
1637.0,0.0002247
1638.0,0.0002113
1639.0,0.0002189
1640.0,0.0002092
1641.0,0.0002162
1642.0,0.0002199
1643.0,0.0002075
1644.0,0.0002188
1645.0,0.0002123
1646.0,0.0002069
1647.0,0.0002207
1648.0,0.0002052
1649.0,0.0002144
1650.0,0.0002154
1651.0,0.0001996
1652.0,0.0002123
1653.0,0.0002136
1654.0,0.000202
1655.0,0.0002126
1656.0,0.0002087
1657.0,0.0002097
1658.0,0.0002117
1659.0,0.0002096
1660.0,0.0002108
1661.0,0.0002092
1662.0,0.000203
1663.0,0.0002071
1664.0,0.0002047
1665.0,0.0001929
1666.0,0.0001574
1667.0,0.0001901
1668.0,0.0001964
1669.0,0.0001973
1670.0,0.0002002
1671.0,0.0001939
1672.0,0.0001911
1673.0,0.000195
1674.0,0.0001904
1675.0,0.0001869
1676.0,0.0001877
1677.0,0.000187
1678.0,0.0001812
1679.0,0.0001844
1680.0,0.0001765
1681.0,0.0001708
1682.0,0.0001798
1683.0,0.0001832
1684.0,0.0001694
1685.0,0.0001843
1686.0,0.0001833
1687.0,0.000176
1688.0,0.0001814
1689.0,0.0001789
1690.0,0.0001779
1691.0,0.0001617
1692.0,0.0001763
1693.0,0.0001809
1694.0,0.0001736
1695.0,0.0001781
1696.0,0.0001775
1697.0,0.0001486
1698.0,0.0001751
1699.0,0.0001722
1700.0,0.0001672
1702.0,0.0001694
1705.0,0.000163
1710.0,0.0001525
1715.0,0.0001508
1720.0,0.0001474
1725.0,0.0001359
1730.0,0.0001327
1735.0,0.0001223
1740.0,0.0001228
1745.0,0.0001132
1750.0,0.0001208
1755.0,0.0001091
1760.0,0.0001135
1765.0,8.999e-05
1770.0,9.648e-05
1775.0,7.498e-05
1780.0,6.263e-05
1785.0,4.532e-05
1790.0,5.311e-05
1795.0,2.452e-05
1800.0,1.581e-05
1805.0,6.099e-06
1810.0,3.778e-06
1815.0,1.061e-06
1820.0,2.499e-07
1825.0,3.314e-07
1830.0,7.043e-10
1835.0,1.056e-09
1840.0,6.03e-12
1845.0,6.813e-10
1850.0,3.03e-10
1855.0,2.803e-11
1860.0,1.649e-09
1865.0,2.337e-09
1870.0,1.208e-14
1875.0,2.183e-14
1880.0,1.255e-08
1885.0,6.601e-09
1890.0,3.815e-08
1895.0,2.148e-08
1900.0,8.563e-11
1905.0,5.806e-11
1910.0,2.931e-09
1915.0,2.811e-09
1920.0,7.998e-08
1925.0,1.897e-07
1930.0,1.073e-07
1935.0,8.798e-07
1940.0,8.514e-07
1945.0,3.808e-06
1950.0,7.721e-06
1955.0,6.945e-06
1960.0,1.257e-05
1965.0,1.886e-05
1970.0,2.715e-05
1975.0,3.098e-05
1980.0,3.094e-05
1985.0,3.33e-05
1990.0,3.429e-05
1995.0,3.608e-05
2000.0,3.78e-05
2005.0,3.123e-05
2010.0,4.526e-05
2015.0,3.485e-05
2020.0,3.71e-05
2025.0,4.005e-05
2030.0,3.629e-05
2035.0,3.922e-05
2040.0,3.694e-05
2045.0,3.777e-05
2050.0,3.792e-05
2055.0,3.596e-05
2060.0,3.442e-05
2065.0,3.47e-05
2070.0,3.393e-05
2075.0,3.436e-05
2080.0,3.314e-05
2085.0,3.264e-05
2090.0,3.27e-05
2095.0,3.141e-05
2100.0,2.899e-05
2105.0,3.114e-05
2110.0,2.958e-05
2115.0,3.005e-05
2120.0,2.796e-05
2125.0,2.814e-05
2130.0,2.826e-05
2135.0,2.824e-05
2140.0,2.821e-05
2145.0,2.767e-05
2150.0,2.568e-05
2155.0,2.546e-05
2160.0,2.495e-05
2165.0,2.25e-05
2170.0,2.379e-05
2175.0,2.301e-05
2180.0,2.343e-05
2185.0,2.07e-05
2190.0,2.222e-05
2195.0,2.182e-05
2200.0,1.899e-05
2205.0,1.983e-05
2210.0,2.136e-05
2215.0,2.021e-05
2220.0,2.047e-05
2225.0,1.964e-05
2230.0,1.955e-05
2235.0,1.886e-05
2240.0,1.845e-05
2245.0,1.751e-05
2250.0,1.765e-05
2255.0,1.625e-05
2260.0,1.578e-05
2265.0,1.602e-05
2270.0,1.489e-05
2275.0,1.451e-05
2280.0,1.51e-05
2285.0,1.398e-05
2290.0,1.385e-05
2295.0,1.336e-05
2300.0,1.253e-05
2305.0,1.252e-05
2310.0,1.368e-05
2315.0,1.208e-05
2320.0,1.042e-05
2325.0,1.16e-05
2330.0,1.153e-05
2335.0,1.173e-05
2340.0,8.828e-06
2345.0,9.997e-06
2350.0,7.686e-06
2355.0,9.02e-06
2360.0,9.54e-06
2365.0,9.302e-06
2370.0,5.196e-06
2375.0,8.022e-06
2380.0,7.565e-06
2385.0,5.218e-06
2390.0,6.248e-06
2395.0,6.909e-06
2400.0,7.568e-06
2405.0,5.514e-06
2410.0,5.489e-06
2415.0,4.277e-06
2420.0,4.074e-06
2425.0,5.2e-06
2430.0,7.275e-06
2435.0,2.033e-06
2440.0,6.893e-06
2445.0,2.913e-06
2450.0,1.775e-06
2455.0,3.526e-06
2460.0,4.853e-06
2465.0,3.301e-06
2470.0,2.132e-06
2475.0,2.064e-06
2480.0,9.183e-07
2485.0,5.899e-07
2490.0,3.335e-07
2495.0,2.851e-07
2500.0,7.43e-07
2505.0,1.379e-07
2510.0,2.073e-07
2515.0,4.171e-08
2520.0,2.416e-08
2525.0,2.553e-09
2530.0,1.746e-11
2535.0,3.843e-12
2540.0,9.151e-12
2545.0,6.925e-16
2550.0,2.805e-18
2555.0,1.353e-14
2560.0,4.043e-16
2565.0,9.044000000000001e-20
2570.0,2.692e-24
2575.0,1.703e-34
2580.0,1.7760000000000001e-28
2585.0,3.712e-42
2590.0,2.316e-38
2595.0,4.506e-40
2600.0,3.71e-35
2605.0,4.1e-42
2610.0,1.411e-41
2615.0,1.4009999999999999e-45
2620.0,1.244e-35
2625.0,2.277e-35
2630.0,0.0
2635.0,1.186e-21
2640.0,2.567e-22
2645.0,1.119e-24
2650.0,1.115e-25
2655.0,1.34e-34
2660.0,1.129e-31
2665.0,1.121e-44
2670.0,0.0
2675.0,5.464999999999999e-44
2680.0,2.2880000000000002e-30
2685.0,2.1860000000000003e-31
2690.0,8.178e-31
2695.0,3.2079999999999996e-33
2700.0,9.346e-29
2705.0,2.65e-26
2710.0,2.11e-31
2715.0,2.664e-29
2720.0,0.0
2725.0,5.966e-27
2730.0,1.739e-24
2735.0,1.9840000000000002e-26
2740.0,3.5830000000000003e-32
2745.0,4.62e-27
2750.0,2.589e-26
2755.0,4.166e-28
2760.0,6.241e-23
2765.0,2.93e-29
2770.0,1.439e-26
2775.0,1.777e-23
2780.0,8.273e-21
2785.0,3.106e-20
2790.0,7.085e-18
2795.0,1.558e-18
2800.0,4.977e-15
2805.0,9.301e-17
2810.0,3.735e-13
2815.0,1.113e-13
2820.0,1.36e-15
2825.0,1.198e-11
2830.0,2.612e-10
2835.0,3.572e-15
2840.0,7.658e-12
2845.0,2.669e-09
2850.0,4.594e-11
2855.0,1.831e-11
2860.0,9.566e-10
2865.0,7.084e-09
2870.0,1.786e-10
2875.0,1.726e-08
2880.0,1.084e-08
2885.0,1.791e-08
2890.0,7.579e-09
2895.0,1.304e-07
2900.0,3.613e-08
2905.0,4.162e-09
2910.0,1.329e-07
2915.0,5.623e-08
2920.0,1.4e-07
2925.0,4.966e-08
2930.0,3.03e-07
2935.0,3.346e-07
2940.0,7.439e-08
2945.0,6.385e-08
2950.0,2.594e-07
2955.0,1.148e-07
2960.0,2.29e-07
2965.0,3.887e-07
2970.0,1.502e-08
2975.0,3.817e-08
2980.0,5.958e-08
2985.0,3.533e-07
2990.0,5.366e-07
2995.0,2.027e-07
3000.0,3.869e-07
3005.0,1.31e-07
3010.0,3.385e-07
3015.0,2.624e-07
3020.0,2.348e-08
3025.0,3.623e-07
3030.0,2.852e-07
3035.0,1.078e-07
3040.0,8.425e-08
3045.0,1.819e-07
3050.0,4.085e-08
3055.0,9.959e-09
3060.0,2.843e-07
3065.0,1.198e-07
3070.0,6.718e-08
3075.0,2.655e-07
3080.0,1.536e-07
3085.0,6.765e-08
3090.0,9.23e-08
3095.0,2.252e-08
3100.0,1.853e-07
3105.0,3.433e-08
3110.0,2.881e-08
3115.0,8.701e-08
3120.0,4.336e-07
3125.0,1.254e-07
3130.0,2.509e-07
3135.0,5.096e-07
3140.0,1.333e-07
3145.0,1.306e-07
3150.0,2.79e-07
3155.0,2.342e-07
3160.0,3.923e-07
3165.0,6.204e-07
3170.0,5.492e-07
3175.0,3.844e-07
3180.0,4.544e-07
3185.0,3.183e-07
3190.0,1.644e-07
3195.0,9.147e-08
3200.0,1.265e-08
3205.0,8.256e-09
3210.0,3.421e-09
3215.0,1.406e-08
3220.0,4.996e-08
3225.0,5.613e-09
3230.0,9.385e-09
3235.0,2.741e-07
3240.0,1.236e-07
3245.0,2.28e-08
3250.0,8.572e-08
3255.0,3.778e-07
3260.0,3.64e-08
3265.0,7.962e-08
3270.0,3.716e-08
3275.0,2.297e-07
3280.0,9.638e-08
3285.0,4.302e-07
3290.0,3.225e-07
3295.0,3.813e-08
3300.0,5.694e-08
3305.0,1.333e-07
3310.0,1.268e-07
3315.0,1.756e-10
3320.0,1.106e-09
3325.0,1.067e-07
3330.0,1.612e-07
3335.0,3.185e-07
3340.0,1.143e-07
3345.0,1.112e-07
3350.0,2.808e-07
3355.0,1.123e-07
3360.0,1.725e-07
3365.0,2.439e-07
3370.0,1.172e-07
3375.0,2.86e-07
3380.0,1.542e-07
3385.0,2.449e-07
3390.0,3.229e-07
3395.0,3.119e-07
3400.0,4.214e-07
3405.0,1.272e-07
3410.0,2.24e-07
3415.0,2.182e-07
3420.0,4.37e-07
3425.0,3.124e-07
3430.0,2.633e-07
3435.0,3.757e-07
3440.0,2.403e-07
3445.0,3.586e-07
3450.0,3.504e-07
3455.0,2.492e-07
3460.0,3.99e-07
3465.0,2.954e-07
3470.0,3.863e-07
3475.0,3.353e-07
3480.0,3.436e-07
3485.0,3.736e-07
3490.0,3.12e-07
3495.0,3.759e-07
3500.0,3.628e-07
3505.0,3.575e-07
3510.0,3.623e-07
3515.0,3.463e-07
3520.0,3.702e-07
3525.0,3.447e-07
3530.0,3.345e-07
3535.0,2.736e-07
3540.0,2.59e-07
3545.0,2.749e-07
3550.0,3.101e-07
3555.0,2.597e-07
3560.0,3.174e-07
3565.0,3.168e-07
3570.0,2.378e-07
3575.0,2.461e-07
3580.0,2.964e-07
3585.0,2.586e-07
3590.0,2.697e-07
3595.0,2.755e-07
3600.0,2.945e-07
3605.0,2.942e-07
3610.0,2.658e-07
3615.0,2.657e-07
3620.0,3.322e-07
3625.0,2.835e-07
3630.0,2.754e-07
3635.0,2.838e-07
3640.0,3.203e-07
3645.0,2.88e-07
3650.0,2.731e-07
3655.0,2.985e-07
3660.0,2.952e-07
3665.0,2.718e-07
3670.0,2.029e-07
3675.0,1.142e-07
3680.0,2.112e-07
3685.0,2.434e-07
3690.0,2.513e-07
3695.0,2.621e-07
3700.0,2.841e-07
3705.0,2.79e-07
3710.0,2.374e-07
3715.0,2.328e-07
3720.0,2.668e-07
3725.0,2.74e-07
3730.0,2.323e-07
3735.0,2.098e-07
3740.0,2.157e-07
3745.0,2.558e-07
3750.0,2.288e-07
3755.0,2.202e-07
3760.0,2.162e-07
3765.0,2.067e-07
3770.0,2.227e-07
3775.0,2.191e-07
3780.0,2.331e-07
3785.0,2.105e-07
3790.0,1.823e-07
3795.0,2.113e-07
3800.0,2.394e-07
3805.0,2.225e-07
3810.0,1.936e-07
3815.0,1.791e-07
3820.0,2.301e-07
3825.0,2.241e-07
3830.0,2.271e-07
3835.0,1.745e-07
3840.0,2.09e-07
3845.0,2.025e-07
3850.0,2.032e-07
3855.0,1.929e-07
3860.0,1.779e-07
3865.0,1.789e-07
3870.0,1.593e-07
3875.0,1.426e-07
3880.0,1.366e-07
3885.0,1.415e-07
3890.0,1.434e-07
3895.0,1.588e-07
3900.0,1.696e-07
3905.0,1.685e-07
3910.0,1.48e-07
3915.0,1.432e-07
3920.0,1.426e-07
3925.0,1.392e-07
3930.0,1.442e-07
3935.0,1.507e-07
3940.0,1.523e-07
3945.0,1.547e-07
3950.0,1.57e-07
3955.0,1.583e-07
3960.0,1.593e-07
3965.0,1.602e-07
3970.0,1.575e-07
3975.0,1.524e-07
3980.0,1.495e-07
3985.0,1.494e-07
3990.0,1.467e-07
3995.0,1.427e-07
4000.0,1.362e-07
