interpolation:linear
wavelength,value
280.0,3.124e-34
280.5,4.667e-32
281.0,4.435e-31
281.5,6.119999999999999e-29
282.0,1.203e-27
282.5,8.486e-27
283.0,7.313e-26
283.5,1.925e-25
284.0,2.299e-23
284.5,1.5949999999999999e-22
285.0,7.950999999999999e-22
285.5,1.487e-20
286.0,9.995000000000001e-20
286.5,1.2e-18
287.0,6.96e-18
287.5,6.511e-17
288.0,7.204e-16
288.5,4.61e-15
289.0,2.523e-14
289.5,1.61e-13
290.0,8.114e-13
290.5,2.712e-12
291.0,1.038e-11
291.5,6.076e-11
292.0,2.463e-10
292.5,4.826e-10
293.0,1.57e-09
293.5,6.636e-09
294.0,1.522e-08
294.5,3.394e-08
295.0,8.044e-08
295.5,2.81e-07
296.0,6.498e-07
296.5,1.074e-06
297.0,1.656e-06
297.5,5.272e-06
298.0,9.496e-06
298.5,1.053e-05
299.0,2.532e-05
299.5,4.747e-05
300.0,5.559e-05
300.5,8.517e-05
301.0,0.0001645
301.5,0.0002734
302.0,0.0002389
302.5,0.0005061
303.0,0.0009979
303.5,0.001321
304.0,0.001262
304.5,0.001922
305.0,0.002961
305.5,0.003425
306.0,0.003347
306.5,0.004199
307.0,0.006224
307.5,0.008231
308.0,0.008763
308.5,0.01036
309.0,0.009501
309.5,0.01144
310.0,0.01179
310.5,0.01942
311.0,0.02486
311.5,0.02434
312.0,0.02494
312.5,0.03084
313.0,0.03386
313.5,0.03314
314.0,0.042
314.5,0.03759
315.0,0.04984
315.5,0.04216
316.0,0.03705
316.5,0.05338
317.0,0.06688
317.5,0.07037
318.0,0.05512
318.5,0.06813
319.0,0.08088
319.5,0.06738
320.0,0.08226
320.5,0.1022
321.0,0.09001
321.5,0.08686
322.0,0.09532
322.5,0.08353
323.0,0.0828
323.5,0.09997
324.0,0.1175
324.5,0.1207
325.0,0.1073
325.5,0.1374
326.0,0.1671
326.5,0.1674
327.0,0.1686
327.5,0.1647
328.0,0.1489
328.5,0.1562
329.0,0.1863
329.5,0.2122
330.0,0.2164
330.5,0.1761
331.0,0.1813
331.5,0.1845
332.0,0.1986
332.5,0.1967
333.0,0.1982
333.5,0.1822
334.0,0.1882
334.5,0.2167
335.0,0.2037
335.5,0.233
336.0,0.1622
336.5,0.1974
337.0,0.1638
337.5,0.2054
338.0,0.2002
338.5,0.2276
339.0,0.2282
339.5,0.22
340.0,0.2651
340.5,0.2403
341.0,0.2323
341.5,0.2167
342.0,0.2612
342.5,0.2464
343.0,0.2712
343.5,0.2559
344.0,0.1921
344.5,0.1915
345.0,0.2582
345.5,0.2663
346.0,0.2282
346.5,0.2602
347.0,0.2799
347.5,0.2273
348.0,0.2618
348.5,0.2637
349.0,0.2462
349.5,0.245
350.0,0.3048
350.5,0.3232
351.0,0.2898
351.5,0.2815
352.0,0.3051
352.5,0.2399
353.0,0.3042
353.5,0.3272
354.0,0.3415
354.5,0.348
355.0,0.3484
355.5,0.3165
356.0,0.3329
356.5,0.2856
357.0,0.2371
357.5,0.2916
358.0,0.2323
358.5,0.1994
359.0,0.2802
359.5,0.3584
360.0,0.3818
360.5,0.3066
361.0,0.2809
361.5,0.325
362.0,0.2825
362.5,0.3928
363.0,0.3544
363.5,0.3279
364.0,0.4029
364.5,0.3458
365.0,0.3537
365.5,0.4459
366.0,0.4745
366.5,0.4478
367.0,0.4379
367.5,0.4563
368.0,0.401
368.5,0.4062
369.0,0.4405
369.5,0.4715
370.0,0.5046
370.5,0.3932
371.0,0.4219
371.5,0.5298
372.0,0.353
372.5,0.4249
373.0,0.4339
373.5,0.2834
374.0,0.4134
374.5,0.3436
375.0,0.3353
375.5,0.5024
376.0,0.418
376.5,0.4347
377.0,0.4619
377.5,0.5424
378.0,0.59
378.5,0.5597
379.0,0.4635
379.5,0.4249
380.0,0.4434
380.5,0.539
381.0,0.5422
381.5,0.4314
382.0,0.3845
382.5,0.329
383.0,0.3057
383.5,0.2954
384.0,0.327
384.5,0.4826
385.0,0.4801
385.5,0.4486
386.0,0.3855
386.5,0.5081
387.0,0.4236
387.5,0.4773
388.0,0.4421
388.5,0.4384
389.0,0.4747
389.5,0.5768
390.0,0.5807
390.5,0.5361
391.0,0.633
391.5,0.6476
392.0,0.5471
392.5,0.4913
393.0,0.2742
393.5,0.1999
394.0,0.408
394.5,0.5202
395.0,0.6366
395.5,0.6485
396.0,0.5638
396.5,0.3306
397.0,0.2488
397.5,0.5075
398.0,0.7125
398.5,0.7384
399.0,0.8019
399.5,0.8014
400.0,0.8343
401.0,0.8613
402.0,0.9135
403.0,0.8723
404.0,0.8631
405.0,0.8671
406.0,0.8573
407.0,0.8477
408.0,0.8848
409.0,0.9512
410.0,0.8348
411.0,0.9083
412.0,0.98
413.0,0.9596
414.0,0.9756
415.0,0.9824
416.0,1.004
417.0,0.9835
418.0,0.9693
419.0,0.9861
420.0,0.9857
421.0,1.035
422.0,0.9881
423.0,0.9691
424.0,1.029
425.0,1.031
426.0,1.008
427.0,0.9928
428.0,0.9704
429.0,0.9225
430.0,0.8102
431.0,0.8057
432.0,1.044
433.0,1.054
434.0,0.9816
435.0,1.028
436.0,1.162
437.0,1.15
438.0,1.051
439.0,1.09
440.0,1.128
441.0,1.173
442.0,1.262
443.0,1.232
444.0,1.263
445.0,1.239
446.0,1.186
447.0,1.286
448.0,1.309
449.0,1.319
450.0,1.359
451.0,1.414
452.0,1.366
453.0,1.288
454.0,1.348
455.0,1.36
456.0,1.396
457.0,1.423
458.0,1.377
459.0,1.374
460.0,1.381
461.0,1.416
462.0,1.43
463.0,1.423
464.0,1.403
465.0,1.388
466.0,1.405
467.0,1.382
468.0,1.402
469.0,1.412
470.0,1.37
471.0,1.371
472.0,1.447
473.0,1.431
474.0,1.436
475.0,1.451
476.0,1.41
477.0,1.417
478.0,1.459
479.0,1.454
480.0,1.46
481.0,1.491
482.0,1.501
483.0,1.486
484.0,1.459
485.0,1.392
486.0,1.219
487.0,1.28
488.0,1.407
489.0,1.413
490.0,1.49
491.0,1.466
492.0,1.387
493.0,1.435
494.0,1.452
495.0,1.466
496.0,1.478
497.0,1.503
498.0,1.435
499.0,1.456
500.0,1.416
501.0,1.392
502.0,1.374
503.0,1.432
504.0,1.397
505.0,1.45
506.0,1.499
507.0,1.428
508.0,1.386
509.0,1.426
510.0,1.421
511.0,1.461
512.0,1.479
513.0,1.402
514.0,1.394
515.0,1.382
516.0,1.38
517.0,1.228
518.0,1.293
519.0,1.357
520.0,1.409
521.0,1.424
522.0,1.427
523.0,1.402
524.0,1.454
525.0,1.473
526.0,1.409
527.0,1.329
528.0,1.407
529.0,1.484
530.0,1.465
531.0,1.488
532.0,1.438
533.0,1.397
534.0,1.44
535.0,1.473
536.0,1.488
537.0,1.431
538.0,1.458
539.0,1.447
540.0,1.389
541.0,1.399
542.0,1.444
543.0,1.43
544.0,1.456
545.0,1.453
546.0,1.46
547.0,1.461
548.0,1.445
549.0,1.451
550.0,1.47
551.0,1.453
552.0,1.465
553.0,1.44
554.0,1.475
555.0,1.479
556.0,1.461
557.0,1.417
558.0,1.407
559.0,1.382
560.0,1.401
561.0,1.42
562.0,1.411
563.0,1.45
564.0,1.411
565.0,1.4
566.0,1.38
567.0,1.407
568.0,1.395
569.0,1.362
570.0,1.363
571.0,1.356
572.0,1.388
573.0,1.404
574.0,1.4
575.0,1.374
576.0,1.363
577.0,1.379
578.0,1.359
579.0,1.366
580.0,1.394
581.0,1.403
582.0,1.431
583.0,1.436
584.0,1.449
585.0,1.415
586.0,1.387
587.0,1.418
588.0,1.382
589.0,1.222
590.0,1.278
591.0,1.356
592.0,1.338
593.0,1.361
594.0,1.351
595.0,1.318
596.0,1.373
597.0,1.358
598.0,1.357
599.0,1.359
600.0,1.363
601.0,1.353
602.0,1.344
603.0,1.368
604.0,1.391
605.0,1.385
606.0,1.38
607.0,1.395
608.0,1.38
609.0,1.383
610.0,1.374
611.0,1.382
612.0,1.379
613.0,1.362
614.0,1.345
615.0,1.375
616.0,1.33
617.0,1.328
618.0,1.38
619.0,1.367
620.0,1.376
621.0,1.377
622.0,1.362
623.0,1.341
624.0,1.319
625.0,1.317
626.0,1.336
627.0,1.351
628.0,1.254
629.0,1.317
630.0,1.287
631.0,1.32
632.0,1.305
633.0,1.346
634.0,1.334
635.0,1.356
636.0,1.339
637.0,1.362
638.0,1.376
639.0,1.362
640.0,1.349
641.0,1.349
642.0,1.344
643.0,1.362
644.0,1.359
645.0,1.361
646.0,1.329
647.0,1.311
648.0,1.313
649.0,1.288
650.0,1.297
651.0,1.355
652.0,1.296
653.0,1.338
654.0,1.324
655.0,1.273
656.0,1.13
657.0,1.161
658.0,1.302
659.0,1.312
660.0,1.318
661.0,1.328
662.0,1.331
663.0,1.305
664.0,1.322
665.0,1.324
666.0,1.325
667.0,1.325
668.0,1.326
669.0,1.347
670.0,1.342
671.0,1.342
672.0,1.331
673.0,1.352
674.0,1.347
675.0,1.335
676.0,1.345
677.0,1.332
678.0,1.336
679.0,1.315
680.0,1.326
681.0,1.318
682.0,1.317
683.0,1.314
684.0,1.308
685.0,1.32
686.0,1.312
687.0,0.835
688.0,0.996
689.0,1.0
690.0,1.055
691.0,1.118
692.0,1.164
693.0,1.154
694.0,1.145
695.0,1.198
696.0,1.2
697.0,1.279
698.0,1.259
699.0,1.226
700.0,1.211
701.0,1.198
702.0,1.208
703.0,1.21
704.0,1.252
705.0,1.254
706.0,1.254
707.0,1.255
708.0,1.258
709.0,1.262
710.0,1.261
711.0,1.26
712.0,1.257
713.0,1.245
714.0,1.25
715.0,1.209
716.0,1.21
717.0,1.036
718.0,0.9505
719.0,0.8699
720.0,0.91
721.0,1.013
722.0,1.167
723.0,1.083
724.0,0.9706
725.0,0.9533
726.0,0.9987
727.0,1.017
728.0,0.9509
729.0,0.9915
730.0,1.049
731.0,1.002
732.0,1.077
733.0,1.145
734.0,1.174
735.0,1.149
736.0,1.148
737.0,1.153
738.0,1.174
739.0,1.151
740.0,1.183
741.0,1.172
742.0,1.174
743.0,1.204
744.0,1.201
745.0,1.202
746.0,1.208
747.0,1.211
748.0,1.208
749.0,1.195
750.0,1.194
751.0,1.183
752.0,1.188
753.0,1.194
754.0,1.197
755.0,1.191
756.0,1.19
757.0,1.192
758.0,1.178
759.0,1.152
760.0,0.1574
761.0,0.07669
762.0,0.5489
763.0,0.2527
764.0,0.3986
765.0,0.5491
766.0,0.6933
767.0,0.8948
768.0,1.049
769.0,1.075
770.0,1.116
771.0,1.127
772.0,1.13
773.0,1.139
774.0,1.133
775.0,1.125
776.0,1.139
777.0,1.124
778.0,1.118
779.0,1.119
780.0,1.113
781.0,1.114
782.0,1.121
783.0,1.102
784.0,1.107
785.0,1.099
786.0,1.111
787.0,1.09
788.0,1.076
789.0,1.076
790.0,1.045
791.0,1.056
792.0,1.049
793.0,1.032
794.0,1.052
795.0,1.07
796.0,1.034
797.0,1.035
798.0,1.069
799.0,1.061
800.0,1.042
801.0,1.038
802.0,1.036
803.0,1.027
804.0,1.029
805.0,1.027
806.0,1.058
807.0,1.045
808.0,1.046
809.0,1.025
810.0,1.016
811.0,1.016
812.0,0.9849
813.0,0.9632
814.0,0.8405
815.0,0.8358
816.0,0.7774
817.0,0.7924
818.0,0.7612
819.0,0.8572
820.0,0.8051
821.0,0.9497
822.0,0.9213
823.0,0.6132
824.0,0.8915
825.0,0.9335
826.0,0.8955
827.0,0.9479
828.0,0.7957
829.0,0.891
830.0,0.8786
831.0,0.882
832.0,0.8536
833.0,0.9122
834.0,0.8772
835.0,0.9698
836.0,0.9245
837.0,0.973
838.0,0.9409
839.0,0.9589
840.0,0.9806
841.0,0.9659
842.0,0.9694
843.0,0.9704
844.0,0.9562
845.0,0.9896
846.0,0.9857
847.0,0.9678
848.0,0.9613
849.0,0.9341
850.0,0.8951
851.0,0.9472
852.0,0.9409
853.0,0.9063
854.0,0.7822
855.0,0.8601
856.0,0.9397
857.0,0.9612
858.0,0.954
859.0,0.9553
860.0,0.9573
861.0,0.9521
862.0,0.9672
863.0,0.9901
864.0,0.9408
865.0,0.9327
866.0,0.8387
867.0,0.8754
868.0,0.9527
869.0,0.933
870.0,0.9597
871.0,0.9468
872.0,0.9435
873.0,0.9418
874.0,0.9307
875.0,0.9119
876.0,0.9214
877.0,0.9309
878.0,0.9409
879.0,0.9266
880.0,0.9068
881.0,0.893
882.0,0.9122
883.0,0.9155
884.0,0.9113
885.0,0.9182
886.0,0.874
887.0,0.8843
888.0,0.8968
889.0,0.9082
890.0,0.8993
891.0,0.8986
892.0,0.871
893.0,0.8419
894.0,0.8086
895.0,0.7593
896.0,0.7138
897.0,0.6072
898.0,0.6658
899.0,0.4995
900.0,0.6857
901.0,0.5236
902.0,0.6242
903.0,0.6271
904.0,0.8032
905.0,0.7737
906.0,0.7225
907.0,0.5777
908.0,0.5907
909.0,0.6441
910.0,0.5618
911.0,0.6041
912.0,0.6329
913.0,0.5699
914.0,0.5666
915.0,0.6143
916.0,0.5184
917.0,0.666
918.0,0.5311
919.0,0.6806
920.0,0.6925
921.0,0.7206
922.0,0.6384
923.0,0.6966
924.0,0.6535
925.0,0.6395
926.0,0.646
927.0,0.729
928.0,0.5182
929.0,0.4685
930.0,0.3609
931.0,0.3429
932.0,0.2393
933.0,0.1907
934.0,0.09651
935.0,0.1983
936.0,0.1187
937.0,0.1198
938.0,0.1493
939.0,0.3323
940.0,0.4052
941.0,0.2985
942.0,0.3501
943.0,0.2246
944.0,0.2421
945.0,0.3094
946.0,0.1497
947.0,0.3087
948.0,0.2259
949.0,0.4208
950.0,0.1055
951.0,0.4159
952.0,0.2134
953.0,0.2823
954.0,0.3537
955.0,0.2864
956.0,0.2833
957.0,0.2129
958.0,0.4113
959.0,0.3181
960.0,0.3565
961.0,0.407
962.0,0.3844
963.0,0.4491
964.0,0.4096
965.0,0.4479
966.0,0.4466
967.0,0.4441
968.0,0.617
969.0,0.6421
970.0,0.5872
971.0,0.6816
972.0,0.6502
973.0,0.5566
974.0,0.5271
975.0,0.5509
976.0,0.5178
977.0,0.5998
978.0,0.5654
979.0,0.5952
980.0,0.5579
981.0,0.6784
982.0,0.6452
983.0,0.6175
984.0,0.7032
985.0,0.6429
986.0,0.7181
987.0,0.7012
988.0,0.7001
989.0,0.7176
990.0,0.6959
991.0,0.7195
992.0,0.724
993.0,0.7051
994.0,0.7242
995.0,0.7237
996.0,0.7201
997.0,0.7214
998.0,0.7179
999.0,0.7154
1000.0,0.7098
1001.0,0.7194
1002.0,0.6969
1003.0,0.7066
1004.0,0.6886
1005.0,0.6644
1006.0,0.6899
1007.0,0.7049
1008.0,0.7006
1009.0,0.6963
1010.0,0.6931
1011.0,0.7015
1012.0,0.6949
1013.0,0.7
1014.0,0.6951
1015.0,0.6905
1016.0,0.6874
1017.0,0.689
1018.0,0.6868
1019.0,0.6712
1020.0,0.6831
1021.0,0.6824
1022.0,0.6767
1023.0,0.6839
1024.0,0.6739
1025.0,0.6838
1026.0,0.6807
1027.0,0.6792
1028.0,0.6777
1029.0,0.6696
1030.0,0.6746
1031.0,0.6718
1032.0,0.67
1033.0,0.6599
1034.0,0.66
1035.0,0.6621
1036.0,0.6654
1037.0,0.6547
1038.0,0.6576
1039.0,0.6571
1040.0,0.6545
1041.0,0.657
1042.0,0.6525
1043.0,0.6504
1044.0,0.6526
1045.0,0.6437
1046.0,0.6366
1047.0,0.6423
1048.0,0.6457
1049.0,0.6433
1050.0,0.6403
1051.0,0.6393
1052.0,0.6366
1053.0,0.6315
1054.0,0.6327
1055.0,0.633
1056.0,0.6306
1057.0,0.6285
1058.0,0.6129
1059.0,0.6134
1060.0,0.6124
1061.0,0.6116
1062.0,0.6147
1063.0,0.6085
1064.0,0.6158
1065.0,0.611
1066.0,0.5993
1067.0,0.6069
1068.0,0.5934
1069.0,0.5753
1070.0,0.5946
1071.0,0.6048
1072.0,0.5971
1073.0,0.5887
1074.0,0.605
1075.0,0.5718
1076.0,0.6044
1077.0,0.5919
1078.0,0.5801
1079.0,0.5953
1080.0,0.5829
1081.0,0.5628
1082.0,0.5744
1083.0,0.5768
1084.0,0.5608
1085.0,0.5846
1086.0,0.5293
1087.0,0.5493
1088.0,0.5758
1089.0,0.5554
1090.0,0.5415
1091.0,0.5732
1092.0,0.5724
1093.0,0.4775
1094.0,0.5227
1095.0,0.4983
1096.0,0.4749
1097.0,0.5593
1098.0,0.4665
1099.0,0.4879
1100.0,0.4502
1101.0,0.4569
1102.0,0.4343
1103.0,0.4285
1104.0,0.4293
1105.0,0.4761
1106.0,0.3511
1107.0,0.4497
1108.0,0.3734
1109.0,0.3757
1110.0,0.4446
1111.0,0.2913
1112.0,0.3734
1113.0,0.2272
1114.0,0.2548
1115.0,0.2108
1116.0,0.1621
1117.0,0.05321
1118.0,0.1784
1119.0,0.08319
1120.0,0.1042
1121.0,0.1415
1122.0,0.05503
1123.0,0.09443
1124.0,0.07964
1125.0,0.1052
1126.0,0.03222
1127.0,0.1191
1128.0,0.06636
1129.0,0.07105
1130.0,0.04514
1131.0,0.238
1132.0,0.1844
1133.0,0.1103
1134.0,0.02475
1135.0,0.009492
1136.0,0.08969
1137.0,0.2315
1138.0,0.1619
1139.0,0.2546
1140.0,0.2077
1141.0,0.154
1142.0,0.1797
1143.0,0.2607
1144.0,0.0849
1145.0,0.1065
1146.0,0.1148
1147.0,0.03588
1148.0,0.2253
1149.0,0.176
1150.0,0.09213
1151.0,0.1606
1152.0,0.2023
1153.0,0.2008
1154.0,0.1028
1155.0,0.2655
1156.0,0.2365
1157.0,0.2698
1158.0,0.2668
1159.0,0.2909
1160.0,0.2454
1161.0,0.3094
1162.0,0.3104
1163.0,0.4309
1164.0,0.3654
1165.0,0.3406
1166.0,0.3414
1167.0,0.3739
1168.0,0.377
1169.0,0.3873
1170.0,0.4244
1171.0,0.4135
1172.0,0.423
1173.0,0.4235
1174.0,0.2944
1175.0,0.4154
1176.0,0.4609
1177.0,0.4396
1178.0,0.3242
1179.0,0.4648
1180.0,0.4103
1181.0,0.4237
1182.0,0.2859
1183.0,0.4182
1184.0,0.3898
1185.0,0.3742
1186.0,0.4501
1187.0,0.4267
1188.0,0.2899
1189.0,0.3972
1190.0,0.4401
1191.0,0.4143
1192.0,0.4467
1193.0,0.4268
1194.0,0.4407
1195.0,0.4144
1196.0,0.3976
1197.0,0.4422
1198.0,0.4031
1199.0,0.3375
1200.0,0.4213
1201.0,0.4045
1202.0,0.4035
1203.0,0.3995
1204.0,0.3469
1205.0,0.4145
1206.0,0.4605
1207.0,0.4018
1208.0,0.3971
1209.0,0.4057
1210.0,0.4238
1211.0,0.4017
1212.0,0.3943
1213.0,0.4442
1214.0,0.4049
1215.0,0.3968
1216.0,0.443
1217.0,0.4303
1218.0,0.4394
1219.0,0.4334
1220.0,0.4399
1221.0,0.4448
1222.0,0.4328
1223.0,0.4284
1224.0,0.4249
1225.0,0.4419
1226.0,0.4456
1227.0,0.4085
1228.0,0.4484
1229.0,0.4457
1230.0,0.4376
1231.0,0.4517
1232.0,0.449
1233.0,0.4314
1234.0,0.4518
1235.0,0.4486
1236.0,0.4521
1237.0,0.4449
1238.0,0.4506
1239.0,0.4448
1240.0,0.4466
1241.0,0.444
1242.0,0.4435
1243.0,0.44
1244.0,0.443
1245.0,0.4449
1246.0,0.4424
1247.0,0.4405
1248.0,0.44
1249.0,0.4416
1250.0,0.4388
1251.0,0.4328
1252.0,0.4333
1253.0,0.4291
1254.0,0.4242
1255.0,0.4327
1256.0,0.4192
1257.0,0.4166
1258.0,0.4255
1259.0,0.408
1260.0,0.4104
1261.0,0.3847
1262.0,0.3718
1263.0,0.3724
1264.0,0.3405
1265.0,0.3701
1266.0,0.3542
1267.0,0.3618
1268.0,0.341
1269.0,0.1981
1270.0,0.3599
1271.0,0.3838
1272.0,0.3854
1273.0,0.381
1274.0,0.3826
1275.0,0.3886
1276.0,0.3929
1277.0,0.3962
1278.0,0.4049
1279.0,0.4012
1280.0,0.3962
1281.0,0.3785
1282.0,0.3655
1283.0,0.3935
1284.0,0.4028
1285.0,0.4056
1286.0,0.4115
1287.0,0.4043
1288.0,0.4045
1289.0,0.3901
1290.0,0.401
1291.0,0.407
1292.0,0.3793
1293.0,0.3983
1294.0,0.3954
1295.0,0.3926
1296.0,0.3729
1297.0,0.3512
1298.0,0.3811
1299.0,0.3991
1300.0,0.3327
1301.0,0.3439
1302.0,0.38
1303.0,0.3289
1304.0,0.2756
1305.0,0.3719
1306.0,0.3715
1307.0,0.2834
1308.0,0.3303
1309.0,0.3681
1310.0,0.2777
1311.0,0.3156
1312.0,0.3062
1313.0,0.2993
1314.0,0.2662
1315.0,0.2615
1316.0,0.3096
1317.0,0.2927
1318.0,0.3202
1319.0,0.2443
1320.0,0.238
1321.0,0.2793
1322.0,0.281
1323.0,0.2064
1324.0,0.2398
1325.0,0.3048
1326.0,0.2585
1327.0,0.2457
1328.0,0.2102
1329.0,0.1533
1330.0,0.2019
1331.0,0.1166
1332.0,0.1221
1333.0,0.1711
1334.0,0.1478
1335.0,0.2055
1336.0,0.1597
1337.0,0.1399
1338.0,0.1513
1339.0,0.1514
1340.0,0.1488
1341.0,0.1418
1342.0,0.1493
1343.0,0.09442
1344.0,0.05706
1345.0,0.08241
1346.0,0.03696
1347.0,0.03689
1348.0,0.001902
1349.0,0.007279
1350.0,0.00791
1351.0,0.001559
1352.0,0.0003311
1353.0,1.338e-05
1354.0,5.424e-05
1355.0,2.642e-07
1356.0,6.449e-06
1357.0,9.866e-06
1358.0,3.194e-07
1359.0,2.728e-08
1360.0,1.273e-07
1361.0,6.333e-11
1362.0,1.251e-13
1363.0,1.502e-07
1364.0,6.213e-08
1365.0,2.782e-14
1366.0,7.275e-07
1367.0,3.253e-07
1368.0,8.877e-17
1369.0,2.288e-08
1370.0,9.573e-09
1371.0,4.498e-10
1372.0,1.801e-07
1373.0,4.695e-06
1374.0,2.607e-05
1375.0,4.647e-05
1376.0,4.934e-05
1377.0,2.179e-05
1378.0,0.0002279
1379.0,9.14e-06
1380.0,1.173e-05
1381.0,2.791e-07
1382.0,1.549e-07
1383.0,2.04e-09
1384.0,2.416e-08
1385.0,1.775e-07
1386.0,1.226e-07
1387.0,2.397e-05
1388.0,4.854e-07
1389.0,0.0001001
1390.0,8.543e-05
1391.0,5.527e-05
1392.0,3.435e-06
1393.0,2.001e-05
1394.0,7.659e-06
1395.0,4.679e-08
1396.0,1.023e-10
1397.0,7.434e-06
1398.0,0.0002502
1399.0,0.0001601
1400.0,3.547e-11
1401.0,1.992e-10
1402.0,0.0005785
1403.0,0.0006911
1404.0,0.0002058
1405.0,1.979e-08
1406.0,0.0004909
1407.0,4.694e-05
1408.0,0.0004083
1409.0,0.0001184
1410.0,0.0001057
1411.0,0.0006141
1412.0,0.0008891
1413.0,0.01119
1414.0,8.508e-05
1415.0,3.821e-05
1416.0,0.0211
1417.0,0.005551
1418.0,0.006114
1419.0,0.0009172
1420.0,0.003716
1421.0,0.004076
1422.0,0.0277
1423.0,0.005167
1424.0,0.009935
1425.0,0.01416
1426.0,0.01714
1427.0,0.03389
1428.0,0.001749
1429.0,0.02411
1430.0,0.04433
1431.0,0.04953
1432.0,0.001363
1433.0,0.03039
1434.0,0.01492
1435.0,0.01309
1436.0,0.02803
1437.0,0.02156
1438.0,0.008352
1439.0,0.03932
1440.0,0.02949
1441.0,0.02096
1442.0,0.02329
1443.0,0.0316
1444.0,0.04527
1445.0,0.03322
1446.0,0.01427
1447.0,0.02287
1448.0,0.09277
1449.0,0.07842
1450.0,0.01713
1451.0,0.006465
1452.0,0.0448
1453.0,0.06009
1454.0,0.1131
1455.0,0.04968
1456.0,0.06554
1457.0,0.0934
1458.0,0.116
1459.0,0.1364
1460.0,0.068
1461.0,0.06821
1462.0,0.1053
1463.0,0.03106
1464.0,0.1298
1465.0,0.07716
1466.0,0.04698
1467.0,0.02274
1468.0,0.05704
1469.0,0.07263
1470.0,0.03184
1471.0,0.01106
1472.0,0.03033
1473.0,0.05039
1474.0,0.07937
1475.0,0.1596
1476.0,0.0516
1477.0,0.05085
1478.0,0.04941
1479.0,0.09952
1480.0,0.0439
1481.0,0.09385
1482.0,0.04434
1483.0,0.125
1484.0,0.119
1485.0,0.1038
1486.0,0.1005
1487.0,0.042
1488.0,0.08045
1489.0,0.1683
1490.0,0.1564
1491.0,0.1806
1492.0,0.1423
1493.0,0.1597
1494.0,0.1843
1495.0,0.1625
1496.0,0.1511
1497.0,0.2166
1498.0,0.1724
1499.0,0.2035
1500.0,0.2388
1501.0,0.2508
1502.0,0.2108
1503.0,0.1754
1504.0,0.1379
1505.0,0.1691
1506.0,0.252
1507.0,0.2417
1508.0,0.2304
1509.0,0.1712
1510.0,0.2626
1511.0,0.2526
1512.0,0.2513
1513.0,0.2276
1514.0,0.2115
1515.0,0.2586
1516.0,0.2469
1517.0,0.2402
1518.0,0.24
1519.0,0.2338
1520.0,0.2532
1521.0,0.2724
1522.0,0.2576
1523.0,0.2766
1524.0,0.2674
1525.0,0.2546
1526.0,0.2588
1527.0,0.2569
1528.0,0.2753
1529.0,0.2607
1530.0,0.2559
1531.0,0.2635
1532.0,0.2751
1533.0,0.2753
1534.0,0.2704
1535.0,0.2689
1536.0,0.2744
1537.0,0.2683
1538.0,0.2715
1539.0,0.2668
1540.0,0.2678
1541.0,0.2699
1542.0,0.267
1543.0,0.272
1544.0,0.2687
1545.0,0.2741
1546.0,0.2697
1547.0,0.266
1548.0,0.2659
1549.0,0.2683
1550.0,0.2664
1551.0,0.2684
1552.0,0.2662
1553.0,0.2648
1554.0,0.2625
1555.0,0.2632
1556.0,0.2631
1557.0,0.2662
1558.0,0.2648
1559.0,0.2631
1560.0,0.2649
1561.0,0.2667
1562.0,0.2633
1563.0,0.2612
1564.0,0.2624
1565.0,0.2629
1566.0,0.2593
1567.0,0.2598
1568.0,0.2571
1569.0,0.2587
1570.0,0.2609
1571.0,0.2628
1572.0,0.261
1573.0,0.2592
1574.0,0.2499
1575.0,0.247
1576.0,0.2431
1577.0,0.2369
1578.0,0.2487
1579.0,0.2508
1580.0,0.253
1581.0,0.2492
1582.0,0.2442
1583.0,0.2453
1584.0,0.2498
1585.0,0.2525
1586.0,0.2495
1587.0,0.2454
1588.0,0.2385
1589.0,0.2311
1590.0,0.2363
1591.0,0.2421
1592.0,0.2492
1593.0,0.2532
1594.0,0.2527
1595.0,0.2495
1596.0,0.2421
1597.0,0.2481
1598.0,0.2516
1599.0,0.2488
1600.0,0.2472
1601.0,0.2437
1602.0,0.2444
1603.0,0.2469
1604.0,0.245
1605.0,0.2449
1606.0,0.2421
1607.0,0.2443
1608.0,0.2441
1609.0,0.2376
1610.0,0.2327
1611.0,0.2368
1612.0,0.2395
1613.0,0.2399
1614.0,0.2399
1615.0,0.2345
1616.0,0.2309
1617.0,0.2354
1618.0,0.2395
1619.0,0.235
1620.0,0.23
1621.0,0.2327
1622.0,0.2363
1623.0,0.2398
1624.0,0.237
1625.0,0.2361
1626.0,0.2366
1627.0,0.2385
1628.0,0.2378
1629.0,0.2357
1630.0,0.2343
1631.0,0.2329
1632.0,0.2324
1633.0,0.2252
1634.0,0.2306
1635.0,0.2271
1636.0,0.2254
1637.0,0.223
1638.0,0.2095
1639.0,0.2182
1640.0,0.2083
1641.0,0.2165
1642.0,0.2209
1643.0,0.2079
1644.0,0.2209
1645.0,0.2143
1646.0,0.2088
1647.0,0.2244
1648.0,0.2081
1649.0,0.2188
1650.0,0.2205
1651.0,0.2036
1652.0,0.2182
1653.0,0.2204
1654.0,0.2081
1655.0,0.2205
1656.0,0.2166
1657.0,0.2183
1658.0,0.2214
1659.0,0.2197
1660.0,0.2217
1661.0,0.2205
1662.0,0.2142
1663.0,0.2196
1664.0,0.2176
1665.0,0.2048
1666.0,0.1649
1667.0,0.2029
1668.0,0.2111
1669.0,0.2126
1670.0,0.2165
1671.0,0.2102
1672.0,0.2078
1673.0,0.2128
1674.0,0.2079
1675.0,0.2048
1676.0,0.2064
1677.0,0.206
1678.0,0.1998
1679.0,0.2046
1680.0,0.1962
1681.0,0.1899
1682.0,0.2009
1683.0,0.2053
1684.0,0.1887
1685.0,0.2076
1686.0,0.207
1687.0,0.1987
1688.0,0.2058
1689.0,0.2036
1690.0,0.2029
1691.0,0.1838
1692.0,0.2021
1693.0,0.2081
1694.0,0.1998
1695.0,0.2058
1696.0,0.2058
1697.0,0.171
1698.0,0.2039
1699.0,0.2011
1700.0,0.1954
1702.0,0.1992
1705.0,0.1928
1710.0,0.1825
1715.0,0.1833
1720.0,0.1815
1725.0,0.1687
1730.0,0.1672
1735.0,0.1562
1740.0,0.1583
1745.0,0.1485
1750.0,0.159
1755.0,0.1458
1760.0,0.1524
1765.0,0.1236
1770.0,0.1319
1775.0,0.1043
1780.0,0.08833
1785.0,0.06471
1790.0,0.07557
1795.0,0.03385
1800.0,0.02417
1805.0,0.008207
1810.0,0.005519
1815.0,0.001273
1820.0,0.000277
1825.0,0.0003704
1830.0,5.049e-07
1835.0,1.003e-06
1840.0,3.306e-09
1845.0,3.667e-07
1850.0,1.581e-07
1855.0,1.644e-08
1860.0,1.503e-06
1865.0,1.901e-06
1870.0,3.155e-12
1875.0,6.086e-12
1880.0,1.292e-05
1885.0,6.57e-06
1890.0,3.846e-05
1895.0,2.366e-05
1900.0,6.269e-08
1905.0,4.57e-08
1910.0,2.688e-06
1915.0,3.143e-06
1920.0,9.732e-05
1925.0,0.0002735
1930.0,0.0001608
1935.0,0.00152
1940.0,0.001686
1945.0,0.007749
1950.0,0.01639
1955.0,0.0141
1960.0,0.02748
1965.0,0.04196
1970.0,0.06111
1975.0,0.06996
1980.0,0.07093
1985.0,0.07694
1990.0,0.07969
1995.0,0.08484
2000.0,0.08985
2005.0,0.07502
2010.0,0.1101
2015.0,0.08542
2020.0,0.0922
2025.0,0.1014
2030.0,0.09282
2035.0,0.1023
2040.0,0.09718
2045.0,0.1007
2050.0,0.1027
2055.0,0.09827
2060.0,0.09497
2065.0,0.09694
2070.0,0.09579
2075.0,0.09842
2080.0,0.09594
2085.0,0.09541
2090.0,0.09646
2095.0,0.09359
2100.0,0.08697
2105.0,0.09441
2110.0,0.09022
2115.0,0.09271
2120.0,0.08677
2125.0,0.08817
2130.0,0.08945
2135.0,0.09003
2140.0,0.09079
2145.0,0.08986
2150.0,0.08388
2155.0,0.08389
2160.0,0.08312
2165.0,0.07572
2170.0,0.08089
2175.0,0.07868
2180.0,0.08105
2185.0,0.07222
2190.0,0.07818
2195.0,0.07743
2200.0,0.06753
2205.0,0.07167
2210.0,0.07834
2215.0,0.07464
2220.0,0.07645
2225.0,0.07408
2230.0,0.07452
2235.0,0.07262
2240.0,0.07181
2245.0,0.06877
2250.0,0.07069
2255.0,0.06554
2260.0,0.0645
2265.0,0.06652
2270.0,0.06215
2275.0,0.06114
2280.0,0.06457
2285.0,0.06001
2290.0,0.06009
2295.0,0.05841
2300.0,0.05497
2305.0,0.05554
2310.0,0.06193
2315.0,0.0546
2320.0,0.04717
2325.0,0.05373
2330.0,0.05355
2335.0,0.05509
2340.0,0.04127
2345.0,0.04724
2350.0,0.0367
2355.0,0.04327
2360.0,0.04636
2365.0,0.04605
2370.0,0.02498
2375.0,0.03986
2380.0,0.0382
2385.0,0.02632
2390.0,0.03203
2395.0,0.03561
2400.0,0.0394
2405.0,0.02925
2410.0,0.02925
2415.0,0.02282
2420.0,0.02228
2425.0,0.02848
2430.0,0.03998
2435.0,0.01149
2440.0,0.03921
2445.0,0.01675
2450.0,0.01021
2455.0,0.02074
2460.0,0.02844
2465.0,0.01939
2470.0,0.01229
2475.0,0.01192
2480.0,0.005293
2485.0,0.003222
2490.0,0.00172
2495.0,0.001505
2500.0,0.004124
2505.0,0.0008047
2510.0,0.001207
2515.0,0.000229
2520.0,9.474e-05
2525.0,1.147e-05
2530.0,3.121e-08
2535.0,5.294e-09
2540.0,1.454e-08
2545.0,5.968e-13
2550.0,1.707e-15
2555.0,1.162e-11
2560.0,3.735e-13
2565.0,3.205e-17
2570.0,2.4079999999999996e-22
2575.0,8.818e-34
2580.0,3.222e-27
2585.0,1.862e-42
2590.0,2.526e-38
2595.0,3.807e-39
2600.0,9.144e-35
2605.0,1.0189999999999999e-41
2610.0,8.514e-42
2615.0,0.0
2620.0,1.223e-34
2625.0,4.077e-35
2630.0,0.0
2635.0,2.491e-19
2640.0,3.4470000000000004e-20
2645.0,8.249999999999999e-23
2650.0,4.337e-24
2655.0,5.137e-34
2660.0,2.207e-30
2665.0,1.261e-44
2670.0,0.0
2675.0,5.605e-44
2680.0,6.675999999999999e-29
2685.0,4.871e-30
2690.0,7.288e-30
2695.0,6.069e-32
2700.0,2.2249999999999998e-27
2705.0,8.216000000000001e-25
2710.0,1.0229999999999999e-29
2715.0,3.1980000000000003e-28
2720.0,0.0
2725.0,6.122e-25
2730.0,6.882999999999999e-23
2735.0,9.526e-25
2740.0,1.5000000000000001e-30
2745.0,3.042e-25
2750.0,1.6929999999999998e-24
2755.0,2.4010000000000003e-26
2760.0,8.849e-21
2765.0,1.431e-27
2770.0,1.018e-24
2775.0,1.981e-21
2780.0,3.231e-18
2785.0,2.251e-17
2790.0,3.855e-15
2795.0,5.025e-16
2800.0,8.127e-12
2805.0,1.477e-13
2810.0,7.889e-10
2815.0,2.336e-10
2820.0,2.133e-12
2825.0,3.504e-08
2830.0,1.144e-06
2835.0,5.172e-12
2840.0,2.68e-08
2845.0,1.683e-05
2850.0,1.794e-07
2855.0,1.028e-07
2860.0,5.78e-06
2865.0,5.107e-05
2870.0,8.705e-07
2875.0,0.0001459
2880.0,0.0001017
2885.0,0.0001541
2890.0,7.233e-05
2895.0,0.001524
2900.0,0.0003884
2905.0,3.809e-05
2910.0,0.001637
2915.0,0.000637
2920.0,0.001741
2925.0,0.0006032
2930.0,0.004146
2935.0,0.004617
2940.0,0.0009296
2945.0,0.0007623
2950.0,0.00357
2955.0,0.001613
2960.0,0.003271
2965.0,0.005881
2970.0,0.0001844
2975.0,0.0005001
2980.0,0.000784
2985.0,0.005447
2990.0,0.008769
2995.0,0.003011
3000.0,0.006166
3005.0,0.001935
3010.0,0.005507
3015.0,0.004111
3020.0,0.0002834
3025.0,0.005991
3030.0,0.004673
3035.0,0.001655
3040.0,0.001276
3045.0,0.002851
3050.0,0.0006005
3055.0,0.0001283
3060.0,0.004876
3065.0,0.001893
3070.0,0.0009973
3075.0,0.004598
3080.0,0.002598
3085.0,0.001037
3090.0,0.001442
3095.0,0.0003159
3100.0,0.003234
3105.0,0.0005416
3110.0,0.0004052
3115.0,0.001415
3120.0,0.008113
3125.0,0.00226
3130.0,0.004758
3135.0,0.009868
3140.0,0.002401
3145.0,0.002392
3150.0,0.005325
3155.0,0.004517
3160.0,0.007707
3165.0,0.01285
3170.0,0.01141
3175.0,0.007735
3180.0,0.009476
3185.0,0.006175
3190.0,0.003254
3195.0,0.001581
3200.0,0.0001887
3205.0,0.0001142
3210.0,4.622e-05
3215.0,0.0002158
3220.0,0.0008443
3225.0,9.029e-05
3230.0,0.0001476
3235.0,0.005662
3240.0,0.00232
3245.0,0.0004271
3250.0,0.001688
3255.0,0.008207
3260.0,0.0006687
3265.0,0.00156
3270.0,0.0006379
3275.0,0.004438
3280.0,0.001875
3285.0,0.009616
3290.0,0.006926
3295.0,0.0007468
3300.0,0.001143
3305.0,0.002765
3310.0,0.002593
3315.0,1.411e-06
3320.0,1.463e-05
3325.0,0.002176
3330.0,0.003842
3335.0,0.007568
3340.0,0.002696
3345.0,0.002528
3350.0,0.007001
3355.0,0.002578
3360.0,0.004237
3365.0,0.00627
3370.0,0.002722
3375.0,0.007533
3380.0,0.003748
3385.0,0.006477
3390.0,0.008646
3395.0,0.008524
3400.0,0.01201
3405.0,0.003183
3410.0,0.00621
3415.0,0.005852
3420.0,0.01293
3425.0,0.008867
3430.0,0.00734
3435.0,0.01119
3440.0,0.006699
3445.0,0.01067
3450.0,0.01043
3455.0,0.007224
3460.0,0.01226
3465.0,0.008733
3470.0,0.01198
3475.0,0.01023
3480.0,0.01057
3485.0,0.01172
3490.0,0.009588
3495.0,0.01193
3500.0,0.01155
3505.0,0.01145
3510.0,0.01167
3515.0,0.01105
3520.0,0.0119
3525.0,0.01102
3530.0,0.01067
3535.0,0.008543
3540.0,0.008067
3545.0,0.008638
3550.0,0.00997
3555.0,0.008241
3560.0,0.01033
3565.0,0.01032
3570.0,0.007534
3575.0,0.007734
3580.0,0.009662
3585.0,0.008393
3590.0,0.008826
3595.0,0.009168
3600.0,0.009893
3605.0,0.009848
3610.0,0.008883
3615.0,0.009012
3620.0,0.01151
3625.0,0.009718
3630.0,0.009522
3635.0,0.009885
3640.0,0.01135
3645.0,0.01014
3650.0,0.009646
3655.0,0.01068
3660.0,0.01065
3665.0,0.009745
3670.0,0.007191
3675.0,0.003847
3680.0,0.007516
3685.0,0.008816
3690.0,0.009166
3695.0,0.009699
3700.0,0.01066
3705.0,0.01049
3710.0,0.008843
3715.0,0.008729
3720.0,0.01014
3725.0,0.01049
3730.0,0.008838
3735.0,0.007956
3740.0,0.008253
3745.0,0.009954
3750.0,0.008894
3755.0,0.008569
3760.0,0.008389
3765.0,0.008072
3770.0,0.008794
3775.0,0.008684
3780.0,0.009314
3785.0,0.008359
3790.0,0.007221
3795.0,0.008509
3800.0,0.009769
3805.0,0.009067
3810.0,0.007807
3815.0,0.007252
3820.0,0.009534
3825.0,0.009299
3830.0,0.009487
3835.0,0.007144
3840.0,0.008742
3845.0,0.008476
3850.0,0.00855
3855.0,0.008121
3860.0,0.007447
3865.0,0.007533
3870.0,0.006655
3875.0,0.005901
3880.0,0.005653
3885.0,0.005926
3890.0,0.006043
3895.0,0.006816
3900.0,0.007382
3905.0,0.007368
3910.0,0.006406
3915.0,0.006213
3920.0,0.006214
3925.0,0.006091
3930.0,0.006367
3935.0,0.006728
3940.0,0.006845
3945.0,0.007011
3950.0,0.007163
3955.0,0.007272
3960.0,0.007364
3965.0,0.007448
3970.0,0.007354
3975.0,0.007123
3980.0,0.007006
3985.0,0.007051
3990.0,0.006945
3995.0,0.006765
4000.0,0.006464
