interpolation:linear
wavelength,value
280.0,1.333e-38
280.5,3.7740000000000004e-36
281.0,4.531e-35
281.5,1.16e-32
282.0,3.3210000000000003e-31
282.5,3.018e-30
283.0,3.4359999999999996e-29
283.5,1.0390000000000001e-28
284.0,2.366e-26
284.5,2.202e-25
285.0,1.509e-24
285.5,4.104e-23
286.0,3.2099999999999996e-22
286.5,5.263e-21
287.0,3.8400000000000005e-20
287.5,4.856e-19
288.0,7.853e-18
288.5,6.148e-17
289.0,4.143e-16
289.5,3.322e-15
290.0,2.019e-14
290.5,7.894e-14
291.0,3.648e-13
291.5,2.715e-12
292.0,1.338e-11
292.5,2.926e-11
293.0,1.096e-10
293.5,5.617e-10
294.0,1.466e-09
294.5,3.608e-09
295.0,9.672e-09
295.5,3.935e-08
296.0,1.01e-07
296.5,1.843e-07
297.0,3.073e-07
297.5,1.092e-06
298.0,2.15e-06
298.5,2.546e-06
299.0,6.514e-06
299.5,1.348e-05
300.0,1.661e-05
300.5,2.677e-05
301.0,5.56e-05
301.5,9.808e-05
302.0,8.819e-05
302.5,0.0001966
303.0,0.0004123
303.5,0.0005657
304.0,0.0005499
304.5,0.0008728
305.0,0.001418
305.5,0.001694
306.0,0.001678
306.5,0.002148
307.0,0.003315
307.5,0.004544
308.0,0.004875
308.5,0.005863
309.0,0.005457
309.5,0.006818
310.0,0.00715
310.5,0.01189
311.0,0.01544
311.5,0.01523
312.0,0.01603
312.5,0.02017
313.0,0.02236
313.5,0.02177
314.0,0.02814
314.5,0.0258
315.0,0.03441
315.5,0.02886
316.0,0.02585
316.5,0.03785
317.0,0.04749
317.5,0.04985
318.0,0.03949
318.5,0.04974
319.0,0.05963
319.5,0.04911
320.0,0.05994
320.5,0.0758
321.0,0.0678
321.5,0.06563
322.0,0.0711
322.5,0.06246
323.0,0.06261
323.5,0.07686
324.0,0.09063
324.5,0.09277
325.0,0.08179
325.5,0.1057
326.0,0.1299
326.5,0.1311
327.0,0.132
327.5,0.1288
328.0,0.1155
328.5,0.1227
329.0,0.1476
329.5,0.1686
330.0,0.172
330.5,0.1394
331.0,0.1434
331.5,0.1467
332.0,0.159
332.5,0.1581
333.0,0.1593
333.5,0.146
334.0,0.151
334.5,0.1748
335.0,0.1649
335.5,0.189
336.0,0.1318
336.5,0.1603
337.0,0.1329
337.5,0.1668
338.0,0.1632
338.5,0.186
339.0,0.1869
339.5,0.1803
340.0,0.2173
340.5,0.1972
341.0,0.1911
341.5,0.1787
342.0,0.2156
342.5,0.2036
343.0,0.2243
343.5,0.2118
344.0,0.1589
344.5,0.1588
345.0,0.2146
345.5,0.2216
346.0,0.1902
346.5,0.2171
347.0,0.2337
347.5,0.19
348.0,0.2191
348.5,0.2209
349.0,0.2065
349.5,0.2058
350.0,0.2563
350.5,0.272
351.0,0.2441
351.5,0.2372
352.0,0.2575
352.5,0.2027
353.0,0.2573
353.5,0.277
354.0,0.2894
354.5,0.2952
355.0,0.2958
355.5,0.269
356.0,0.2832
356.5,0.2432
357.0,0.202
357.5,0.2487
358.0,0.1982
358.5,0.1703
359.0,0.2395
359.5,0.3065
360.0,0.3268
360.5,0.2627
361.0,0.2409
361.5,0.279
362.0,0.2428
362.5,0.338
363.0,0.3053
363.5,0.2828
364.0,0.3477
364.5,0.2987
365.0,0.3058
365.5,0.3858
366.0,0.4109
366.5,0.3881
367.0,0.3799
367.5,0.3961
368.0,0.3484
368.5,0.3532
369.0,0.3833
369.5,0.4106
370.0,0.4398
370.5,0.343
371.0,0.3683
371.5,0.4628
372.0,0.3086
372.5,0.3717
373.0,0.3799
373.5,0.2483
374.0,0.3624
374.5,0.3015
375.0,0.2944
375.5,0.4414
376.0,0.3675
376.5,0.3824
377.0,0.4066
377.5,0.4778
378.0,0.52
378.5,0.4936
379.0,0.409
379.5,0.3751
380.0,0.3916
380.5,0.4765
381.0,0.4797
381.5,0.382
382.0,0.3408
382.5,0.2918
383.0,0.2713
383.5,0.2624
384.0,0.2906
384.5,0.4291
385.0,0.4272
385.5,0.3995
386.0,0.3435
386.5,0.4531
387.0,0.3779
387.5,0.426
388.0,0.3949
388.5,0.3918
389.0,0.4245
389.5,0.5161
390.0,0.52
390.5,0.4803
391.0,0.5674
391.5,0.5808
392.0,0.491
392.5,0.4412
393.0,0.2464
393.5,0.1797
394.0,0.367
394.5,0.4682
395.0,0.5732
395.5,0.5842
396.0,0.5082
396.5,0.2982
397.0,0.2246
397.5,0.4582
398.0,0.6436
398.5,0.6673
399.0,0.7252
399.5,0.7251
400.0,0.7551
401.0,0.7804
402.0,0.8287
403.0,0.7921
404.0,0.7844
405.0,0.7887
406.0,0.7807
407.0,0.7727
408.0,0.8071
409.0,0.8685
410.0,0.7629
411.0,0.8309
412.0,0.8974
413.0,0.8793
414.0,0.8947
415.0,0.9019
416.0,0.9226
417.0,0.9044
418.0,0.8921
419.0,0.9083
420.0,0.9085
421.0,0.9551
422.0,0.9121
423.0,0.8953
424.0,0.9512
425.0,0.9539
426.0,0.9337
427.0,0.92
428.0,0.8998
429.0,0.8562
430.0,0.7525
431.0,0.7487
432.0,0.9711
433.0,0.9805
434.0,0.9139
435.0,0.9579
436.0,1.084
437.0,1.073
438.0,0.9813
439.0,1.018
440.0,1.054
441.0,1.097
442.0,1.181
443.0,1.154
444.0,1.183
445.0,1.161
446.0,1.112
447.0,1.207
448.0,1.229
449.0,1.239
450.0,1.278
451.0,1.33
452.0,1.285
453.0,1.213
454.0,1.27
455.0,1.282
456.0,1.316
457.0,1.342
458.0,1.3
459.0,1.297
460.0,1.304
461.0,1.338
462.0,1.352
463.0,1.346
464.0,1.328
465.0,1.315
466.0,1.331
467.0,1.31
468.0,1.329
469.0,1.34
470.0,1.3
471.0,1.301
472.0,1.374
473.0,1.359
474.0,1.363
475.0,1.378
476.0,1.339
477.0,1.345
478.0,1.386
479.0,1.382
480.0,1.389
481.0,1.419
482.0,1.43
483.0,1.417
484.0,1.391
485.0,1.328
486.0,1.164
487.0,1.222
488.0,1.343
489.0,1.35
490.0,1.424
491.0,1.402
492.0,1.327
493.0,1.373
494.0,1.389
495.0,1.404
496.0,1.415
497.0,1.439
498.0,1.375
499.0,1.395
500.0,1.357
501.0,1.334
502.0,1.317
503.0,1.372
504.0,1.336
505.0,1.389
506.0,1.436
507.0,1.369
508.0,1.329
509.0,1.369
510.0,1.364
511.0,1.403
512.0,1.421
513.0,1.347
514.0,1.34
515.0,1.329
516.0,1.327
517.0,1.181
518.0,1.244
519.0,1.306
520.0,1.356
521.0,1.37
522.0,1.373
523.0,1.35
524.0,1.4
525.0,1.417
526.0,1.356
527.0,1.279
528.0,1.354
529.0,1.429
530.0,1.409
531.0,1.432
532.0,1.384
533.0,1.345
534.0,1.387
535.0,1.419
536.0,1.434
537.0,1.379
538.0,1.406
539.0,1.395
540.0,1.339
541.0,1.348
542.0,1.392
543.0,1.379
544.0,1.404
545.0,1.401
546.0,1.408
547.0,1.409
548.0,1.394
549.0,1.4
550.0,1.418
551.0,1.403
552.0,1.414
553.0,1.39
554.0,1.424
555.0,1.428
556.0,1.411
557.0,1.368
558.0,1.359
559.0,1.334
560.0,1.352
561.0,1.371
562.0,1.362
563.0,1.399
564.0,1.362
565.0,1.351
566.0,1.332
567.0,1.357
568.0,1.345
569.0,1.31
570.0,1.311
571.0,1.306
572.0,1.336
573.0,1.351
574.0,1.347
575.0,1.322
576.0,1.311
577.0,1.326
578.0,1.308
579.0,1.316
580.0,1.344
581.0,1.354
582.0,1.382
583.0,1.388
584.0,1.402
585.0,1.369
586.0,1.342
587.0,1.371
588.0,1.334
589.0,1.174
590.0,1.229
591.0,1.307
592.0,1.288
593.0,1.312
594.0,1.302
595.0,1.268
596.0,1.326
597.0,1.311
598.0,1.311
599.0,1.314
600.0,1.318
601.0,1.31
602.0,1.302
603.0,1.325
604.0,1.348
605.0,1.342
606.0,1.338
607.0,1.353
608.0,1.339
609.0,1.343
610.0,1.334
611.0,1.342
612.0,1.34
613.0,1.324
614.0,1.307
615.0,1.336
616.0,1.294
617.0,1.292
618.0,1.343
619.0,1.33
620.0,1.339
621.0,1.34
622.0,1.324
623.0,1.304
624.0,1.283
625.0,1.281
626.0,1.3
627.0,1.313
628.0,1.207
629.0,1.276
630.0,1.247
631.0,1.282
632.0,1.269
633.0,1.311
634.0,1.301
635.0,1.323
636.0,1.307
637.0,1.33
638.0,1.345
639.0,1.331
640.0,1.319
641.0,1.32
642.0,1.315
643.0,1.333
644.0,1.33
645.0,1.332
646.0,1.299
647.0,1.279
648.0,1.28
649.0,1.255
650.0,1.269
651.0,1.326
652.0,1.264
653.0,1.31
654.0,1.296
655.0,1.245
656.0,1.106
657.0,1.137
658.0,1.276
659.0,1.287
660.0,1.293
661.0,1.303
662.0,1.305
663.0,1.28
664.0,1.297
665.0,1.3
666.0,1.303
667.0,1.303
668.0,1.304
669.0,1.325
670.0,1.321
671.0,1.321
672.0,1.31
673.0,1.331
674.0,1.327
675.0,1.315
676.0,1.325
677.0,1.312
678.0,1.317
679.0,1.296
680.0,1.307
681.0,1.299
682.0,1.298
683.0,1.296
684.0,1.29
685.0,1.301
686.0,1.294
687.0,0.7724
688.0,0.9454
689.0,0.9504
690.0,1.011
691.0,1.08
692.0,1.133
693.0,1.123
694.0,1.115
695.0,1.172
696.0,1.174
697.0,1.259
698.0,1.24
699.0,1.202
700.0,1.187
701.0,1.173
702.0,1.184
703.0,1.187
704.0,1.231
705.0,1.233
706.0,1.234
707.0,1.236
708.0,1.239
709.0,1.245
710.0,1.243
711.0,1.243
712.0,1.241
713.0,1.227
714.0,1.233
715.0,1.191
716.0,1.191
717.0,1.002
718.0,0.9166
719.0,0.8374
720.0,0.8742
721.0,0.9839
722.0,1.146
723.0,1.057
724.0,0.9405
725.0,0.9214
726.0,0.966
727.0,0.9881
728.0,0.9182
729.0,0.964
730.0,1.019
731.0,0.9724
732.0,1.052
733.0,1.125
734.0,1.155
735.0,1.13
736.0,1.128
737.0,1.133
738.0,1.159
739.0,1.136
740.0,1.169
741.0,1.159
742.0,1.162
743.0,1.192
744.0,1.19
745.0,1.191
746.0,1.197
747.0,1.2
748.0,1.198
749.0,1.184
750.0,1.184
751.0,1.172
752.0,1.178
753.0,1.184
754.0,1.187
755.0,1.18
756.0,1.18
757.0,1.182
758.0,1.167
759.0,1.139
760.0,0.1185
761.0,0.05235
762.0,0.4918
763.0,0.2031
764.0,0.3412
765.0,0.4918
766.0,0.6448
767.0,0.8579
768.0,1.027
769.0,1.058
770.0,1.104
771.0,1.117
772.0,1.121
773.0,1.13
774.0,1.125
775.0,1.117
776.0,1.13
777.0,1.116
778.0,1.109
779.0,1.11
780.0,1.104
781.0,1.106
782.0,1.113
783.0,1.094
784.0,1.1
785.0,1.091
786.0,1.103
787.0,1.08
788.0,1.065
789.0,1.065
790.0,1.031
791.0,1.045
792.0,1.039
793.0,1.021
794.0,1.045
795.0,1.061
796.0,1.021
797.0,1.022
798.0,1.059
799.0,1.051
800.0,1.032
801.0,1.027
802.0,1.024
803.0,1.015
804.0,1.018
805.0,1.017
806.0,1.049
807.0,1.036
808.0,1.038
809.0,1.015
810.0,1.005
811.0,1.003
812.0,0.9692
813.0,0.9464
814.0,0.817
815.0,0.813
816.0,0.7551
817.0,0.7705
818.0,0.738
819.0,0.8388
820.0,0.7851
821.0,0.9371
822.0,0.9073
823.0,0.5873
824.0,0.8739
825.0,0.921
826.0,0.8801
827.0,0.9352
828.0,0.7748
829.0,0.8764
830.0,0.8633
831.0,0.8668
832.0,0.837
833.0,0.8994
834.0,0.8616
835.0,0.96
836.0,0.9104
837.0,0.9634
838.0,0.9292
839.0,0.9501
840.0,0.9721
841.0,0.9566
842.0,0.9617
843.0,0.9643
844.0,0.9494
845.0,0.9838
846.0,0.9801
847.0,0.9629
848.0,0.9557
849.0,0.9286
850.0,0.89
851.0,0.941
852.0,0.9352
853.0,0.9014
854.0,0.7774
855.0,0.8556
856.0,0.9345
857.0,0.9564
858.0,0.949
859.0,0.9506
860.0,0.9528
861.0,0.9476
862.0,0.9628
863.0,0.9856
864.0,0.9365
865.0,0.9286
866.0,0.835
867.0,0.8716
868.0,0.9486
869.0,0.9291
870.0,0.9557
871.0,0.9427
872.0,0.9396
873.0,0.9378
874.0,0.9268
875.0,0.9081
876.0,0.9175
877.0,0.927
878.0,0.9369
879.0,0.9227
880.0,0.903
881.0,0.8889
882.0,0.9079
883.0,0.9116
884.0,0.9072
885.0,0.9141
886.0,0.8688
887.0,0.8801
888.0,0.8919
889.0,0.9044
890.0,0.8942
891.0,0.8941
892.0,0.8649
893.0,0.8342
894.0,0.7972
895.0,0.7437
896.0,0.6977
897.0,0.5876
898.0,0.6474
899.0,0.479
900.0,0.6706
901.0,0.502
902.0,0.6078
903.0,0.6074
904.0,0.7919
905.0,0.761
906.0,0.7091
907.0,0.5576
908.0,0.5719
909.0,0.6275
910.0,0.54
911.0,0.5859
912.0,0.6147
913.0,0.5474
914.0,0.5458
915.0,0.5913
916.0,0.4978
917.0,0.6469
918.0,0.5094
919.0,0.6635
920.0,0.6802
921.0,0.7077
922.0,0.6217
923.0,0.6847
924.0,0.6352
925.0,0.6219
926.0,0.6275
927.0,0.7135
928.0,0.4921
929.0,0.4408
930.0,0.3333
931.0,0.3171
932.0,0.2147
933.0,0.1681
934.0,0.07893
935.0,0.1773
936.0,0.1021
937.0,0.1028
938.0,0.1296
939.0,0.3071
940.0,0.3794
941.0,0.2734
942.0,0.324
943.0,0.2032
944.0,0.2238
945.0,0.2847
946.0,0.1316
947.0,0.2824
948.0,0.206
949.0,0.3911
950.0,0.08965
951.0,0.3875
952.0,0.1911
953.0,0.2582
954.0,0.3294
955.0,0.2625
956.0,0.265
957.0,0.1901
958.0,0.3916
959.0,0.2959
960.0,0.3317
961.0,0.3843
962.0,0.3626
963.0,0.4284
964.0,0.3894
965.0,0.4274
966.0,0.4253
967.0,0.4223
968.0,0.6053
969.0,0.6274
970.0,0.572
971.0,0.6719
972.0,0.6393
973.0,0.5393
974.0,0.51
975.0,0.5358
976.0,0.4992
977.0,0.5874
978.0,0.55
979.0,0.5812
980.0,0.5436
981.0,0.669
982.0,0.6333
983.0,0.6045
984.0,0.697
985.0,0.6309
986.0,0.714
987.0,0.6945
988.0,0.6937
989.0,0.715
990.0,0.6894
991.0,0.7166
992.0,0.7213
993.0,0.6999
994.0,0.7218
995.0,0.7217
996.0,0.7177
997.0,0.7192
998.0,0.7155
999.0,0.7132
1000.0,0.707
1001.0,0.7172
1002.0,0.6924
1003.0,0.7043
1004.0,0.6858
1005.0,0.6626
1006.0,0.6876
1007.0,0.7027
1008.0,0.698
1009.0,0.6932
1010.0,0.6898
1011.0,0.6994
1012.0,0.6924
1013.0,0.6981
1014.0,0.6932
1015.0,0.6885
1016.0,0.6853
1017.0,0.6869
1018.0,0.685
1019.0,0.6685
1020.0,0.6811
1021.0,0.6806
1022.0,0.6746
1023.0,0.6817
1024.0,0.6708
1025.0,0.682
1026.0,0.6786
1027.0,0.6771
1028.0,0.6756
1029.0,0.6674
1030.0,0.6728
1031.0,0.6698
1032.0,0.6681
1033.0,0.6581
1034.0,0.6582
1035.0,0.6603
1036.0,0.6635
1037.0,0.6529
1038.0,0.6557
1039.0,0.6552
1040.0,0.6526
1041.0,0.655
1042.0,0.6504
1043.0,0.6483
1044.0,0.6505
1045.0,0.6416
1046.0,0.6344
1047.0,0.64
1048.0,0.6434
1049.0,0.6409
1050.0,0.6378
1051.0,0.6368
1052.0,0.634
1053.0,0.6287
1054.0,0.6299
1055.0,0.6299
1056.0,0.6274
1057.0,0.6252
1058.0,0.6096
1059.0,0.61
1060.0,0.6089
1061.0,0.608
1062.0,0.6109
1063.0,0.6047
1064.0,0.612
1065.0,0.6068
1066.0,0.5954
1067.0,0.6029
1068.0,0.5893
1069.0,0.5715
1070.0,0.5904
1071.0,0.6014
1072.0,0.5931
1073.0,0.5849
1074.0,0.6021
1075.0,0.5665
1076.0,0.6013
1077.0,0.5876
1078.0,0.5751
1079.0,0.5927
1080.0,0.5787
1081.0,0.5575
1082.0,0.571
1083.0,0.574
1084.0,0.555
1085.0,0.5806
1086.0,0.5223
1087.0,0.5443
1088.0,0.5726
1089.0,0.5499
1090.0,0.5349
1091.0,0.5694
1092.0,0.569
1093.0,0.4683
1094.0,0.5189
1095.0,0.4892
1096.0,0.4644
1097.0,0.5561
1098.0,0.4553
1099.0,0.4772
1100.0,0.4378
1101.0,0.4452
1102.0,0.4213
1103.0,0.4145
1104.0,0.4154
1105.0,0.4651
1106.0,0.3327
1107.0,0.4374
1108.0,0.357
1109.0,0.3603
1110.0,0.4312
1111.0,0.2744
1112.0,0.3586
1113.0,0.2102
1114.0,0.2362
1115.0,0.1948
1116.0,0.1453
1117.0,0.04349
1118.0,0.1612
1119.0,0.07141
1120.0,0.08893
1121.0,0.1229
1122.0,0.04468
1123.0,0.08076
1124.0,0.06805
1125.0,0.0909
1126.0,0.02492
1127.0,0.1032
1128.0,0.05414
1129.0,0.05833
1130.0,0.03624
1131.0,0.2153
1132.0,0.1652
1133.0,0.09404
1134.0,0.01897
1135.0,0.007439
1136.0,0.07481
1137.0,0.2076
1138.0,0.1444
1139.0,0.2375
1140.0,0.1899
1141.0,0.1375
1142.0,0.1623
1143.0,0.2399
1144.0,0.07377
1145.0,0.09086
1146.0,0.09786
1147.0,0.02767
1148.0,0.2069
1149.0,0.1588
1150.0,0.08093
1151.0,0.1433
1152.0,0.184
1153.0,0.1853
1154.0,0.08779
1155.0,0.2474
1156.0,0.2184
1157.0,0.2531
1158.0,0.2502
1159.0,0.2751
1160.0,0.23
1161.0,0.2956
1162.0,0.296
1163.0,0.4209
1164.0,0.3535
1165.0,0.3259
1166.0,0.3296
1167.0,0.3626
1168.0,0.3649
1169.0,0.3759
1170.0,0.4148
1171.0,0.404
1172.0,0.4154
1173.0,0.4141
1174.0,0.2808
1175.0,0.4079
1176.0,0.4566
1177.0,0.4328
1178.0,0.3139
1179.0,0.4606
1180.0,0.4022
1181.0,0.4155
1182.0,0.2744
1183.0,0.4111
1184.0,0.3811
1185.0,0.364
1186.0,0.4441
1187.0,0.419
1188.0,0.2772
1189.0,0.3897
1190.0,0.4346
1191.0,0.4052
1192.0,0.4415
1193.0,0.4205
1194.0,0.4351
1195.0,0.4064
1196.0,0.3885
1197.0,0.4377
1198.0,0.3976
1199.0,0.3275
1200.0,0.415
1201.0,0.3965
1202.0,0.3971
1203.0,0.3923
1204.0,0.3382
1205.0,0.4094
1206.0,0.4577
1207.0,0.3946
1208.0,0.3917
1209.0,0.4005
1210.0,0.4196
1211.0,0.3957
1212.0,0.3856
1213.0,0.44
1214.0,0.397
1215.0,0.3887
1216.0,0.4391
1217.0,0.4255
1218.0,0.4354
1219.0,0.4289
1220.0,0.4361
1221.0,0.4416
1222.0,0.4292
1223.0,0.4243
1224.0,0.4198
1225.0,0.4386
1226.0,0.443
1227.0,0.4033
1228.0,0.4464
1229.0,0.443
1230.0,0.4345
1231.0,0.4504
1232.0,0.4476
1233.0,0.4276
1234.0,0.451
1235.0,0.4475
1236.0,0.4513
1237.0,0.443
1238.0,0.4498
1239.0,0.444
1240.0,0.4459
1241.0,0.4427
1242.0,0.4427
1243.0,0.4392
1244.0,0.442
1245.0,0.4441
1246.0,0.4416
1247.0,0.4395
1248.0,0.4387
1249.0,0.4406
1250.0,0.4376
1251.0,0.4313
1252.0,0.4322
1253.0,0.4272
1254.0,0.4217
1255.0,0.4314
1256.0,0.4163
1257.0,0.4134
1258.0,0.4236
1259.0,0.4037
1260.0,0.4063
1261.0,0.3778
1262.0,0.3635
1263.0,0.3641
1264.0,0.3293
1265.0,0.3619
1266.0,0.3442
1267.0,0.353
1268.0,0.3304
1269.0,0.1779
1270.0,0.3507
1271.0,0.3773
1272.0,0.3792
1273.0,0.3745
1274.0,0.3766
1275.0,0.3831
1276.0,0.388
1277.0,0.392
1278.0,0.4018
1279.0,0.398
1280.0,0.3932
1281.0,0.3762
1282.0,0.3642
1283.0,0.392
1284.0,0.401
1285.0,0.4039
1286.0,0.4103
1287.0,0.4022
1288.0,0.4027
1289.0,0.3864
1290.0,0.3993
1291.0,0.4056
1292.0,0.3745
1293.0,0.3962
1294.0,0.3931
1295.0,0.3892
1296.0,0.3675
1297.0,0.3446
1298.0,0.3774
1299.0,0.3973
1300.0,0.3256
1301.0,0.3376
1302.0,0.3763
1303.0,0.3225
1304.0,0.2651
1305.0,0.368
1306.0,0.3672
1307.0,0.2746
1308.0,0.3248
1309.0,0.363
1310.0,0.2686
1311.0,0.3091
1312.0,0.2991
1313.0,0.2913
1314.0,0.2573
1315.0,0.2516
1316.0,0.3023
1317.0,0.2852
1318.0,0.3141
1319.0,0.2336
1320.0,0.2289
1321.0,0.2707
1322.0,0.2712
1323.0,0.1944
1324.0,0.2295
1325.0,0.2971
1326.0,0.2488
1327.0,0.2357
1328.0,0.1999
1329.0,0.1416
1330.0,0.1887
1331.0,0.1043
1332.0,0.1108
1333.0,0.1561
1334.0,0.1379
1335.0,0.1932
1336.0,0.1475
1337.0,0.1283
1338.0,0.1385
1339.0,0.1393
1340.0,0.1383
1341.0,0.1285
1342.0,0.1357
1343.0,0.08037
1344.0,0.04913
1345.0,0.07072
1346.0,0.02875
1347.0,0.02814
1348.0,0.001172
1349.0,0.00473
1350.0,0.005338
1351.0,0.0008628
1352.0,0.000142
1353.0,4.655e-06
1354.0,2.217e-05
1355.0,6.586e-08
1356.0,2.226e-06
1357.0,3.405e-06
1358.0,8.131e-08
1359.0,4.648e-09
1360.0,2.813e-08
1361.0,6.257e-12
1362.0,9.222e-15
1363.0,2.774e-08
1364.0,1.186e-08
1365.0,1.264e-15
1366.0,1.488e-07
1367.0,7.52e-08
1368.0,1.616e-18
1369.0,4.344e-09
1370.0,1.53e-09
1371.0,6.037e-11
1372.0,4.217e-08
1373.0,1.4e-06
1374.0,9.261e-06
1375.0,1.584e-05
1376.0,2.041e-05
1377.0,8.733e-06
1378.0,9.49e-05
1379.0,3.684e-06
1380.0,4.161e-06
1381.0,9.254e-08
1382.0,3.446e-08
1383.0,4.111e-10
1384.0,4.246e-09
1385.0,4.855e-08
1386.0,2.4e-08
1387.0,7.367e-06
1388.0,1.615e-07
1389.0,3.84e-05
1390.0,3.216e-05
1391.0,2.046e-05
1392.0,1.246e-06
1393.0,7.889e-06
1394.0,2.194e-06
1395.0,1.158e-08
1396.0,1.138e-11
1397.0,2.745e-06
1398.0,0.0001012
1399.0,6.571e-05
1400.0,3.133e-12
1401.0,2.396e-11
1402.0,0.0003128
1403.0,0.000353
1404.0,0.0001023
1405.0,4.243e-09
1406.0,0.0002213
1407.0,2.377e-05
1408.0,0.0001878
1409.0,4.702e-05
1410.0,4.787e-05
1411.0,0.0003176
1412.0,0.0004931
1413.0,0.007369
1414.0,3.944e-05
1415.0,1.666e-05
1416.0,0.01585
1417.0,0.003747
1418.0,0.003932
1419.0,0.0005758
1420.0,0.00238
1421.0,0.002697
1422.0,0.02082
1423.0,0.003802
1424.0,0.00748
1425.0,0.01032
1426.0,0.01321
1427.0,0.02749
1428.0,0.001054
1429.0,0.01878
1430.0,0.03674
1431.0,0.04157
1432.0,0.0008148
1433.0,0.02487
1434.0,0.0119
1435.0,0.009433
1436.0,0.02187
1437.0,0.01691
1438.0,0.006157
1439.0,0.0313
1440.0,0.02362
1441.0,0.0159
1442.0,0.01754
1443.0,0.02526
1444.0,0.03732
1445.0,0.02602
1446.0,0.01077
1447.0,0.01763
1448.0,0.08126
1449.0,0.06759
1450.0,0.01335
1451.0,0.004838
1452.0,0.0371
1453.0,0.05045
1454.0,0.1015
1455.0,0.04241
1456.0,0.05532
1457.0,0.08207
1458.0,0.1056
1459.0,0.1238
1460.0,0.05999
1461.0,0.05834
1462.0,0.09358
1463.0,0.02603
1464.0,0.1184
1465.0,0.06969
1466.0,0.0389
1467.0,0.01785
1468.0,0.04821
1469.0,0.06296
1470.0,0.02498
1471.0,0.008573
1472.0,0.0237
1473.0,0.04209
1474.0,0.07027
1475.0,0.1474
1476.0,0.04411
1477.0,0.04274
1478.0,0.04319
1479.0,0.0895
1480.0,0.0369
1481.0,0.08352
1482.0,0.0384
1483.0,0.1134
1484.0,0.1097
1485.0,0.09434
1486.0,0.09003
1487.0,0.03529
1488.0,0.07216
1489.0,0.1576
1490.0,0.1474
1491.0,0.1723
1492.0,0.1311
1493.0,0.1492
1494.0,0.1756
1495.0,0.1539
1496.0,0.1423
1497.0,0.2112
1498.0,0.1648
1499.0,0.1961
1500.0,0.234
1501.0,0.2452
1502.0,0.2056
1503.0,0.1681
1504.0,0.1299
1505.0,0.1619
1506.0,0.2481
1507.0,0.237
1508.0,0.2259
1509.0,0.1635
1510.0,0.2593
1511.0,0.248
1512.0,0.248
1513.0,0.2215
1514.0,0.2046
1515.0,0.2557
1516.0,0.2434
1517.0,0.2354
1518.0,0.2356
1519.0,0.2285
1520.0,0.2493
1521.0,0.2714
1522.0,0.2546
1523.0,0.2758
1524.0,0.2653
1525.0,0.251
1526.0,0.2556
1527.0,0.254
1528.0,0.2742
1529.0,0.2587
1530.0,0.2535
1531.0,0.2613
1532.0,0.2745
1533.0,0.275
1534.0,0.2699
1535.0,0.2678
1536.0,0.2737
1537.0,0.2673
1538.0,0.2712
1539.0,0.2662
1540.0,0.2676
1541.0,0.2695
1542.0,0.2662
1543.0,0.2716
1544.0,0.2679
1545.0,0.2739
1546.0,0.2691
1547.0,0.2657
1548.0,0.2656
1549.0,0.2682
1550.0,0.2662
1551.0,0.2681
1552.0,0.2656
1553.0,0.2646
1554.0,0.2622
1555.0,0.2631
1556.0,0.2628
1557.0,0.2661
1558.0,0.2646
1559.0,0.2629
1560.0,0.2647
1561.0,0.2665
1562.0,0.2629
1563.0,0.2609
1564.0,0.262
1565.0,0.2627
1566.0,0.2591
1567.0,0.2596
1568.0,0.2568
1569.0,0.2585
1570.0,0.2607
1571.0,0.2626
1572.0,0.2608
1573.0,0.2589
1574.0,0.2496
1575.0,0.2465
1576.0,0.2425
1577.0,0.2363
1578.0,0.2479
1579.0,0.2497
1580.0,0.252
1581.0,0.2483
1582.0,0.2433
1583.0,0.2443
1584.0,0.2493
1585.0,0.2521
1586.0,0.249
1587.0,0.2449
1588.0,0.2384
1589.0,0.231
1590.0,0.2361
1591.0,0.2419
1592.0,0.2488
1593.0,0.253
1594.0,0.2524
1595.0,0.2493
1596.0,0.2418
1597.0,0.2477
1598.0,0.2514
1599.0,0.2486
1600.0,0.2471
1601.0,0.2435
1602.0,0.2441
1603.0,0.2468
1604.0,0.2449
1605.0,0.2448
1606.0,0.242
1607.0,0.2442
1608.0,0.2438
1609.0,0.2375
1610.0,0.2326
1611.0,0.2366
1612.0,0.2394
1613.0,0.2397
1614.0,0.2398
1615.0,0.2344
1616.0,0.2307
1617.0,0.2351
1618.0,0.2393
1619.0,0.2346
1620.0,0.23
1621.0,0.2325
1622.0,0.2362
1623.0,0.2397
1624.0,0.2367
1625.0,0.2358
1626.0,0.2363
1627.0,0.2382
1628.0,0.2374
1629.0,0.2355
1630.0,0.234
1631.0,0.2324
1632.0,0.232
1633.0,0.2244
1634.0,0.2303
1635.0,0.2262
1636.0,0.2249
1637.0,0.2227
1638.0,0.2081
1639.0,0.2178
1640.0,0.2066
1641.0,0.216
1642.0,0.2207
1643.0,0.2058
1644.0,0.2208
1645.0,0.213
1646.0,0.2066
1647.0,0.2242
1648.0,0.206
1649.0,0.2183
1650.0,0.2201
1651.0,0.201
1652.0,0.2174
1653.0,0.2199
1654.0,0.206
1655.0,0.22
1656.0,0.2155
1657.0,0.2175
1658.0,0.221
1659.0,0.2193
1660.0,0.2212
1661.0,0.2199
1662.0,0.2131
1663.0,0.2193
1664.0,0.2171
1665.0,0.2029
1666.0,0.1586
1667.0,0.201
1668.0,0.2106
1669.0,0.2119
1670.0,0.2162
1671.0,0.2095
1672.0,0.2074
1673.0,0.2125
1674.0,0.2071
1675.0,0.2041
1676.0,0.2059
1677.0,0.2053
1678.0,0.1985
1679.0,0.2044
1680.0,0.1958
1681.0,0.189
1682.0,0.2007
1683.0,0.205
1684.0,0.186
1685.0,0.2074
1686.0,0.2068
1687.0,0.1975
1688.0,0.2054
1689.0,0.2032
1690.0,0.2022
1691.0,0.1809
1692.0,0.2011
1693.0,0.2078
1694.0,0.1985
1695.0,0.2053
1696.0,0.2055
1697.0,0.167
1698.0,0.2034
1699.0,0.2006
1700.0,0.1944
1702.0,0.1987
1705.0,0.1916
1710.0,0.1809
1715.0,0.1818
1720.0,0.1803
1725.0,0.1664
1730.0,0.1652
1735.0,0.1542
1740.0,0.1561
1745.0,0.1461
1750.0,0.1567
1755.0,0.1431
1760.0,0.1499
1765.0,0.12
1770.0,0.128
1775.0,0.09956
1780.0,0.08336
1785.0,0.05959
1790.0,0.07004
1795.0,0.02848
1800.0,0.02095
1805.0,0.005979
1810.0,0.004174
1815.0,0.0007468
1820.0,0.0001396
1825.0,0.0001893
1830.0,1.471e-07
1835.0,3.833e-07
1840.0,7.14e-10
1845.0,7.621e-08
1850.0,3.104e-08
1855.0,3.661e-09
1860.0,5.243e-07
1865.0,5.886e-07
1870.0,3.033e-13
1875.0,6.164e-13
1880.0,5e-06
1885.0,2.405e-06
1890.0,1.447e-05
1895.0,9.542e-06
1900.0,1.582e-08
1905.0,1.23e-08
1910.0,8.473e-07
1915.0,1.193e-06
1920.0,4.166e-05
1925.0,0.0001391
1930.0,8.397e-05
1935.0,0.0009685
1940.0,0.001198
1945.0,0.005995
1950.0,0.01372
1955.0,0.01121
1960.0,0.02401
1965.0,0.03835
1970.0,0.05762
1975.0,0.06657
1980.0,0.06792
1985.0,0.07427
1990.0,0.077
1995.0,0.08256
2000.0,0.08792
2005.0,0.07229
2010.0,0.1095
2015.0,0.08302
2020.0,0.09031
2025.0,0.1005
2030.0,0.09115
2035.0,0.1018
2040.0,0.096
2045.0,0.09974
2050.0,0.1023
2055.0,0.09741
2060.0,0.09394
2065.0,0.0962
2070.0,0.09495
2075.0,0.098
2080.0,0.09548
2085.0,0.09496
2090.0,0.0962
2095.0,0.09321
2100.0,0.08598
2105.0,0.09408
2110.0,0.08956
2115.0,0.09242
2120.0,0.08603
2125.0,0.08766
2130.0,0.08916
2135.0,0.08983
2140.0,0.0907
2145.0,0.08975
2150.0,0.08316
2155.0,0.08322
2160.0,0.08259
2165.0,0.07507
2170.0,0.08049
2175.0,0.07791
2180.0,0.08062
2185.0,0.07118
2190.0,0.07758
2195.0,0.07676
2200.0,0.06591
2205.0,0.07069
2210.0,0.07807
2215.0,0.07401
2220.0,0.07601
2225.0,0.07353
2230.0,0.07401
2235.0,0.07198
2240.0,0.07117
2245.0,0.06782
2250.0,0.07005
2255.0,0.06438
2260.0,0.06327
2265.0,0.06562
2270.0,0.06077
2275.0,0.0597
2280.0,0.06368
2285.0,0.05863
2290.0,0.05876
2295.0,0.05707
2300.0,0.05327
2305.0,0.05393
2310.0,0.06112
2315.0,0.05307
2320.0,0.04515
2325.0,0.05256
2330.0,0.05213
2335.0,0.05389
2340.0,0.0392
2345.0,0.0454
2350.0,0.03467
2355.0,0.04136
2360.0,0.04467
2365.0,0.04463
2370.0,0.02259
2375.0,0.03796
2380.0,0.03646
2385.0,0.02438
2390.0,0.03019
2395.0,0.03376
2400.0,0.03767
2405.0,0.02753
2410.0,0.02747
2415.0,0.02089
2420.0,0.02054
2425.0,0.02657
2430.0,0.03811
2435.0,0.01011
2440.0,0.03752
2445.0,0.01507
2450.0,0.008848
2455.0,0.01902
2460.0,0.02633
2465.0,0.01736
2470.0,0.01046
2475.0,0.01009
2480.0,0.004278
2485.0,0.002391
2490.0,0.001172
2495.0,0.001029
2500.0,0.003109
2505.0,0.0005835
2510.0,0.000884
2515.0,0.0001499
2520.0,4.398e-05
2525.0,5.784e-06
2530.0,5.954e-09
2535.0,7.527e-10
2540.0,2.383e-09
2545.0,5.51e-14
2550.0,1.085e-16
2555.0,1.02e-12
2560.0,3.636e-14
2565.0,1.204e-18
2570.0,2.2719999999999998e-24
2575.0,4.903e-37
2580.0,5.9000000000000005e-30
2585.0,0.0
2590.0,2.7890000000000002e-42
2595.0,3.8590000000000005e-42
2600.0,2.208e-38
2605.0,2.803e-45
2610.0,0.0
2615.0,0.0
2620.0,1.2879999999999999e-37
2625.0,6.663999999999999e-39
2630.0,0.0
2635.0,4.954e-21
2640.0,4.0499999999999996e-22
2645.0,5.616000000000001e-25
2650.0,1.412e-26
2655.0,1.8019999999999999e-37
2660.0,4.161e-33
2665.0,0.0
2670.0,0.0
2675.0,0.0
2680.0,1.815e-31
2685.0,1.007e-32
2690.0,5.436e-33
2695.0,1.0810000000000001e-34
2700.0,4.539e-30
2705.0,2.054e-27
2710.0,4.645e-32
2715.0,3.033e-31
2720.0,0.0
2725.0,5.503e-27
2730.0,2.032e-25
2735.0,3.677e-27
2740.0,5.635e-33
2745.0,1.556e-27
2750.0,8.507e-27
2755.0,1.14e-28
2760.0,9.682999999999999e-23
2765.0,5.7460000000000004e-30
2770.0,5.668e-27
2775.0,1.846e-23
2780.0,9.701000000000001e-20
2785.0,1.195e-18
2790.0,1.565e-16
2795.0,1.148e-17
2800.0,1.035e-12
2805.0,1.739e-14
2810.0,1.126e-10
2815.0,3.306e-11
2820.0,2.372e-13
2825.0,6.994e-09
2830.0,3.349e-07
2835.0,5.104e-13
2840.0,6.364e-09
2845.0,6.914e-06
2850.0,4.48e-08
2855.0,3.898e-08
2860.0,2.257e-06
2865.0,2.333e-05
2870.0,2.716e-07
2875.0,7.737e-05
2880.0,6.053e-05
2885.0,8.195e-05
2890.0,4.327e-05
2895.0,0.0011
2900.0,0.0002534
2905.0,2.133e-05
2910.0,0.001219
2915.0,0.0004342
2920.0,0.001288
2925.0,0.000436
2930.0,0.003345
2935.0,0.003731
2940.0,0.0006806
2945.0,0.0005211
2950.0,0.002817
2955.0,0.001286
2960.0,0.002658
2965.0,0.005021
2970.0,0.0001254
2975.0,0.0003667
2980.0,0.0005738
2985.0,0.004628
2990.0,0.007857
2995.0,0.002417
3000.0,0.005294
3005.0,0.001531
3010.0,0.00477
3015.0,0.003412
3020.0,0.0001767
3025.0,0.005167
3030.0,0.00397
3035.0,0.001298
3040.0,0.0009906
3045.0,0.00227
3050.0,0.0004455
3055.0,8.324e-05
3060.0,0.004185
3065.0,0.001486
3070.0,0.0007297
3075.0,0.003912
3080.0,0.002134
3085.0,0.0007686
3090.0,0.001086
3095.0,0.0002115
3100.0,0.002689
3105.0,0.000404
3110.0,0.0002643
3115.0,0.001069
3120.0,0.007159
3125.0,0.001903
3130.0,0.004188
3135.0,0.008882
3140.0,0.001971
3145.0,0.001983
3150.0,0.004634
3155.0,0.003935
3160.0,0.00685
3165.0,0.01202
3170.0,0.01065
3175.0,0.006914
3180.0,0.00874
3185.0,0.005258
3190.0,0.002779
3195.0,0.001171
3200.0,0.0001171
3205.0,6.504e-05
3210.0,2.59e-05
3215.0,0.0001386
3220.0,0.0005886
3225.0,5.94e-05
3230.0,9.478e-05
3235.0,0.004879
3240.0,0.001785
3245.0,0.0003212
3250.0,0.001337
3255.0,0.007321
3260.0,0.0004876
3265.0,0.001208
3270.0,0.0004474
3275.0,0.003761
3280.0,0.001487
3285.0,0.008822
3290.0,0.006095
3295.0,0.000581
3300.0,0.0009
3305.0,0.002266
3310.0,0.002071
3315.0,4.088e-07
3320.0,7.126e-06
3325.0,0.001674
3330.0,0.003423
3335.0,0.006784
3340.0,0.002336
3345.0,0.002086
3350.0,0.00638
3355.0,0.002123
3360.0,0.003705
3365.0,0.005723
3370.0,0.002209
3375.0,0.006965
3380.0,0.003143
3385.0,0.005904
3390.0,0.007935
3395.0,0.007925
3400.0,0.01159
3405.0,0.002641
3410.0,0.005716
3415.0,0.005166
3420.0,0.0126
3425.0,0.008213
3430.0,0.00663
3435.0,0.01081
3440.0,0.005999
3445.0,0.0102
3450.0,0.009909
3455.0,0.006628
3460.0,0.01194
3465.0,0.008118
3470.0,0.01167
3475.0,0.009747
3480.0,0.01011
3485.0,0.01137
3490.0,0.009066
3495.0,0.01163
3500.0,0.01122
3505.0,0.01112
3510.0,0.01136
3515.0,0.0107
3520.0,0.01164
3525.0,0.0107
3530.0,0.01031
3535.0,0.008041
3540.0,0.007546
3545.0,0.008138
3550.0,0.009607
3555.0,0.007778
3560.0,0.01001
3565.0,0.009987
3570.0,0.007089
3575.0,0.007233
3580.0,0.009325
3585.0,0.007959
3590.0,0.008444
3595.0,0.008862
3600.0,0.009631
3605.0,0.009531
3610.0,0.008518
3615.0,0.008723
3620.0,0.01137
3625.0,0.009417
3630.0,0.009249
3635.0,0.009629
3640.0,0.01123
3645.0,0.009885
3650.0,0.009384
3655.0,0.01051
3660.0,0.01049
3665.0,0.009481
3670.0,0.006836
3675.0,0.003423
3680.0,0.007129
3685.0,0.008507
3690.0,0.008876
3695.0,0.009499
3700.0,0.01058
3705.0,0.01038
3710.0,0.008594
3715.0,0.008497
3720.0,0.01001
3725.0,0.01038
3730.0,0.008621
3735.0,0.007689
3740.0,0.008026
3745.0,0.009853
3750.0,0.008721
3755.0,0.008375
3760.0,0.008141
3765.0,0.007834
3770.0,0.008619
3775.0,0.008508
3780.0,0.009179
3785.0,0.008134
3790.0,0.006953
3795.0,0.008333
3800.0,0.009686
3805.0,0.008928
3810.0,0.007556
3815.0,0.006997
3820.0,0.009448
3825.0,0.009192
3830.0,0.009407
3835.0,0.006864
3840.0,0.00859
3845.0,0.008297
3850.0,0.008377
3855.0,0.007918
3860.0,0.007176
3865.0,0.007274
3870.0,0.006324
3875.0,0.005516
3880.0,0.005255
3885.0,0.005553
3890.0,0.005678
3895.0,0.006514
3900.0,0.007137
3905.0,0.007127
3910.0,0.006081
3915.0,0.005877
3920.0,0.005884
3925.0,0.005755
3930.0,0.006055
3935.0,0.006452
3940.0,0.006583
3945.0,0.006771
3950.0,0.006947
3955.0,0.007073
3960.0,0.007178
3965.0,0.007272
3970.0,0.007173
3975.0,0.006922
3980.0,0.006798
3985.0,0.006856
3990.0,0.006744
3995.0,0.006552
4000.0,0.006245
