interpolation:linear
wavelength,value
280.0,2.715e-32
280.5,3.054e-30
281.0,2.616e-29
281.5,2.744e-27
282.0,4.565e-26
282.5,2.878e-25
283.0,2.192e-24
283.5,5.424e-24
284.0,4.864999999999999e-22
284.5,2.962e-21
285.0,1.282e-20
285.5,2.031e-19
286.0,1.276e-18
286.5,1.335e-17
287.0,6.99e-17
287.5,5.721e-16
288.0,5.348e-15
288.5,3.129e-14
289.0,1.562e-13
289.5,9.001e-13
290.0,4.176e-12
290.5,1.302e-11
291.0,4.582e-11
291.5,2.412e-10
292.0,8.963e-10
292.5,1.673e-09
293.0,5.111e-09
293.5,1.984e-08
294.0,4.294e-08
294.5,9.172e-08
295.0,2.058e-07
295.5,6.719e-07
296.0,1.483e-06
296.5,2.346e-06
297.0,3.493e-06
297.5,1.059e-05
298.0,1.835e-05
298.5,1.975e-05
299.0,4.622e-05
299.5,8.296e-05
300.0,9.495e-05
300.5,0.0001423
301.0,0.000266
301.5,0.0004307
302.0,0.0003716
302.5,0.0007696
303.0,0.001476
303.5,0.001924
304.0,0.001823
304.5,0.002727
305.0,0.004103
305.5,0.004678
306.0,0.004544
306.5,0.00565
307.0,0.008228
307.5,0.01071
308.0,0.01136
308.5,0.01332
309.0,0.01215
309.5,0.01438
310.0,0.01471
310.5,0.02413
311.0,0.0307
311.5,0.02996
312.0,0.03033
312.5,0.03721
313.0,0.04067
313.5,0.03992
314.0,0.05014
314.5,0.04439
315.0,0.05871
315.5,0.04986
316.0,0.04344
316.5,0.06214
317.0,0.07781
317.5,0.08195
318.0,0.06387
318.5,0.0783
319.0,0.09255
319.5,0.07749
320.0,0.09462
320.5,0.1166
321.0,0.102
321.5,0.09832
322.0,0.1085
322.5,0.09499
323.0,0.09369
323.5,0.1123
324.0,0.1317
324.5,0.1356
325.0,0.121
325.5,0.1544
326.0,0.1867
326.5,0.1864
327.0,0.1879
327.5,0.1837
328.0,0.1665
328.5,0.1738
329.0,0.2066
329.5,0.2349
330.0,0.2396
330.5,0.1953
331.0,0.201
331.5,0.2041
332.0,0.2191
332.5,0.2167
333.0,0.2183
333.5,0.2009
334.0,0.2075
334.5,0.2382
335.0,0.2237
335.5,0.2555
336.0,0.1778
336.5,0.2165
337.0,0.1796
337.5,0.2252
338.0,0.219
338.5,0.2487
339.0,0.2492
339.5,0.2401
340.0,0.2895
340.5,0.2622
341.0,0.2532
341.5,0.236
342.0,0.2843
342.5,0.268
343.0,0.295
343.5,0.2781
344.0,0.2089
344.5,0.208
345.0,0.2803
345.5,0.2888
346.0,0.2474
346.5,0.2819
347.0,0.3031
347.5,0.246
348.0,0.2832
348.5,0.2851
349.0,0.266
349.5,0.2646
350.0,0.3291
350.5,0.3488
351.0,0.3126
351.5,0.3036
352.0,0.3289
352.5,0.2585
353.0,0.3275
353.5,0.3521
354.0,0.3674
354.5,0.3743
355.0,0.3746
355.5,0.3401
356.0,0.3575
356.5,0.3067
357.0,0.2545
357.5,0.3129
358.0,0.2491
358.5,0.2138
359.0,0.3003
359.5,0.384
360.0,0.4089
360.5,0.3283
361.0,0.3006
361.5,0.3477
362.0,0.302
362.5,0.4197
363.0,0.3785
363.5,0.3501
364.0,0.4299
364.5,0.3689
365.0,0.3772
365.5,0.4753
366.0,0.5056
366.5,0.477
367.0,0.4663
367.5,0.4857
368.0,0.4266
368.5,0.4321
369.0,0.4684
369.5,0.5011
370.0,0.5362
370.5,0.4177
371.0,0.448
371.5,0.5624
372.0,0.3746
372.5,0.4508
373.0,0.4602
373.5,0.3004
374.0,0.4381
374.5,0.3641
375.0,0.3551
375.5,0.5319
376.0,0.4424
376.5,0.46
377.0,0.4887
377.5,0.5736
378.0,0.6238
378.5,0.5916
379.0,0.4899
379.5,0.4489
380.0,0.4683
380.5,0.5692
381.0,0.5723
381.5,0.4552
382.0,0.4056
382.5,0.3469
383.0,0.3222
383.5,0.3113
384.0,0.3445
384.5,0.5082
385.0,0.5055
385.5,0.4722
386.0,0.4057
386.5,0.5345
387.0,0.4455
387.5,0.5018
388.0,0.4647
388.5,0.4607
389.0,0.4988
389.5,0.6058
390.0,0.6098
390.5,0.5628
391.0,0.6643
391.5,0.6795
392.0,0.5739
392.5,0.5153
393.0,0.2875
393.5,0.2096
394.0,0.4275
394.5,0.545
395.0,0.6668
395.5,0.6791
396.0,0.5903
396.5,0.346
397.0,0.2604
397.5,0.5309
398.0,0.7453
398.5,0.7722
399.0,0.8383
399.5,0.8376
400.0,0.8718
401.0,0.8996
402.0,0.9537
403.0,0.9103
404.0,0.9003
405.0,0.9041
406.0,0.8934
407.0,0.883
408.0,0.9214
409.0,0.9902
410.0,0.8687
411.0,0.9448
412.0,1.019
413.0,0.9974
414.0,1.014
415.0,1.02
416.0,1.042
417.0,1.021
418.0,1.006
419.0,1.023
420.0,1.022
421.0,1.073
422.0,1.024
423.0,1.004
424.0,1.065
425.0,1.067
426.0,1.043
427.0,1.027
428.0,1.003
429.0,0.9534
430.0,0.8371
431.0,0.8323
432.0,1.078
433.0,1.088
434.0,1.013
435.0,1.061
436.0,1.199
437.0,1.186
438.0,1.083
439.0,1.123
440.0,1.162
441.0,1.208
442.0,1.299
443.0,1.269
444.0,1.3
445.0,1.275
446.0,1.22
447.0,1.322
448.0,1.346
449.0,1.355
450.0,1.397
451.0,1.452
452.0,1.403
453.0,1.322
454.0,1.384
455.0,1.396
456.0,1.432
457.0,1.459
458.0,1.413
459.0,1.409
460.0,1.416
461.0,1.452
462.0,1.466
463.0,1.459
464.0,1.437
465.0,1.422
466.0,1.438
467.0,1.415
468.0,1.435
469.0,1.446
470.0,1.402
471.0,1.403
472.0,1.481
473.0,1.464
474.0,1.469
475.0,1.484
476.0,1.443
477.0,1.449
478.0,1.493
479.0,1.487
480.0,1.492
481.0,1.523
482.0,1.534
483.0,1.518
484.0,1.489
485.0,1.421
486.0,1.244
487.0,1.306
488.0,1.435
489.0,1.442
490.0,1.52
491.0,1.496
492.0,1.415
493.0,1.463
494.0,1.48
495.0,1.495
496.0,1.506
497.0,1.532
498.0,1.462
499.0,1.483
500.0,1.443
501.0,1.418
502.0,1.4
503.0,1.46
504.0,1.424
505.0,1.478
506.0,1.527
507.0,1.455
508.0,1.411
509.0,1.453
510.0,1.447
511.0,1.487
512.0,1.505
513.0,1.427
514.0,1.419
515.0,1.406
516.0,1.404
517.0,1.249
518.0,1.315
519.0,1.381
520.0,1.433
521.0,1.448
522.0,1.451
523.0,1.426
524.0,1.479
525.0,1.498
526.0,1.432
527.0,1.351
528.0,1.431
529.0,1.51
530.0,1.49
531.0,1.513
532.0,1.463
533.0,1.421
534.0,1.465
535.0,1.498
536.0,1.513
537.0,1.455
538.0,1.482
539.0,1.471
540.0,1.411
541.0,1.422
542.0,1.468
543.0,1.454
544.0,1.48
545.0,1.476
546.0,1.484
547.0,1.485
548.0,1.468
549.0,1.474
550.0,1.493
551.0,1.476
552.0,1.487
553.0,1.462
554.0,1.498
555.0,1.502
556.0,1.484
557.0,1.439
558.0,1.429
559.0,1.404
560.0,1.423
561.0,1.442
562.0,1.433
563.0,1.473
564.0,1.434
565.0,1.423
566.0,1.403
567.0,1.43
568.0,1.418
569.0,1.385
570.0,1.386
571.0,1.378
572.0,1.412
573.0,1.428
574.0,1.424
575.0,1.399
576.0,1.387
577.0,1.403
578.0,1.382
579.0,1.389
580.0,1.416
581.0,1.425
582.0,1.453
583.0,1.457
584.0,1.471
585.0,1.436
586.0,1.407
587.0,1.439
588.0,1.404
589.0,1.243
590.0,1.301
591.0,1.378
592.0,1.361
593.0,1.383
594.0,1.374
595.0,1.34
596.0,1.395
597.0,1.38
598.0,1.378
599.0,1.38
600.0,1.383
601.0,1.372
602.0,1.364
603.0,1.387
604.0,1.411
605.0,1.404
606.0,1.399
607.0,1.414
608.0,1.399
609.0,1.402
610.0,1.392
611.0,1.4
612.0,1.397
613.0,1.38
614.0,1.362
615.0,1.392
616.0,1.347
617.0,1.345
618.0,1.397
619.0,1.383
620.0,1.393
621.0,1.394
622.0,1.379
623.0,1.358
624.0,1.335
625.0,1.333
626.0,1.353
627.0,1.368
628.0,1.276
629.0,1.336
630.0,1.306
631.0,1.337
632.0,1.321
633.0,1.362
634.0,1.35
635.0,1.371
636.0,1.354
637.0,1.377
638.0,1.391
639.0,1.376
640.0,1.363
641.0,1.363
642.0,1.357
643.0,1.376
644.0,1.372
645.0,1.374
646.0,1.342
647.0,1.326
648.0,1.328
649.0,1.302
650.0,1.31
651.0,1.368
652.0,1.31
653.0,1.35
654.0,1.336
655.0,1.286
656.0,1.14
657.0,1.172
658.0,1.314
659.0,1.323
660.0,1.329
661.0,1.339
662.0,1.342
663.0,1.316
664.0,1.332
665.0,1.334
666.0,1.336
667.0,1.335
668.0,1.336
669.0,1.357
670.0,1.352
671.0,1.352
672.0,1.34
673.0,1.361
674.0,1.356
675.0,1.344
676.0,1.354
677.0,1.341
678.0,1.345
679.0,1.324
680.0,1.335
681.0,1.326
682.0,1.325
683.0,1.323
684.0,1.317
685.0,1.328
686.0,1.321
687.0,0.8642
688.0,1.019
689.0,1.023
690.0,1.076
691.0,1.135
692.0,1.178
693.0,1.169
694.0,1.159
695.0,1.209
696.0,1.211
697.0,1.287
698.0,1.268
699.0,1.236
700.0,1.222
701.0,1.209
702.0,1.218
703.0,1.221
704.0,1.261
705.0,1.263
706.0,1.263
707.0,1.264
708.0,1.267
709.0,1.27
710.0,1.27
711.0,1.268
712.0,1.265
713.0,1.252
714.0,1.257
715.0,1.217
716.0,1.218
717.0,1.052
718.0,0.9663
719.0,0.8851
720.0,0.9268
721.0,1.026
722.0,1.177
723.0,1.094
724.0,0.9845
725.0,0.9682
726.0,1.014
727.0,1.03
728.0,0.9661
729.0,1.004
730.0,1.062
731.0,1.016
732.0,1.089
733.0,1.155
734.0,1.183
735.0,1.158
736.0,1.157
737.0,1.162
738.0,1.181
739.0,1.158
740.0,1.189
741.0,1.177
742.0,1.179
743.0,1.209
744.0,1.206
745.0,1.207
746.0,1.213
747.0,1.216
748.0,1.213
749.0,1.2
750.0,1.199
751.0,1.187
752.0,1.193
753.0,1.199
754.0,1.202
755.0,1.195
756.0,1.195
757.0,1.197
758.0,1.182
759.0,1.157
760.0,0.1784
761.0,0.09078
762.0,0.5762
763.0,0.2783
764.0,0.4269
765.0,0.5764
766.0,0.7158
767.0,0.9116
768.0,1.059
769.0,1.083
770.0,1.121
771.0,1.131
772.0,1.134
773.0,1.142
774.0,1.137
775.0,1.129
776.0,1.143
777.0,1.128
778.0,1.121
779.0,1.122
780.0,1.116
781.0,1.118
782.0,1.125
783.0,1.105
784.0,1.111
785.0,1.103
786.0,1.115
787.0,1.095
788.0,1.081
789.0,1.081
790.0,1.051
791.0,1.061
792.0,1.054
793.0,1.037
794.0,1.056
795.0,1.074
796.0,1.039
797.0,1.041
798.0,1.073
799.0,1.066
800.0,1.047
801.0,1.044
802.0,1.041
803.0,1.033
804.0,1.034
805.0,1.032
806.0,1.061
807.0,1.049
808.0,1.05
809.0,1.03
810.0,1.021
811.0,1.022
812.0,0.9919
813.0,0.9709
814.0,0.8515
815.0,0.8465
816.0,0.7878
817.0,0.8026
818.0,0.772
819.0,0.8656
820.0,0.8144
821.0,0.9554
822.0,0.9277
823.0,0.6256
824.0,0.8996
825.0,0.9392
826.0,0.9027
827.0,0.9538
828.0,0.8054
829.0,0.8977
830.0,0.8857
831.0,0.889
832.0,0.8612
833.0,0.9179
834.0,0.8844
835.0,0.9742
836.0,0.931
837.0,0.9772
838.0,0.9461
839.0,0.9629
840.0,0.9843
841.0,0.9701
842.0,0.9729
843.0,0.9731
844.0,0.9593
845.0,0.9922
846.0,0.9881
847.0,0.97
848.0,0.9638
849.0,0.9365
850.0,0.8974
851.0,0.9499
852.0,0.9435
853.0,0.9085
854.0,0.7843
855.0,0.8621
856.0,0.9421
857.0,0.9634
858.0,0.9562
859.0,0.9573
860.0,0.9592
861.0,0.954
862.0,0.9692
863.0,0.9921
864.0,0.9426
865.0,0.9345
866.0,0.8404
867.0,0.8771
868.0,0.9545
869.0,0.9348
870.0,0.9616
871.0,0.9485
872.0,0.9453
873.0,0.9435
874.0,0.9324
875.0,0.9135
876.0,0.9231
877.0,0.9326
878.0,0.9427
879.0,0.9283
880.0,0.9085
881.0,0.8948
882.0,0.9141
883.0,0.9173
884.0,0.9131
885.0,0.92
886.0,0.8763
887.0,0.8862
888.0,0.899
889.0,0.9099
890.0,0.9016
891.0,0.9005
892.0,0.8737
893.0,0.8454
894.0,0.8138
895.0,0.7665
896.0,0.7213
897.0,0.6164
898.0,0.6744
899.0,0.5093
900.0,0.6927
901.0,0.5338
902.0,0.6318
903.0,0.6363
904.0,0.8083
905.0,0.7795
906.0,0.7287
907.0,0.5871
908.0,0.5996
909.0,0.6518
910.0,0.5722
911.0,0.6127
912.0,0.6414
913.0,0.5806
914.0,0.5765
915.0,0.625
916.0,0.5282
917.0,0.6748
918.0,0.5413
919.0,0.6885
920.0,0.6982
921.0,0.7264
922.0,0.6463
923.0,0.7021
924.0,0.662
925.0,0.6477
926.0,0.6545
927.0,0.736
928.0,0.5305
929.0,0.4817
930.0,0.3743
931.0,0.3553
932.0,0.2513
933.0,0.2019
934.0,0.1056
935.0,0.2086
936.0,0.1271
937.0,0.1284
938.0,0.1592
939.0,0.3443
940.0,0.4174
941.0,0.3107
942.0,0.3625
943.0,0.2349
944.0,0.2508
945.0,0.3213
946.0,0.1588
947.0,0.3215
948.0,0.2356
949.0,0.435
950.0,0.1137
951.0,0.4293
952.0,0.2244
953.0,0.294
954.0,0.3652
955.0,0.2979
956.0,0.2924
957.0,0.2242
958.0,0.4206
959.0,0.3288
960.0,0.3685
961.0,0.4179
962.0,0.3949
963.0,0.4589
964.0,0.4193
965.0,0.4576
966.0,0.4567
967.0,0.4545
968.0,0.6225
969.0,0.6488
970.0,0.5943
971.0,0.6861
972.0,0.6552
973.0,0.5647
974.0,0.5352
975.0,0.5579
976.0,0.5266
977.0,0.6056
978.0,0.5727
979.0,0.6017
980.0,0.5646
981.0,0.6827
982.0,0.6507
983.0,0.6235
984.0,0.706
985.0,0.6483
986.0,0.7199
987.0,0.7042
988.0,0.703
989.0,0.7188
990.0,0.6988
991.0,0.7208
992.0,0.7252
993.0,0.7074
994.0,0.7253
995.0,0.7246
996.0,0.7212
997.0,0.7224
998.0,0.719
999.0,0.7164
1000.0,0.711
1001.0,0.7204
1002.0,0.6989
1003.0,0.7076
1004.0,0.6899
1005.0,0.6653
1006.0,0.691
1007.0,0.7058
1008.0,0.7017
1009.0,0.6977
1010.0,0.6946
1011.0,0.7024
1012.0,0.696
1013.0,0.7009
1014.0,0.696
1015.0,0.6914
1016.0,0.6883
1017.0,0.69
1018.0,0.6876
1019.0,0.6724
1020.0,0.684
1021.0,0.6832
1022.0,0.6777
1023.0,0.6848
1024.0,0.6753
1025.0,0.6846
1026.0,0.6816
1027.0,0.6801
1028.0,0.6786
1029.0,0.6706
1030.0,0.6754
1031.0,0.6726
1032.0,0.6708
1033.0,0.6607
1034.0,0.6608
1035.0,0.6629
1036.0,0.6663
1037.0,0.6555
1038.0,0.6584
1039.0,0.658
1040.0,0.6554
1041.0,0.6579
1042.0,0.6534
1043.0,0.6513
1044.0,0.6536
1045.0,0.6447
1046.0,0.6376
1047.0,0.6433
1048.0,0.6468
1049.0,0.6444
1050.0,0.6414
1051.0,0.6405
1052.0,0.6378
1053.0,0.6327
1054.0,0.634
1055.0,0.6343
1056.0,0.632
1057.0,0.6299
1058.0,0.6144
1059.0,0.615
1060.0,0.614
1061.0,0.6132
1062.0,0.6164
1063.0,0.6102
1064.0,0.6175
1065.0,0.6128
1066.0,0.6009
1067.0,0.6086
1068.0,0.5952
1069.0,0.577
1070.0,0.5964
1071.0,0.6063
1072.0,0.5989
1073.0,0.5904
1074.0,0.6063
1075.0,0.5741
1076.0,0.6057
1077.0,0.5939
1078.0,0.5823
1079.0,0.5964
1080.0,0.5848
1081.0,0.5653
1082.0,0.5759
1083.0,0.578
1084.0,0.5635
1085.0,0.5864
1086.0,0.5326
1087.0,0.5516
1088.0,0.5772
1089.0,0.5578
1090.0,0.5445
1091.0,0.5749
1092.0,0.5739
1093.0,0.4817
1094.0,0.5245
1095.0,0.5025
1096.0,0.4797
1097.0,0.5607
1098.0,0.4716
1099.0,0.4928
1100.0,0.456
1101.0,0.4624
1102.0,0.4403
1103.0,0.4351
1104.0,0.4358
1105.0,0.4812
1106.0,0.3599
1107.0,0.4554
1108.0,0.3812
1109.0,0.3829
1110.0,0.4507
1111.0,0.2993
1112.0,0.3804
1113.0,0.2355
1114.0,0.2638
1115.0,0.2184
1116.0,0.1704
1117.0,0.05834
1118.0,0.1867
1119.0,0.08914
1120.0,0.1119
1121.0,0.1506
1122.0,0.06038
1123.0,0.1013
1124.0,0.08546
1125.0,0.1124
1126.0,0.03613
1127.0,0.127
1128.0,0.0727
1129.0,0.07759
1130.0,0.0499
1131.0,0.2489
1132.0,0.1938
1133.0,0.1184
1134.0,0.0279
1135.0,0.0106
1136.0,0.09727
1137.0,0.243
1138.0,0.1704
1139.0,0.2627
1140.0,0.2162
1141.0,0.162
1142.0,0.1881
1143.0,0.2706
1144.0,0.09048
1145.0,0.1144
1146.0,0.1233
1147.0,0.04029
1148.0,0.2341
1149.0,0.1844
1150.0,0.0978
1151.0,0.1691
1152.0,0.2112
1153.0,0.2081
1154.0,0.1105
1155.0,0.274
1156.0,0.2451
1157.0,0.2777
1158.0,0.2747
1159.0,0.2983
1160.0,0.2528
1161.0,0.3159
1162.0,0.3172
1163.0,0.4354
1164.0,0.371
1165.0,0.3475
1166.0,0.347
1167.0,0.3791
1168.0,0.3828
1169.0,0.3927
1170.0,0.4287
1171.0,0.4179
1172.0,0.4266
1173.0,0.4279
1174.0,0.3009
1175.0,0.4189
1176.0,0.4629
1177.0,0.4428
1178.0,0.3292
1179.0,0.4667
1180.0,0.4141
1181.0,0.4275
1182.0,0.2914
1183.0,0.4215
1184.0,0.3938
1185.0,0.379
1186.0,0.4528
1187.0,0.4302
1188.0,0.2959
1189.0,0.4006
1190.0,0.4427
1191.0,0.4184
1192.0,0.4491
1193.0,0.4297
1194.0,0.4433
1195.0,0.418
1196.0,0.4018
1197.0,0.4442
1198.0,0.4056
1199.0,0.3423
1200.0,0.4242
1201.0,0.4082
1202.0,0.4066
1203.0,0.4028
1204.0,0.351
1205.0,0.4168
1206.0,0.4618
1207.0,0.4052
1208.0,0.3996
1209.0,0.4081
1210.0,0.4257
1211.0,0.4044
1212.0,0.3983
1213.0,0.4461
1214.0,0.4084
1215.0,0.4005
1216.0,0.4448
1217.0,0.4325
1218.0,0.4411
1219.0,0.4355
1220.0,0.4416
1221.0,0.4463
1222.0,0.4345
1223.0,0.4302
1224.0,0.4272
1225.0,0.4435
1226.0,0.4468
1227.0,0.4109
1228.0,0.4493
1229.0,0.4469
1230.0,0.439
1231.0,0.4523
1232.0,0.4496
1233.0,0.4331
1234.0,0.4521
1235.0,0.4491
1236.0,0.4525
1237.0,0.4458
1238.0,0.451
1239.0,0.4452
1240.0,0.447
1241.0,0.4446
1242.0,0.4439
1243.0,0.4403
1244.0,0.4434
1245.0,0.4453
1246.0,0.4427
1247.0,0.441
1248.0,0.4405
1249.0,0.442
1250.0,0.4393
1251.0,0.4335
1252.0,0.4338
1253.0,0.43
1254.0,0.4254
1255.0,0.4333
1256.0,0.4205
1257.0,0.418
1258.0,0.4264
1259.0,0.4099
1260.0,0.4122
1261.0,0.3878
1262.0,0.3755
1263.0,0.3761
1264.0,0.3456
1265.0,0.3738
1266.0,0.3587
1267.0,0.3657
1268.0,0.3458
1269.0,0.2077
1270.0,0.3641
1271.0,0.3867
1272.0,0.3881
1273.0,0.3838
1274.0,0.3853
1275.0,0.3911
1276.0,0.3951
1277.0,0.3981
1278.0,0.4063
1279.0,0.4026
1280.0,0.3975
1281.0,0.3796
1282.0,0.3661
1283.0,0.3942
1284.0,0.4036
1285.0,0.4063
1286.0,0.412
1287.0,0.4053
1288.0,0.4053
1289.0,0.3917
1290.0,0.4018
1291.0,0.4076
1292.0,0.3814
1293.0,0.3993
1294.0,0.3964
1295.0,0.3941
1296.0,0.3753
1297.0,0.3542
1298.0,0.3828
1299.0,0.4
1300.0,0.336
1301.0,0.3468
1302.0,0.3817
1303.0,0.3319
1304.0,0.2806
1305.0,0.3737
1306.0,0.3735
1307.0,0.2876
1308.0,0.3328
1309.0,0.3704
1310.0,0.2819
1311.0,0.3186
1312.0,0.3095
1313.0,0.303
1314.0,0.2704
1315.0,0.2662
1316.0,0.313
1317.0,0.2963
1318.0,0.323
1319.0,0.2493
1320.0,0.2423
1321.0,0.2833
1322.0,0.2856
1323.0,0.2122
1324.0,0.2447
1325.0,0.3084
1326.0,0.263
1327.0,0.2504
1328.0,0.215
1329.0,0.159
1330.0,0.2082
1331.0,0.1226
1332.0,0.1277
1333.0,0.1784
1334.0,0.1527
1335.0,0.2113
1336.0,0.1655
1337.0,0.1455
1338.0,0.1575
1339.0,0.1572
1340.0,0.1538
1341.0,0.1482
1342.0,0.1558
1343.0,0.1015
1344.0,0.06109
1345.0,0.08824
1346.0,0.04136
1347.0,0.04162
1348.0,0.002371
1349.0,0.008835
1350.0,0.009421
1351.0,0.002035
1352.0,0.0004819
1353.0,2.155e-05
1354.0,8.126e-05
1355.0,4.954e-07
1356.0,1.044e-05
1357.0,1.596e-05
1358.0,5.936e-07
1359.0,6.047e-08
1360.0,2.518e-07
1361.0,1.8e-10
1362.0,4.1e-13
1363.0,3.179e-07
1364.0,1.31e-07
1365.0,1.123e-13
1366.0,1.471e-06
1367.0,6.294e-07
1368.0,5.357e-16
1369.0,4.85e-08
1370.0,2.187e-08
1371.0,1.117e-09
1372.0,3.472e-07
1373.0,8.09e-06
1374.0,4.152e-05
1375.0,7.488e-05
1376.0,7.356e-05
1377.0,3.3e-05
1378.0,0.0003364
1379.0,1.384e-05
1380.0,1.873e-05
1381.0,4.632e-07
1382.0,3.052e-07
1383.0,4.243e-09
1384.0,5.287e-08
1385.0,3.203e-07
1386.0,2.552e-07
1387.0,4.044e-05
1388.0,8.036e-07
1389.0,0.0001537
1390.0,0.0001318
1391.0,8.629e-05
1392.0,5.453e-06
1393.0,3.052e-05
1394.0,1.34e-05
1395.0,8.844e-08
1396.0,2.762e-10
1397.0,1.169e-05
1398.0,0.0003736
1399.0,0.0002379
1400.0,1.058e-10
1401.0,5.191e-10
1402.0,0.0007645
1403.0,0.0009348
1404.0,0.0002814
1405.0,3.987e-08
1406.0,0.0006986
1407.0,6.417e-05
1408.0,0.0005765
1409.0,0.0001783
1410.0,0.0001512
1411.0,0.0008267
1412.0,0.001161
1413.0,0.01347
1414.0,0.0001207
1415.0,5.575e-05
1416.0,0.024
1417.0,0.006647
1418.0,0.007439
1419.0,0.00113
1420.0,0.004532
1421.0,0.004928
1422.0,0.03146
1423.0,0.005942
1424.0,0.01131
1425.0,0.01633
1426.0,0.0193
1427.0,0.03722
1428.0,0.002201
1429.0,0.02696
1430.0,0.04823
1431.0,0.05356
1432.0,0.001721
1433.0,0.03327
1434.0,0.01653
1435.0,0.01518
1436.0,0.03136
1437.0,0.02408
1438.0,0.009602
1439.0,0.04355
1440.0,0.03261
1441.0,0.02375
1442.0,0.02641
1443.0,0.03489
1444.0,0.04939
1445.0,0.03705
1446.0,0.01617
1447.0,0.02573
1448.0,0.09842
1449.0,0.08388
1450.0,0.01919
1451.0,0.007388
1452.0,0.04875
1453.0,0.06496
1454.0,0.1187
1455.0,0.05333
1456.0,0.07076
1457.0,0.09898
1458.0,0.1209
1459.0,0.1425
1460.0,0.07197
1461.0,0.07314
1462.0,0.1111
1463.0,0.03368
1464.0,0.1353
1465.0,0.08077
1466.0,0.05113
1467.0,0.02538
1468.0,0.06152
1469.0,0.07749
1470.0,0.03547
1471.0,0.01243
1472.0,0.03383
1473.0,0.05461
1474.0,0.08383
1475.0,0.1653
1476.0,0.05537
1477.0,0.05498
1478.0,0.05253
1479.0,0.1044
1480.0,0.04746
1481.0,0.09888
1482.0,0.04734
1483.0,0.1306
1484.0,0.1235
1485.0,0.1084
1486.0,0.1056
1487.0,0.04546
1488.0,0.08453
1489.0,0.1734
1490.0,0.1608
1491.0,0.1844
1492.0,0.1477
1493.0,0.1647
1494.0,0.1885
1495.0,0.1666
1496.0,0.1553
1497.0,0.2191
1498.0,0.176
1499.0,0.207
1500.0,0.241
1501.0,0.2533
1502.0,0.2132
1503.0,0.1789
1504.0,0.1417
1505.0,0.1725
1506.0,0.2538
1507.0,0.2439
1508.0,0.2325
1509.0,0.1748
1510.0,0.2641
1511.0,0.2548
1512.0,0.2529
1513.0,0.2305
1514.0,0.2147
1515.0,0.26
1516.0,0.2485
1517.0,0.2424
1518.0,0.242
1519.0,0.2362
1520.0,0.255
1521.0,0.2728
1522.0,0.2589
1523.0,0.2769
1524.0,0.2683
1525.0,0.2561
1526.0,0.2603
1527.0,0.2583
1528.0,0.2757
1529.0,0.2616
1530.0,0.2569
1531.0,0.2645
1532.0,0.2754
1533.0,0.2754
1534.0,0.2707
1535.0,0.2694
1536.0,0.2746
1537.0,0.2688
1538.0,0.2716
1539.0,0.2671
1540.0,0.2679
1541.0,0.27
1542.0,0.2673
1543.0,0.2721
1544.0,0.2691
1545.0,0.2742
1546.0,0.27
1547.0,0.2661
1548.0,0.2661
1549.0,0.2684
1550.0,0.2665
1551.0,0.2685
1552.0,0.2665
1553.0,0.2648
1554.0,0.2626
1555.0,0.2633
1556.0,0.2632
1557.0,0.2663
1558.0,0.2649
1559.0,0.2632
1560.0,0.265
1561.0,0.2668
1562.0,0.2635
1563.0,0.2613
1564.0,0.2625
1565.0,0.263
1566.0,0.2595
1567.0,0.2599
1568.0,0.2572
1569.0,0.2587
1570.0,0.261
1571.0,0.2629
1572.0,0.2611
1573.0,0.2593
1574.0,0.2501
1575.0,0.2471
1576.0,0.2434
1577.0,0.2372
1578.0,0.2491
1579.0,0.2513
1580.0,0.2534
1581.0,0.2496
1582.0,0.2445
1583.0,0.2457
1584.0,0.25
1585.0,0.2527
1586.0,0.2498
1587.0,0.2457
1588.0,0.2386
1589.0,0.2312
1590.0,0.2364
1591.0,0.2422
1592.0,0.2493
1593.0,0.2532
1594.0,0.2528
1595.0,0.2495
1596.0,0.2422
1597.0,0.2484
1598.0,0.2517
1599.0,0.2489
1600.0,0.2472
1601.0,0.2438
1602.0,0.2446
1603.0,0.247
1604.0,0.2451
1605.0,0.2449
1606.0,0.2422
1607.0,0.2443
1608.0,0.2442
1609.0,0.2377
1610.0,0.2328
1611.0,0.2369
1612.0,0.2395
1613.0,0.24
1614.0,0.24
1615.0,0.2346
1616.0,0.2309
1617.0,0.2355
1618.0,0.2395
1619.0,0.2351
1620.0,0.2301
1621.0,0.2328
1622.0,0.2364
1623.0,0.2399
1624.0,0.2371
1625.0,0.2362
1626.0,0.2367
1627.0,0.2386
1628.0,0.2379
1629.0,0.2358
1630.0,0.2344
1631.0,0.2332
1632.0,0.2326
1633.0,0.2256
1634.0,0.2307
1635.0,0.2275
1636.0,0.2256
1637.0,0.2231
1638.0,0.2101
1639.0,0.2183
1640.0,0.2091
1641.0,0.2167
1642.0,0.221
1643.0,0.2088
1644.0,0.221
1645.0,0.2148
1646.0,0.2098
1647.0,0.2245
1648.0,0.209
1649.0,0.2191
1650.0,0.2207
1651.0,0.2048
1652.0,0.2186
1653.0,0.2207
1654.0,0.209
1655.0,0.2207
1656.0,0.2171
1657.0,0.2187
1658.0,0.2215
1659.0,0.2199
1660.0,0.2219
1661.0,0.2208
1662.0,0.2147
1663.0,0.2197
1664.0,0.2178
1665.0,0.2057
1666.0,0.1677
1667.0,0.2038
1668.0,0.2114
1669.0,0.2129
1670.0,0.2167
1671.0,0.2105
1672.0,0.208
1673.0,0.2129
1674.0,0.2083
1675.0,0.2051
1676.0,0.2066
1677.0,0.2064
1678.0,0.2004
1679.0,0.2047
1680.0,0.1964
1681.0,0.1904
1682.0,0.201
1683.0,0.2054
1684.0,0.19
1685.0,0.2077
1686.0,0.2071
1687.0,0.1993
1688.0,0.206
1689.0,0.2037
1690.0,0.2032
1691.0,0.1852
1692.0,0.2025
1693.0,0.2082
1694.0,0.2003
1695.0,0.2059
1696.0,0.2059
1697.0,0.1728
1698.0,0.2041
1699.0,0.2014
1700.0,0.1959
1702.0,0.1994
1705.0,0.1933
1710.0,0.1833
1715.0,0.1839
1720.0,0.182
1725.0,0.1697
1730.0,0.1681
1735.0,0.1571
1740.0,0.1593
1745.0,0.1497
1750.0,0.16
1755.0,0.1471
1760.0,0.1536
1765.0,0.1253
1770.0,0.1338
1775.0,0.1065
1780.0,0.0907
1785.0,0.0672
1790.0,0.07825
1795.0,0.03656
1800.0,0.02579
1805.0,0.009446
1810.0,0.006272
1815.0,0.001612
1820.0,0.0003754
1825.0,0.0004989
1830.0,8.826e-07
1835.0,1.559e-06
1840.0,6.654e-09
1845.0,7.356e-07
1850.0,3.254e-07
1855.0,3.251e-08
1860.0,2.426e-06
1865.0,3.225e-06
1870.0,9.127e-12
1875.0,1.719e-11
1880.0,1.984e-05
1885.0,1.035e-05
1890.0,5.933e-05
1895.0,3.562e-05
1900.0,1.171e-07
1905.0,8.315e-08
1910.0,4.52e-06
1915.0,4.886e-06
1920.0,0.0001417
1925.0,0.0003692
1930.0,0.0002158
1935.0,0.001863
1940.0,0.001974
1945.0,0.008692
1950.0,0.01778
1955.0,0.01562
1960.0,0.0292
1965.0,0.04374
1970.0,0.06278
1975.0,0.07157
1980.0,0.07236
1985.0,0.07821
1990.0,0.08095
1995.0,0.08591
2000.0,0.09076
2005.0,0.0763
2010.0,0.1104
2015.0,0.08655
2020.0,0.09308
2025.0,0.1019
2030.0,0.09359
2035.0,0.1026
2040.0,0.09771
2045.0,0.1011
2050.0,0.1029
2055.0,0.09865
2060.0,0.09543
2065.0,0.09727
2070.0,0.09617
2075.0,0.09862
2080.0,0.09615
2085.0,0.09561
2090.0,0.09658
2095.0,0.09376
2100.0,0.08743
2105.0,0.09455
2110.0,0.09052
2115.0,0.09283
2120.0,0.08711
2125.0,0.08841
2130.0,0.08958
2135.0,0.09012
2140.0,0.09084
2145.0,0.08991
2150.0,0.0842
2155.0,0.08418
2160.0,0.08337
2165.0,0.07602
2170.0,0.08108
2175.0,0.07904
2180.0,0.08125
2185.0,0.07271
2190.0,0.07845
2195.0,0.07773
2200.0,0.06827
2205.0,0.07211
2210.0,0.07845
2215.0,0.07493
2220.0,0.07664
2225.0,0.07433
2230.0,0.07474
2235.0,0.07291
2240.0,0.07209
2245.0,0.06919
2250.0,0.07097
2255.0,0.06605
2260.0,0.06505
2265.0,0.06693
2270.0,0.06277
2275.0,0.06178
2280.0,0.06497
2285.0,0.06063
2290.0,0.06068
2295.0,0.05901
2300.0,0.05574
2305.0,0.05628
2310.0,0.06229
2315.0,0.05529
2320.0,0.04809
2325.0,0.05427
2330.0,0.05419
2335.0,0.05563
2340.0,0.04224
2345.0,0.04809
2350.0,0.03765
2355.0,0.04414
2360.0,0.04713
2365.0,0.0467
2370.0,0.02614
2375.0,0.04074
2380.0,0.03901
2385.0,0.02725
2390.0,0.0329
2395.0,0.03647
2400.0,0.04021
2405.0,0.03007
2410.0,0.0301
2415.0,0.02374
2420.0,0.0231
2425.0,0.02938
2430.0,0.04084
2435.0,0.01217
2440.0,0.03998
2445.0,0.01757
2450.0,0.0109
2455.0,0.02157
2460.0,0.02942
2465.0,0.02036
2470.0,0.0132
2475.0,0.01284
2480.0,0.00583
2485.0,0.003678
2490.0,0.00204
2495.0,0.001781
2500.0,0.004684
2505.0,0.0009331
2510.0,0.001393
2515.0,0.0002784
2520.0,0.0001331
2525.0,1.568e-05
2530.0,6.541e-08
2535.0,1.257e-08
2540.0,3.244e-08
2545.0,1.759e-12
2550.0,5.913e-15
2555.0,3.464e-11
2560.0,1.078e-12
2565.0,1.422e-16
2570.0,1.984e-21
2575.0,2.597e-32
2580.0,5.475e-26
2585.0,1.568e-40
2590.0,1.515e-36
2595.0,8.962e-38
2600.0,3.8459999999999996e-33
2605.0,4.19e-40
2610.0,6.7199999999999996e-40
2615.0,3.924e-44
2620.0,2.765e-33
2625.0,2.0209999999999998e-33
2630.0,0.0
2635.0,1.466e-18
2640.0,2.509e-19
2645.0,7.819999999999999e-22
2650.0,5.553e-23
2655.0,1.837e-32
2660.0,3.7919999999999995e-29
2665.0,7.385e-43
2670.0,0.0
2675.0,3.6130000000000004e-42
2680.0,9.725e-28
2685.0,8.029e-29
2690.0,1.839e-28
2695.0,1.079e-30
2700.0,3.6180000000000003e-26
2705.0,1.201e-23
2710.0,1.203e-28
2715.0,7.197e-27
2720.0,0.0
2725.0,5.232e-24
2730.0,9.220999999999999e-22
2735.0,1.162e-23
2740.0,1.921e-29
2745.0,3.2489999999999998e-24
2750.0,1.82e-23
2755.0,2.716e-25
2760.0,6.765000000000001e-20
2765.0,1.751e-26
2770.0,1.0639999999999999e-23
2775.0,1.684e-20
2780.0,1.585e-17
2785.0,8.444e-17
2790.0,1.646e-14
2795.0,2.735e-15
2800.0,2.121e-11
2805.0,3.933e-13
2810.0,1.875e-09
2815.0,5.583e-10
2820.0,5.784e-12
2825.0,7.237e-08
2830.0,1.979e-06
2835.0,1.471e-11
2840.0,5.15e-08
2845.0,2.499e-05
2850.0,3.32e-07
2855.0,1.611e-07
2860.0,8.823e-06
2865.0,7.227e-05
2870.0,1.472e-06
2875.0,0.0001933
2880.0,0.0001289
2885.0,0.0002039
2890.0,9.153e-05
2895.0,0.001764
2900.0,0.0004695
2905.0,4.96e-05
2910.0,0.001868
2915.0,0.0007575
2920.0,0.001991
2925.0,0.0006996
2930.0,0.004563
2935.0,0.005075
2940.0,0.001073
2945.0,0.0009026
2950.0,0.003967
2955.0,0.001785
2960.0,0.003594
2965.0,0.006313
2970.0,0.0002193
2975.0,0.0005775
2980.0,0.0009054
2985.0,0.005866
2990.0,0.009217
2995.0,0.003322
3000.0,0.0066
3005.0,0.002152
3010.0,0.005875
3015.0,0.004473
3020.0,0.0003494
3025.0,0.006399
3030.0,0.005027
3035.0,0.001843
3040.0,0.001433
3045.0,0.003157
3050.0,0.0006883
3055.0,0.0001565
3060.0,0.005222
3065.0,0.002112
3070.0,0.001149
3075.0,0.004943
3080.0,0.002836
3085.0,0.001187
3090.0,0.001639
3095.0,0.000379
3100.0,0.003513
3105.0,0.0006195
3110.0,0.0004898
3115.0,0.001602
3120.0,0.008582
3125.0,0.002446
3130.0,0.005038
3135.0,0.01034
3140.0,0.002624
3145.0,0.002603
3150.0,0.005672
3155.0,0.004808
3160.0,0.008127
3165.0,0.01323
3170.0,0.01177
3175.0,0.008131
3180.0,0.009823
3185.0,0.00663
3190.0,0.003493
3195.0,0.001807
3200.0,0.0002332
3205.0,0.0001465
3210.0,6.009e-05
3215.0,0.0002643
3220.0,0.0009907
3225.0,0.0001094
3230.0,0.0001805
3235.0,0.006049
3240.0,0.002606
3245.0,0.0004868
3250.0,0.001874
3255.0,0.008631
3260.0,0.0007716
3265.0,0.001747
3270.0,0.0007468
3275.0,0.004777
3280.0,0.002079
3285.0,0.009989
3290.0,0.007329
3295.0,0.0008381
3300.0,0.001271
3305.0,0.003021
3310.0,0.002866
3315.0,2.44e-06
3320.0,2.026e-05
3325.0,0.002443
3330.0,0.004047
3335.0,0.007944
3340.0,0.00288
3345.0,0.002755
3350.0,0.007297
3355.0,0.002814
3360.0,0.0045
3365.0,0.006532
3370.0,0.002988
3375.0,0.007808
3380.0,0.004054
3385.0,0.006754
3390.0,0.00898
3395.0,0.008807
3400.0,0.0122
3405.0,0.003459
3410.0,0.006451
3415.0,0.006185
3420.0,0.01308
3425.0,0.009173
3430.0,0.007677
3435.0,0.01136
3440.0,0.007035
3445.0,0.01089
3450.0,0.01067
3455.0,0.007506
3460.0,0.0124
3465.0,0.009019
3470.0,0.01212
3475.0,0.01045
3480.0,0.01078
3485.0,0.01187
3490.0,0.009828
3495.0,0.01207
3500.0,0.0117
3505.0,0.0116
3510.0,0.0118
3515.0,0.01121
3520.0,0.01201
3525.0,0.01116
3530.0,0.01083
3535.0,0.008777
3540.0,0.008312
3545.0,0.00887
3550.0,0.01014
3555.0,0.008457
3560.0,0.01047
3565.0,0.01047
3570.0,0.007745
3575.0,0.007969
3580.0,0.009817
3585.0,0.008595
3590.0,0.009004
3595.0,0.009312
3600.0,0.01001
3605.0,0.009992
3610.0,0.009052
3615.0,0.009147
3620.0,0.01157
3625.0,0.009856
3630.0,0.009649
3635.0,0.01
3640.0,0.01141
3645.0,0.01025
3650.0,0.009766
3655.0,0.01076
3660.0,0.01072
3665.0,0.009864
3670.0,0.00736
3675.0,0.004058
3680.0,0.007697
3685.0,0.008957
3690.0,0.009297
3695.0,0.00979
3700.0,0.0107
3705.0,0.01054
3710.0,0.008957
3715.0,0.008837
3720.0,0.0102
3725.0,0.01053
3730.0,0.008939
3735.0,0.00808
3740.0,0.008358
3745.0,0.009999
3750.0,0.008974
3755.0,0.00866
3760.0,0.008503
3765.0,0.008183
3770.0,0.008875
3775.0,0.008766
3780.0,0.009376
3785.0,0.008462
3790.0,0.007347
3795.0,0.008591
3800.0,0.009806
3805.0,0.00913
3810.0,0.007923
3815.0,0.007372
3820.0,0.009572
3825.0,0.009348
3830.0,0.009523
3835.0,0.007274
3840.0,0.00881
3845.0,0.008557
3850.0,0.008627
3855.0,0.008213
3860.0,0.007571
3865.0,0.00765
3870.0,0.006807
3875.0,0.006079
3880.0,0.005838
3885.0,0.0061
3890.0,0.006211
3895.0,0.006953
3900.0,0.007493
3905.0,0.007477
3910.0,0.006555
3915.0,0.006367
3920.0,0.006366
3925.0,0.006245
3930.0,0.006509
3935.0,0.006854
3940.0,0.006964
3945.0,0.007119
3950.0,0.00726
3955.0,0.007362
3960.0,0.007448
3965.0,0.007527
3970.0,0.007436
3975.0,0.007214
3980.0,0.0071
3985.0,0.007139
3990.0,0.007035
3995.0,0.006861
4000.0,0.006563
