interpolation:linear
wavelength,value
280.0,9.361e-35
280.5,1.51e-32
281.0,1.476e-31
281.5,2.193e-29
282.0,4.509e-28
282.5,3.278e-27
283.0,2.921e-26
283.5,7.817000000000001e-26
284.0,1.009e-23
284.5,7.248e-23
285.0,3.7539999999999997e-22
285.5,7.341e-21
286.0,5.0260000000000006e-20
286.5,6.264e-19
287.0,3.734e-18
287.5,3.622e-17
288.0,4.193e-16
288.5,2.749e-15
289.0,1.542e-14
289.5,1.011e-13
290.0,5.214e-13
290.5,1.776e-12
291.0,6.95e-12
291.5,4.188e-11
292.0,1.737e-10
292.5,3.45e-10
293.0,1.141e-09
293.5,4.938e-09
294.0,1.15e-08
294.5,2.595e-08
295.0,6.242e-08
295.5,2.221e-07
296.0,5.2e-07
296.5,8.697e-07
297.0,1.353e-06
297.5,4.367e-06
298.0,7.949e-06
298.5,8.882e-06
299.0,2.152e-05
299.5,4.083e-05
300.0,4.811e-05
300.5,7.416e-05
301.0,0.0001445
301.5,0.0002419
302.0,0.0002121
302.5,0.000452
303.0,0.0008977
303.5,0.001194
304.0,0.001143
304.5,0.001749
305.0,0.002712
305.5,0.003148
306.0,0.003082
306.5,0.003875
307.0,0.005773
307.5,0.007666
308.0,0.008169
308.5,0.009675
309.0,0.008891
309.5,0.01075
310.0,0.0111
310.5,0.01831
311.0,0.02349
311.5,0.02302
312.0,0.02365
312.5,0.02931
313.0,0.03222
313.5,0.03152
314.0,0.04004
314.5,0.03593
315.0,0.04768
315.5,0.04029
316.0,0.03549
316.5,0.05123
317.0,0.0642
317.5,0.06753
318.0,0.05296
318.5,0.06562
319.0,0.07799
319.5,0.06488
320.0,0.07921
320.5,0.09858
321.0,0.08701
321.5,0.084
322.0,0.09204
322.5,0.08068
323.0,0.08008
323.5,0.09688
324.0,0.1139
324.5,0.117
325.0,0.1039
325.5,0.1332
326.0,0.1621
326.5,0.1625
327.0,0.1638
327.5,0.16
328.0,0.1444
328.5,0.1518
329.0,0.1812
329.5,0.2065
330.0,0.2106
330.5,0.1713
331.0,0.1763
331.5,0.1795
332.0,0.1934
332.5,0.1917
333.0,0.1931
333.5,0.1774
334.0,0.1833
334.5,0.2112
335.0,0.1987
335.5,0.2272
336.0,0.1583
336.5,0.1926
337.0,0.1597
337.5,0.2003
338.0,0.1953
338.5,0.2222
339.0,0.2228
339.5,0.2148
340.0,0.2589
340.5,0.2347
341.0,0.2269
341.5,0.2118
342.0,0.2553
342.5,0.2408
343.0,0.2652
343.5,0.2501
344.0,0.1878
344.5,0.1873
345.0,0.2526
345.5,0.2605
346.0,0.2233
346.5,0.2547
347.0,0.274
347.5,0.2225
348.0,0.2563
348.5,0.2582
349.0,0.2411
349.5,0.24
350.0,0.2985
350.5,0.3166
351.0,0.2839
351.5,0.2758
352.0,0.299
352.5,0.2352
353.0,0.2982
353.5,0.3207
354.0,0.3348
354.5,0.3413
355.0,0.3417
355.5,0.3104
356.0,0.3265
356.5,0.2802
357.0,0.2326
357.5,0.2861
358.0,0.2279
358.5,0.1957
359.0,0.275
359.5,0.3517
360.0,0.3747
360.5,0.301
361.0,0.2758
361.5,0.3192
362.0,0.2774
362.5,0.3858
363.0,0.3481
363.5,0.3222
364.0,0.3958
364.5,0.3398
365.0,0.3476
365.5,0.4382
366.0,0.4664
366.5,0.4402
367.0,0.4305
367.5,0.4486
368.0,0.3943
368.5,0.3995
369.0,0.4333
369.5,0.4637
370.0,0.4964
370.5,0.3869
371.0,0.4151
371.5,0.5214
372.0,0.3474
372.5,0.4182
373.0,0.4271
373.5,0.279
374.0,0.4069
374.5,0.3383
375.0,0.3301
375.5,0.4947
376.0,0.4116
376.5,0.4281
377.0,0.4549
377.5,0.5342
378.0,0.5811
378.5,0.5513
379.0,0.4567
379.5,0.4186
380.0,0.4368
380.5,0.5311
381.0,0.5343
381.5,0.4252
382.0,0.379
382.5,0.3243
383.0,0.3014
383.5,0.2913
384.0,0.3224
384.5,0.4758
385.0,0.4735
385.5,0.4425
386.0,0.3802
386.5,0.5012
387.0,0.4178
387.5,0.4708
388.0,0.4362
388.5,0.4326
389.0,0.4684
389.5,0.5692
390.0,0.5731
390.5,0.5291
391.0,0.6248
391.5,0.6393
392.0,0.5401
392.5,0.4851
393.0,0.2708
393.5,0.1974
394.0,0.4029
394.5,0.5137
395.0,0.6287
395.5,0.6404
396.0,0.5569
396.5,0.3266
397.0,0.2458
397.5,0.5013
398.0,0.7039
398.5,0.7296
399.0,0.7924
399.5,0.7919
400.0,0.8244
401.0,0.8512
402.0,0.903
403.0,0.8623
404.0,0.8533
405.0,0.8573
406.0,0.8477
407.0,0.8383
408.0,0.8751
409.0,0.9409
410.0,0.8259
411.0,0.8987
412.0,0.9697
413.0,0.9497
414.0,0.9656
415.0,0.9725
416.0,0.994
417.0,0.9737
418.0,0.9598
419.0,0.9765
420.0,0.9762
421.0,1.025
422.0,0.9787
423.0,0.9599
424.0,1.019
425.0,1.021
426.0,0.999
427.0,0.9838
428.0,0.9617
429.0,0.9143
430.0,0.8031
431.0,0.7987
432.0,1.035
433.0,1.045
434.0,0.9732
435.0,1.02
436.0,1.153
437.0,1.141
438.0,1.042
439.0,1.081
440.0,1.119
441.0,1.164
442.0,1.252
443.0,1.223
444.0,1.253
445.0,1.229
446.0,1.177
447.0,1.276
448.0,1.299
449.0,1.309
450.0,1.349
451.0,1.403
452.0,1.356
453.0,1.278
454.0,1.338
455.0,1.35
456.0,1.386
457.0,1.413
458.0,1.368
459.0,1.364
460.0,1.371
461.0,1.406
462.0,1.421
463.0,1.414
464.0,1.393
465.0,1.379
466.0,1.396
467.0,1.373
468.0,1.393
469.0,1.403
470.0,1.361
471.0,1.362
472.0,1.438
473.0,1.422
474.0,1.427
475.0,1.442
476.0,1.401
477.0,1.408
478.0,1.45
479.0,1.445
480.0,1.451
481.0,1.482
482.0,1.493
483.0,1.478
484.0,1.45
485.0,1.384
486.0,1.212
487.0,1.273
488.0,1.399
489.0,1.406
490.0,1.481
491.0,1.459
492.0,1.38
493.0,1.427
494.0,1.444
495.0,1.459
496.0,1.47
497.0,1.495
498.0,1.428
499.0,1.448
500.0,1.408
501.0,1.385
502.0,1.367
503.0,1.425
504.0,1.389
505.0,1.442
506.0,1.491
507.0,1.421
508.0,1.379
509.0,1.419
510.0,1.414
511.0,1.454
512.0,1.472
513.0,1.395
514.0,1.388
515.0,1.376
516.0,1.374
517.0,1.222
518.0,1.287
519.0,1.351
520.0,1.402
521.0,1.417
522.0,1.42
523.0,1.396
524.0,1.448
525.0,1.466
526.0,1.402
527.0,1.323
528.0,1.4
529.0,1.478
530.0,1.458
531.0,1.481
532.0,1.432
533.0,1.391
534.0,1.434
535.0,1.467
536.0,1.482
537.0,1.425
538.0,1.452
539.0,1.441
540.0,1.383
541.0,1.393
542.0,1.438
543.0,1.424
544.0,1.45
545.0,1.447
546.0,1.454
547.0,1.455
548.0,1.439
549.0,1.445
550.0,1.463
551.0,1.447
552.0,1.458
553.0,1.433
554.0,1.469
555.0,1.473
556.0,1.455
557.0,1.411
558.0,1.402
559.0,1.376
560.0,1.395
561.0,1.414
562.0,1.405
563.0,1.444
564.0,1.405
565.0,1.394
566.0,1.375
567.0,1.401
568.0,1.389
569.0,1.355
570.0,1.356
571.0,1.35
572.0,1.382
573.0,1.397
574.0,1.394
575.0,1.368
576.0,1.356
577.0,1.372
578.0,1.353
579.0,1.36
580.0,1.388
581.0,1.397
582.0,1.425
583.0,1.43
584.0,1.444
585.0,1.409
586.0,1.381
587.0,1.412
588.0,1.376
589.0,1.216
590.0,1.272
591.0,1.35
592.0,1.332
593.0,1.355
594.0,1.345
595.0,1.312
596.0,1.367
597.0,1.353
598.0,1.351
599.0,1.354
600.0,1.357
601.0,1.348
602.0,1.339
603.0,1.363
604.0,1.386
605.0,1.38
606.0,1.375
607.0,1.39
608.0,1.375
609.0,1.378
610.0,1.37
611.0,1.377
612.0,1.374
613.0,1.358
614.0,1.34
615.0,1.37
616.0,1.326
617.0,1.324
618.0,1.375
619.0,1.362
620.0,1.371
621.0,1.373
622.0,1.357
623.0,1.337
624.0,1.315
625.0,1.312
626.0,1.332
627.0,1.347
628.0,1.248
629.0,1.313
630.0,1.282
631.0,1.315
632.0,1.301
633.0,1.342
634.0,1.33
635.0,1.352
636.0,1.335
637.0,1.358
638.0,1.372
639.0,1.358
640.0,1.346
641.0,1.346
642.0,1.34
643.0,1.359
644.0,1.355
645.0,1.358
646.0,1.325
647.0,1.307
648.0,1.309
649.0,1.284
650.0,1.294
651.0,1.351
652.0,1.292
653.0,1.334
654.0,1.32
655.0,1.27
656.0,1.127
657.0,1.158
658.0,1.299
659.0,1.309
660.0,1.315
661.0,1.325
662.0,1.327
663.0,1.302
664.0,1.319
665.0,1.321
666.0,1.323
667.0,1.322
668.0,1.323
669.0,1.345
670.0,1.339
671.0,1.34
672.0,1.329
673.0,1.349
674.0,1.345
675.0,1.333
676.0,1.343
677.0,1.33
678.0,1.334
679.0,1.313
680.0,1.324
681.0,1.316
682.0,1.314
683.0,1.312
684.0,1.306
685.0,1.318
686.0,1.31
687.0,0.8273
688.0,0.9898
689.0,0.9943
690.0,1.05
691.0,1.113
692.0,1.16
693.0,1.151
694.0,1.142
695.0,1.194
696.0,1.197
697.0,1.276
698.0,1.257
699.0,1.223
700.0,1.208
701.0,1.195
702.0,1.205
703.0,1.208
704.0,1.249
705.0,1.251
706.0,1.252
707.0,1.253
708.0,1.256
709.0,1.26
710.0,1.259
711.0,1.258
712.0,1.256
713.0,1.242
714.0,1.248
715.0,1.207
716.0,1.207
717.0,1.032
718.0,0.9463
719.0,0.8658
720.0,0.9056
721.0,1.009
722.0,1.164
723.0,1.079
724.0,0.9669
725.0,0.9494
726.0,0.9947
727.0,1.013
728.0,0.9468
729.0,0.9881
730.0,1.045
731.0,0.9988
732.0,1.074
733.0,1.143
734.0,1.172
735.0,1.147
736.0,1.146
737.0,1.15
738.0,1.172
739.0,1.149
740.0,1.181
741.0,1.17
742.0,1.172
743.0,1.203
744.0,1.2
745.0,1.201
746.0,1.206
747.0,1.209
748.0,1.207
749.0,1.194
750.0,1.193
751.0,1.181
752.0,1.187
753.0,1.193
754.0,1.196
755.0,1.189
756.0,1.189
757.0,1.191
758.0,1.176
759.0,1.15
760.0,0.1521
761.0,0.07327
762.0,0.5417
763.0,0.2462
764.0,0.3913
765.0,0.5419
766.0,0.6873
767.0,0.8903
768.0,1.046
769.0,1.073
770.0,1.115
771.0,1.126
772.0,1.129
773.0,1.137
774.0,1.132
775.0,1.124
776.0,1.138
777.0,1.123
778.0,1.117
779.0,1.118
780.0,1.112
781.0,1.113
782.0,1.12
783.0,1.101
784.0,1.106
785.0,1.098
786.0,1.11
787.0,1.089
788.0,1.075
789.0,1.074
790.0,1.043
791.0,1.055
792.0,1.048
793.0,1.031
794.0,1.052
795.0,1.069
796.0,1.032
797.0,1.033
798.0,1.067
799.0,1.06
800.0,1.041
801.0,1.037
802.0,1.034
803.0,1.026
804.0,1.028
805.0,1.026
806.0,1.057
807.0,1.044
808.0,1.045
809.0,1.024
810.0,1.015
811.0,1.014
812.0,0.983
813.0,0.9612
814.0,0.8376
815.0,0.833
816.0,0.7746
817.0,0.7897
818.0,0.7583
819.0,0.8549
820.0,0.8026
821.0,0.9482
822.0,0.9196
823.0,0.61
824.0,0.8894
825.0,0.932
826.0,0.8937
827.0,0.9464
828.0,0.7931
829.0,0.8892
830.0,0.8767
831.0,0.8801
832.0,0.8515
833.0,0.9106
834.0,0.8753
835.0,0.9686
836.0,0.9228
837.0,0.9718
838.0,0.9395
839.0,0.9579
840.0,0.9796
841.0,0.9648
842.0,0.9685
843.0,0.9696
844.0,0.9554
845.0,0.9889
846.0,0.985
847.0,0.9672
848.0,0.9607
849.0,0.9334
850.0,0.8945
851.0,0.9464
852.0,0.9403
853.0,0.9058
854.0,0.7816
855.0,0.8596
856.0,0.9391
857.0,0.9607
858.0,0.9534
859.0,0.9547
860.0,0.9567
861.0,0.9515
862.0,0.9667
863.0,0.9896
864.0,0.9403
865.0,0.9322
866.0,0.8383
867.0,0.8749
868.0,0.9522
869.0,0.9326
870.0,0.9593
871.0,0.9463
872.0,0.9431
873.0,0.9413
874.0,0.9302
875.0,0.9114
876.0,0.9209
877.0,0.9304
878.0,0.9404
879.0,0.9261
880.0,0.9064
881.0,0.8925
882.0,0.9117
883.0,0.915
884.0,0.9108
885.0,0.9177
886.0,0.8734
887.0,0.8838
888.0,0.8962
889.0,0.9077
890.0,0.8987
891.0,0.898
892.0,0.8703
893.0,0.841
894.0,0.8072
895.0,0.7574
896.0,0.7118
897.0,0.6047
898.0,0.6636
899.0,0.497
900.0,0.6839
901.0,0.5209
902.0,0.6222
903.0,0.6247
904.0,0.8018
905.0,0.7721
906.0,0.7209
907.0,0.5752
908.0,0.5884
909.0,0.6421
910.0,0.5591
911.0,0.6018
912.0,0.6306
913.0,0.5671
914.0,0.564
915.0,0.6114
916.0,0.5158
917.0,0.6636
918.0,0.5284
919.0,0.6785
920.0,0.691
921.0,0.719
922.0,0.6364
923.0,0.6952
924.0,0.6513
925.0,0.6373
926.0,0.6437
927.0,0.7271
928.0,0.5149
929.0,0.465
930.0,0.3574
931.0,0.3397
932.0,0.2362
933.0,0.1878
934.0,0.09419
935.0,0.1957
936.0,0.1166
937.0,0.1176
938.0,0.1468
939.0,0.3291
940.0,0.402
941.0,0.2954
942.0,0.3468
943.0,0.2219
944.0,0.2398
945.0,0.3063
946.0,0.1474
947.0,0.3054
948.0,0.2234
949.0,0.4171
950.0,0.1034
951.0,0.4123
952.0,0.2105
953.0,0.2793
954.0,0.3507
955.0,0.2833
956.0,0.2809
957.0,0.21
958.0,0.4088
959.0,0.3153
960.0,0.3534
961.0,0.4042
962.0,0.3817
963.0,0.4465
964.0,0.4071
965.0,0.4453
966.0,0.4439
967.0,0.4414
968.0,0.6156
969.0,0.6403
970.0,0.5854
971.0,0.6804
972.0,0.6489
973.0,0.5545
974.0,0.525
975.0,0.549
976.0,0.5155
977.0,0.5982
978.0,0.5635
979.0,0.5935
980.0,0.5562
981.0,0.6773
982.0,0.6437
983.0,0.6159
984.0,0.7025
985.0,0.6414
986.0,0.7176
987.0,0.7004
988.0,0.6993
989.0,0.7173
990.0,0.6951
991.0,0.7192
992.0,0.7237
993.0,0.7045
994.0,0.7239
995.0,0.7235
996.0,0.7198
997.0,0.7212
998.0,0.7176
999.0,0.7152
1000.0,0.7094
1001.0,0.7192
1002.0,0.6963
1003.0,0.7063
1004.0,0.6883
1005.0,0.6642
1006.0,0.6896
1007.0,0.7046
1008.0,0.7003
1009.0,0.6959
1010.0,0.6927
1011.0,0.7012
1012.0,0.6946
1013.0,0.6998
1014.0,0.6949
1015.0,0.6902
1016.0,0.6871
1017.0,0.6888
1018.0,0.6866
1019.0,0.6708
1020.0,0.6829
1021.0,0.6822
1022.0,0.6765
1023.0,0.6836
1024.0,0.6735
1025.0,0.6836
1026.0,0.6804
1027.0,0.6789
1028.0,0.6774
1029.0,0.6693
1030.0,0.6744
1031.0,0.6715
1032.0,0.6698
1033.0,0.6597
1034.0,0.6598
1035.0,0.6619
1036.0,0.6652
1037.0,0.6545
1038.0,0.6573
1039.0,0.6569
1040.0,0.6543
1041.0,0.6568
1042.0,0.6522
1043.0,0.6501
1044.0,0.6524
1045.0,0.6435
1046.0,0.6363
1047.0,0.642
1048.0,0.6454
1049.0,0.643
1050.0,0.64
1051.0,0.639
1052.0,0.6363
1053.0,0.6312
1054.0,0.6324
1055.0,0.6326
1056.0,0.6302
1057.0,0.6281
1058.0,0.6125
1059.0,0.613
1060.0,0.612
1061.0,0.6112
1062.0,0.6142
1063.0,0.6081
1064.0,0.6153
1065.0,0.6105
1066.0,0.5988
1067.0,0.6064
1068.0,0.5929
1069.0,0.5749
1070.0,0.5941
1071.0,0.6044
1072.0,0.5966
1073.0,0.5882
1074.0,0.6046
1075.0,0.5711
1076.0,0.604
1077.0,0.5914
1078.0,0.5795
1079.0,0.595
1080.0,0.5824
1081.0,0.5622
1082.0,0.574
1083.0,0.5764
1084.0,0.5601
1085.0,0.5841
1086.0,0.5284
1087.0,0.5487
1088.0,0.5754
1089.0,0.5547
1090.0,0.5407
1091.0,0.5727
1092.0,0.572
1093.0,0.4763
1094.0,0.5223
1095.0,0.4972
1096.0,0.4736
1097.0,0.5589
1098.0,0.4651
1099.0,0.4866
1100.0,0.4487
1101.0,0.4555
1102.0,0.4327
1103.0,0.4268
1104.0,0.4276
1105.0,0.4748
1106.0,0.3488
1107.0,0.4482
1108.0,0.3714
1109.0,0.3738
1110.0,0.4429
1111.0,0.2892
1112.0,0.3716
1113.0,0.225
1114.0,0.2525
1115.0,0.2088
1116.0,0.16
1117.0,0.05192
1118.0,0.1762
1119.0,0.08167
1120.0,0.1022
1121.0,0.1391
1122.0,0.05367
1123.0,0.09267
1124.0,0.07815
1125.0,0.1034
1126.0,0.03125
1127.0,0.117
1128.0,0.06475
1129.0,0.06938
1130.0,0.04395
1131.0,0.2351
1132.0,0.182
1133.0,0.1082
1134.0,0.02397
1135.0,0.009216
1136.0,0.08776
1137.0,0.2285
1138.0,0.1597
1139.0,0.2525
1140.0,0.2055
1141.0,0.1519
1142.0,0.1775
1143.0,0.2581
1144.0,0.08347
1145.0,0.1045
1146.0,0.1126
1147.0,0.03478
1148.0,0.223
1149.0,0.1739
1150.0,0.09068
1151.0,0.1584
1152.0,0.2
1153.0,0.1988
1154.0,0.1009
1155.0,0.2632
1156.0,0.2342
1157.0,0.2677
1158.0,0.2647
1159.0,0.289
1160.0,0.2435
1161.0,0.3077
1162.0,0.3086
1163.0,0.4297
1164.0,0.3639
1165.0,0.3388
1166.0,0.3399
1167.0,0.3725
1168.0,0.3755
1169.0,0.3859
1170.0,0.4232
1171.0,0.4123
1172.0,0.4221
1173.0,0.4224
1174.0,0.2927
1175.0,0.4145
1176.0,0.4604
1177.0,0.4388
1178.0,0.3229
1179.0,0.4643
1180.0,0.4093
1181.0,0.4227
1182.0,0.2845
1183.0,0.4174
1184.0,0.3887
1185.0,0.373
1186.0,0.4493
1187.0,0.4258
1188.0,0.2883
1189.0,0.3963
1190.0,0.4395
1191.0,0.4132
1192.0,0.446
1193.0,0.426
1194.0,0.4401
1195.0,0.4134
1196.0,0.3965
1197.0,0.4417
1198.0,0.4024
1199.0,0.3363
1200.0,0.4205
1201.0,0.4035
1202.0,0.4027
1203.0,0.3987
1204.0,0.3458
1205.0,0.4138
1206.0,0.4602
1207.0,0.4009
1208.0,0.3964
1209.0,0.405
1210.0,0.4233
1211.0,0.4009
1212.0,0.3932
1213.0,0.4437
1214.0,0.4039
1215.0,0.3958
1216.0,0.4425
1217.0,0.4298
1218.0,0.4389
1219.0,0.4329
1220.0,0.4394
1221.0,0.4444
1222.0,0.4324
1223.0,0.4279
1224.0,0.4243
1225.0,0.4415
1226.0,0.4453
1227.0,0.4079
1228.0,0.4482
1229.0,0.4454
1230.0,0.4373
1231.0,0.4515
1232.0,0.4488
1233.0,0.431
1234.0,0.4517
1235.0,0.4485
1236.0,0.452
1237.0,0.4447
1238.0,0.4505
1239.0,0.4447
1240.0,0.4466
1241.0,0.4439
1242.0,0.4434
1243.0,0.4399
1244.0,0.4428
1245.0,0.4448
1246.0,0.4423
1247.0,0.4404
1248.0,0.4398
1249.0,0.4415
1250.0,0.4386
1251.0,0.4326
1252.0,0.4332
1253.0,0.4289
1254.0,0.4239
1255.0,0.4325
1256.0,0.4189
1257.0,0.4162
1258.0,0.4253
1259.0,0.4075
1260.0,0.4099
1261.0,0.3839
1262.0,0.3708
1263.0,0.3714
1264.0,0.3392
1265.0,0.3691
1266.0,0.353
1267.0,0.3607
1268.0,0.3397
1269.0,0.1956
1270.0,0.3588
1271.0,0.383
1272.0,0.3846
1273.0,0.3802
1274.0,0.3819
1275.0,0.388
1276.0,0.3923
1277.0,0.3957
1278.0,0.4045
1279.0,0.4008
1280.0,0.3958
1281.0,0.3782
1282.0,0.3654
1283.0,0.3933
1284.0,0.4026
1285.0,0.4054
1286.0,0.4114
1287.0,0.4041
1288.0,0.4043
1289.0,0.3896
1290.0,0.4008
1291.0,0.4068
1292.0,0.3787
1293.0,0.3981
1294.0,0.3951
1295.0,0.3922
1296.0,0.3722
1297.0,0.3504
1298.0,0.3807
1299.0,0.3989
1300.0,0.3318
1301.0,0.3431
1302.0,0.3796
1303.0,0.3281
1304.0,0.2743
1305.0,0.3714
1306.0,0.371
1307.0,0.2823
1308.0,0.3296
1309.0,0.3675
1310.0,0.2766
1311.0,0.3148
1312.0,0.3053
1313.0,0.2983
1314.0,0.2651
1315.0,0.2603
1316.0,0.3087
1317.0,0.2918
1318.0,0.3195
1319.0,0.2429
1320.0,0.2369
1321.0,0.2782
1322.0,0.2798
1323.0,0.2049
1324.0,0.2385
1325.0,0.3039
1326.0,0.2573
1327.0,0.2444
1328.0,0.2089
1329.0,0.1519
1330.0,0.2002
1331.0,0.115
1332.0,0.1207
1333.0,0.1692
1334.0,0.1466
1335.0,0.204
1336.0,0.1582
1337.0,0.1384
1338.0,0.1497
1339.0,0.1499
1340.0,0.1475
1341.0,0.1401
1342.0,0.1475
1343.0,0.09259
1344.0,0.05602
1345.0,0.0809
1346.0,0.03586
1347.0,0.03571
1348.0,0.001793
1349.0,0.00691
1350.0,0.007546
1351.0,0.001452
1352.0,0.0002992
1353.0,1.178e-05
1354.0,4.867e-05
1355.0,2.232e-07
1356.0,5.669e-06
1357.0,8.674e-06
1358.0,2.706e-07
1359.0,2.203e-08
1360.0,1.061e-07
1361.0,4.787e-11
1362.0,9.115e-14
1363.0,1.227e-07
1364.0,5.086e-08
1365.0,1.914e-14
1366.0,6.017e-07
1367.0,2.726e-07
1368.0,5.477e-17
1369.0,1.871e-08
1370.0,7.671e-09
1371.0,3.526e-10
1372.0,1.511e-07
1373.0,4.057e-06
1374.0,2.301e-05
1375.0,4.085e-05
1376.0,4.434e-05
1377.0,1.95e-05
1378.0,0.0002052
1379.0,8.183e-06
1380.0,1.034e-05
1381.0,2.439e-07
1382.0,1.291e-07
1383.0,1.678e-09
1384.0,1.958e-08
1385.0,1.516e-07
1386.0,1.007e-07
1387.0,2.082e-05
1388.0,4.244e-07
1389.0,8.923e-05
1390.0,7.6e-05
1391.0,4.904e-05
1392.0,3.036e-06
1393.0,1.787e-05
1394.0,6.59e-06
1395.0,3.948e-08
1396.0,7.843e-11
1397.0,6.587e-06
1398.0,0.0002246
1399.0,0.0001439
1400.0,2.646e-11
1401.0,1.541e-10
1402.0,0.0005369
1403.0,0.0006373
1404.0,0.0001892
1405.0,1.642e-08
1406.0,0.0004463
1407.0,4.319e-05
1408.0,0.000372
1409.0,0.000106
1410.0,9.6e-05
1411.0,0.0005671
1412.0,0.0008278
1413.0,0.01065
1414.0,7.75e-05
1415.0,3.455e-05
1416.0,0.02039
1417.0,0.005291
1418.0,0.005799
1419.0,0.0008673
1420.0,0.003523
1421.0,0.003875
1422.0,0.02677
1423.0,0.004978
1424.0,0.009597
1425.0,0.01363
1426.0,0.01661
1427.0,0.03305
1428.0,0.001645
1429.0,0.0234
1430.0,0.04334
1431.0,0.04849
1432.0,0.00128
1433.0,0.02967
1434.0,0.01451
1435.0,0.01258
1436.0,0.0272
1437.0,0.02094
1438.0,0.008048
1439.0,0.03825
1440.0,0.0287
1441.0,0.02027
1442.0,0.02251
1443.0,0.03076
1444.0,0.04423
1445.0,0.03226
1446.0,0.0138
1447.0,0.02216
1448.0,0.09131
1449.0,0.07703
1450.0,0.01662
1451.0,0.00624
1452.0,0.04379
1453.0,0.05884
1454.0,0.1116
1455.0,0.04874
1456.0,0.06421
1457.0,0.09195
1458.0,0.1147
1459.0,0.1348
1460.0,0.06697
1461.0,0.06694
1462.0,0.1038
1463.0,0.0304
1464.0,0.1284
1465.0,0.07621
1466.0,0.04593
1467.0,0.02208
1468.0,0.0559
1469.0,0.07138
1470.0,0.03093
1471.0,0.01072
1472.0,0.02945
1473.0,0.04931
1474.0,0.07821
1475.0,0.1581
1476.0,0.05063
1477.0,0.0498
1478.0,0.04861
1479.0,0.09825
1480.0,0.04299
1481.0,0.09254
1482.0,0.04358
1483.0,0.1235
1484.0,0.1179
1485.0,0.1026
1486.0,0.09918
1487.0,0.04112
1488.0,0.07939
1489.0,0.167
1490.0,0.1553
1491.0,0.1796
1492.0,0.1409
1493.0,0.1584
1494.0,0.1832
1495.0,0.1614
1496.0,0.15
1497.0,0.2159
1498.0,0.1715
1499.0,0.2026
1500.0,0.2382
1501.0,0.2501
1502.0,0.2101
1503.0,0.1745
1504.0,0.1369
1505.0,0.1682
1506.0,0.2516
1507.0,0.2411
1508.0,0.2298
1509.0,0.1702
1510.0,0.2622
1511.0,0.2521
1512.0,0.2509
1513.0,0.2269
1514.0,0.2107
1515.0,0.2583
1516.0,0.2465
1517.0,0.2397
1518.0,0.2394
1519.0,0.2331
1520.0,0.2527
1521.0,0.2723
1522.0,0.2572
1523.0,0.2765
1524.0,0.2671
1525.0,0.2541
1526.0,0.2585
1527.0,0.2566
1528.0,0.2751
1529.0,0.2605
1530.0,0.2556
1531.0,0.2633
1532.0,0.275
1533.0,0.2753
1534.0,0.2704
1535.0,0.2688
1536.0,0.2743
1537.0,0.2682
1538.0,0.2715
1539.0,0.2667
1540.0,0.2678
1541.0,0.2698
1542.0,0.2669
1543.0,0.2719
1544.0,0.2686
1545.0,0.2741
1546.0,0.2696
1547.0,0.2659
1548.0,0.2659
1549.0,0.2683
1550.0,0.2664
1551.0,0.2683
1552.0,0.2662
1553.0,0.2647
1554.0,0.2624
1555.0,0.2632
1556.0,0.263
1557.0,0.2662
1558.0,0.2647
1559.0,0.263
1560.0,0.2649
1561.0,0.2667
1562.0,0.2632
1563.0,0.2612
1564.0,0.2623
1565.0,0.2628
1566.0,0.2593
1567.0,0.2598
1568.0,0.2571
1569.0,0.2586
1570.0,0.2609
1571.0,0.2628
1572.0,0.261
1573.0,0.2592
1574.0,0.2499
1575.0,0.2469
1576.0,0.2431
1577.0,0.2369
1578.0,0.2486
1579.0,0.2507
1580.0,0.2528
1581.0,0.2491
1582.0,0.2441
1583.0,0.2452
1584.0,0.2498
1585.0,0.2525
1586.0,0.2495
1587.0,0.2454
1588.0,0.2385
1589.0,0.2311
1590.0,0.2363
1591.0,0.2421
1592.0,0.2491
1593.0,0.2531
1594.0,0.2527
1595.0,0.2494
1596.0,0.242
1597.0,0.2481
1598.0,0.2516
1599.0,0.2488
1600.0,0.2472
1601.0,0.2437
1602.0,0.2444
1603.0,0.2469
1604.0,0.245
1605.0,0.2449
1606.0,0.2421
1607.0,0.2443
1608.0,0.244
1609.0,0.2376
1610.0,0.2327
1611.0,0.2368
1612.0,0.2395
1613.0,0.2399
1614.0,0.2399
1615.0,0.2345
1616.0,0.2309
1617.0,0.2353
1618.0,0.2394
1619.0,0.2349
1620.0,0.23
1621.0,0.2327
1622.0,0.2363
1623.0,0.2398
1624.0,0.237
1625.0,0.236
1626.0,0.2366
1627.0,0.2384
1628.0,0.2377
1629.0,0.2357
1630.0,0.2343
1631.0,0.2329
1632.0,0.2324
1633.0,0.2251
1634.0,0.2305
1635.0,0.227
1636.0,0.2253
1637.0,0.2229
1638.0,0.2093
1639.0,0.2181
1640.0,0.2081
1641.0,0.2165
1642.0,0.2209
1643.0,0.2076
1644.0,0.2209
1645.0,0.2141
1646.0,0.2085
1647.0,0.2244
1648.0,0.2078
1649.0,0.2188
1650.0,0.2205
1651.0,0.2033
1652.0,0.2181
1653.0,0.2204
1654.0,0.2078
1655.0,0.2204
1656.0,0.2165
1657.0,0.2182
1658.0,0.2213
1659.0,0.2197
1660.0,0.2216
1661.0,0.2204
1662.0,0.2141
1663.0,0.2196
1664.0,0.2175
1665.0,0.2046
1666.0,0.1641
1667.0,0.2027
1668.0,0.2111
1669.0,0.2125
1670.0,0.2165
1671.0,0.2101
1672.0,0.2078
1673.0,0.2127
1674.0,0.2078
1675.0,0.2047
1676.0,0.2064
1677.0,0.2059
1678.0,0.1997
1679.0,0.2046
1680.0,0.1962
1681.0,0.1898
1682.0,0.2009
1683.0,0.2052
1684.0,0.1884
1685.0,0.2076
1686.0,0.207
1687.0,0.1986
1688.0,0.2057
1689.0,0.2035
1690.0,0.2028
1691.0,0.1835
1692.0,0.202
1693.0,0.2081
1694.0,0.1996
1695.0,0.2057
1696.0,0.2058
1697.0,0.1705
1698.0,0.2038
1699.0,0.2011
1700.0,0.1953
1702.0,0.1991
1705.0,0.1926
1710.0,0.1823
1715.0,0.1831
1720.0,0.1813
1725.0,0.1684
1730.0,0.1669
1735.0,0.1559
1740.0,0.158
1745.0,0.1483
1750.0,0.1587
1755.0,0.1455
1760.0,0.1521
1765.0,0.1232
1770.0,0.1315
1775.0,0.1037
1780.0,0.08771
1785.0,0.06406
1790.0,0.07487
1795.0,0.03315
1800.0,0.02376
1805.0,0.007902
1810.0,0.005334
1815.0,0.001194
1820.0,0.0002552
1825.0,0.0003418
1830.0,4.348e-07
1835.0,8.923e-07
1840.0,2.744e-09
1845.0,3.038e-07
1850.0,1.301e-07
1855.0,1.37e-08
1860.0,1.322e-06
1865.0,1.649e-06
1870.0,2.375e-12
1875.0,4.611e-12
1880.0,1.152e-05
1885.0,5.817e-06
1890.0,3.422e-05
1895.0,2.12e-05
1900.0,5.304e-08
1905.0,3.896e-08
1910.0,2.338e-06
1915.0,2.794e-06
1920.0,8.792e-05
1925.0,0.0002522
1930.0,0.0001486
1935.0,0.001439
1940.0,0.001617
1945.0,0.007514
1950.0,0.01604
1955.0,0.01371
1960.0,0.02703
1965.0,0.0415
1970.0,0.06067
1975.0,0.06954
1980.0,0.07056
1985.0,0.07661
1990.0,0.07935
1995.0,0.08456
2000.0,0.08961
2005.0,0.07468
2010.0,0.11
2015.0,0.08513
2020.0,0.09197
2025.0,0.1013
2030.0,0.09262
2035.0,0.1023
2040.0,0.09703
2045.0,0.1006
2050.0,0.1026
2055.0,0.09816
2060.0,0.09484
2065.0,0.09685
2070.0,0.09569
2075.0,0.09837
2080.0,0.09588
2085.0,0.09535
2090.0,0.09643
2095.0,0.09354
2100.0,0.08685
2105.0,0.09437
2110.0,0.09014
2115.0,0.09267
2120.0,0.08668
2125.0,0.08811
2130.0,0.08941
2135.0,0.09001
2140.0,0.09078
2145.0,0.08985
2150.0,0.08379
2155.0,0.08381
2160.0,0.08306
2165.0,0.07564
2170.0,0.08085
2175.0,0.07859
2180.0,0.081
2185.0,0.07209
2190.0,0.0781
2195.0,0.07735
2200.0,0.06733
2205.0,0.07155
2210.0,0.0783
2215.0,0.07456
2220.0,0.07639
2225.0,0.07401
2230.0,0.07446
2235.0,0.07254
2240.0,0.07173
2245.0,0.06865
2250.0,0.07061
2255.0,0.0654
2260.0,0.06435
2265.0,0.06641
2270.0,0.06199
2275.0,0.06097
2280.0,0.06447
2285.0,0.05984
2290.0,0.05993
2295.0,0.05825
2300.0,0.05477
2305.0,0.05535
2310.0,0.06183
2315.0,0.05442
2320.0,0.04692
2325.0,0.05359
2330.0,0.05337
2335.0,0.05495
2340.0,0.04102
2345.0,0.04702
2350.0,0.03645
2355.0,0.04303
2360.0,0.04615
2365.0,0.04587
2370.0,0.02468
2375.0,0.03963
2380.0,0.03798
2385.0,0.02608
2390.0,0.0318
2395.0,0.03538
2400.0,0.03919
2405.0,0.02903
2410.0,0.02902
2415.0,0.02258
2420.0,0.02206
2425.0,0.02824
2430.0,0.03976
2435.0,0.01131
2440.0,0.039
2445.0,0.01654
2450.0,0.01004
2455.0,0.02053
2460.0,0.02818
2465.0,0.01913
2470.0,0.01205
2475.0,0.01168
2480.0,0.005158
2485.0,0.003109
2490.0,0.001643
2495.0,0.001438
2500.0,0.003986
2505.0,0.0007736
2510.0,0.001162
2515.0,0.0002174
2520.0,8.642e-05
2525.0,1.055e-05
2530.0,2.558e-08
2535.0,4.192e-09
2540.0,1.171e-08
2545.0,4.47e-13
2550.0,1.224e-15
2555.0,8.666e-12
2560.0,2.814e-13
2565.0,2.152e-17
2570.0,1.369e-22
2575.0,3.562e-34
2580.0,1.5059999999999999e-27
2585.0,5.675e-43
2590.0,8.413e-39
2595.0,1.641e-39
2600.0,3.35e-35
2605.0,3.779e-42
2610.0,2.637e-42
2615.0,0.0
2620.0,5.317e-35
2625.0,1.427e-35
2630.0,0.0
2635.0,1.549e-19
2640.0,2.0200000000000003e-20
2645.0,4.514e-23
2650.0,2.182e-24
2655.0,1.967e-34
2660.0,1.031e-30
2665.0,4.204e-45
2670.0,0.0
2675.0,1.8219999999999998e-44
2680.0,3.261e-29
2685.0,2.3020000000000002e-30
2690.0,3.0610000000000002e-30
2695.0,2.8130000000000003e-32
2700.0,1.0529999999999999e-27
2705.0,3.995e-25
2710.0,5.3020000000000005e-30
2715.0,1.3840000000000001e-28
2720.0,0.0
2725.0,3.4520000000000003e-25
2730.0,3.421e-23
2735.0,4.87e-25
2740.0,7.596e-31
2745.0,1.611e-25
2750.0,8.947e-25
2755.0,1.2550000000000002e-26
2760.0,5.128e-21
2765.0,7.324e-28
2770.0,5.429e-25
2775.0,1.12e-21
2780.0,2.112e-18
2785.0,1.579e-17
2790.0,2.614e-15
2795.0,3.187e-16
2800.0,6.303e-12
2805.0,1.138e-13
2810.0,6.247e-10
2815.0,1.847e-10
2820.0,1.634e-12
2825.0,2.884e-08
2830.0,9.865e-07
2835.0,3.909e-12
2840.0,2.25e-08
2845.0,1.513e-05
2850.0,1.519e-07
2855.0,9.127e-08
2860.0,5.159e-06
2865.0,4.65e-05
2870.0,7.561e-07
2875.0,0.0001353
2880.0,9.551e-05
2885.0,0.0001429
2890.0,6.794e-05
2895.0,0.001465
2900.0,0.000369
2905.0,3.549e-05
2910.0,0.00158
2915.0,0.0006081
2920.0,0.00168
2925.0,0.0005798
2930.0,0.00404
2935.0,0.0045
2940.0,0.0008949
2945.0,0.0007283
2950.0,0.00347
2955.0,0.00157
2960.0,0.003189
2965.0,0.00577
2970.0,0.000176
2975.0,0.0004814
2980.0,0.0007546
2985.0,0.005341
2990.0,0.008653
2995.0,0.002933
3000.0,0.006054
3005.0,0.00188
3010.0,0.005412
3015.0,0.004019
3020.0,0.0002678
3025.0,0.005885
3030.0,0.004582
3035.0,0.001607
3040.0,0.001238
3045.0,0.002774
3050.0,0.0005791
3055.0,0.0001216
3060.0,0.004787
3065.0,0.001838
3070.0,0.0009603
3075.0,0.00451
3080.0,0.002537
3085.0,0.001
3090.0,0.001394
3095.0,0.0003009
3100.0,0.003163
3105.0,0.0005225
3110.0,0.000385
3115.0,0.001368
3120.0,0.007991
3125.0,0.002213
3130.0,0.004686
3135.0,0.009745
3140.0,0.002345
3145.0,0.002338
3150.0,0.005236
3155.0,0.004442
3160.0,0.007598
3165.0,0.01275
3170.0,0.01131
3175.0,0.007631
3180.0,0.009384
3185.0,0.006057
3190.0,0.003193
3195.0,0.001525
3200.0,0.0001782
3205.0,0.0001067
3210.0,4.309e-05
3215.0,0.0002044
3220.0,0.0008087
3225.0,8.579e-05
3230.0,0.0001399
3235.0,0.005562
3240.0,0.002248
3245.0,0.0004125
3250.0,0.001642
3255.0,0.008095
3260.0,0.0006435
3265.0,0.001513
3270.0,0.0006114
3275.0,0.004351
3280.0,0.001823
3285.0,0.009517
3290.0,0.006821
3295.0,0.0007242
3300.0,0.001111
3305.0,0.002699
3310.0,0.002524
3315.0,1.217e-06
3320.0,1.341e-05
3325.0,0.002108
3330.0,0.003789
3335.0,0.00747
3340.0,0.002649
3345.0,0.00247
3350.0,0.006923
3355.0,0.002518
3360.0,0.004169
3365.0,0.006201
3370.0,0.002655
3375.0,0.007462
3380.0,0.003669
3385.0,0.006405
3390.0,0.008558
3395.0,0.00845
3400.0,0.01196
3405.0,0.003112
3410.0,0.006148
3415.0,0.005765
3420.0,0.01289
3425.0,0.008786
3430.0,0.007251
3435.0,0.01114
3440.0,0.006611
3445.0,0.01061
3450.0,0.01036
3455.0,0.007149
3460.0,0.01222
3465.0,0.008657
3470.0,0.01194
3475.0,0.01017
3480.0,0.01052
3485.0,0.01167
3490.0,0.009524
3495.0,0.01189
3500.0,0.01151
3505.0,0.01141
3510.0,0.01163
3515.0,0.01101
3520.0,0.01187
3525.0,0.01098
3530.0,0.01062
3535.0,0.008481
3540.0,0.008003
3545.0,0.008576
3550.0,0.009925
3555.0,0.008183
3560.0,0.01029
3565.0,0.01028
3570.0,0.007478
3575.0,0.007672
3580.0,0.009621
3585.0,0.008339
3590.0,0.008779
3595.0,0.00913
3600.0,0.009861
3605.0,0.009809
3610.0,0.008838
3615.0,0.008976
3620.0,0.01149
3625.0,0.009681
3630.0,0.009489
3635.0,0.009854
3640.0,0.01134
3645.0,0.01011
3650.0,0.009614
3655.0,0.01066
3660.0,0.01063
3665.0,0.009713
3670.0,0.007147
3675.0,0.003793
3680.0,0.007469
3685.0,0.008778
3690.0,0.00913
3695.0,0.009675
3700.0,0.01065
3705.0,0.01048
3710.0,0.008812
3715.0,0.0087
3720.0,0.01013
3725.0,0.01047
3730.0,0.008811
3735.0,0.007923
3740.0,0.008225
3745.0,0.009942
3750.0,0.008873
3755.0,0.008545
3760.0,0.008359
3765.0,0.008042
3770.0,0.008772
3775.0,0.008663
3780.0,0.009298
3785.0,0.008331
3790.0,0.007187
3795.0,0.008487
3800.0,0.009759
3805.0,0.00905
3810.0,0.007777
3815.0,0.007221
3820.0,0.009524
3825.0,0.009286
3830.0,0.009478
3835.0,0.00711
3840.0,0.008724
3845.0,0.008454
3850.0,0.008529
3855.0,0.008096
3860.0,0.007414
3865.0,0.007501
3870.0,0.006614
3875.0,0.005853
3880.0,0.005604
3885.0,0.005881
3890.0,0.005998
3895.0,0.006779
3900.0,0.007352
3905.0,0.007339
3910.0,0.006366
3915.0,0.006172
3920.0,0.006174
3925.0,0.00605
3930.0,0.006329
3935.0,0.006695
3940.0,0.006813
3945.0,0.006982
3950.0,0.007137
3955.0,0.007248
3960.0,0.007342
3965.0,0.007427
3970.0,0.007333
3975.0,0.007099
3980.0,0.006981
3985.0,0.007028
3990.0,0.006921
3995.0,0.006739
4000.0,0.006438
