interpolation:linear
wavelength,value
280.0,5.1380000000000004e-31
280.5,4.796e-29
281.0,3.837e-28
281.5,3.3580000000000005e-26
282.0,5.0060000000000005e-25
282.5,2.931e-24
283.0,2.057e-23
283.5,4.8889999999999996e-23
284.0,3.6320000000000004e-21
284.5,2.029e-20
285.0,8.005000000000001e-20
285.5,1.136e-18
286.0,6.831e-18
286.5,6.521e-17
287.0,3.194e-16
287.5,2.394e-15
288.0,2.003e-14
288.5,1.105e-13
289.0,5.188e-13
289.5,2.797e-12
290.0,1.228e-11
290.5,3.659e-11
291.0,1.218e-10
291.5,5.979e-10
292.0,2.099e-09
292.5,3.793e-09
293.0,1.112e-08
293.5,4.081e-08
294.0,8.504e-08
294.5,1.765e-07
295.0,3.82e-07
295.5,1.193e-06
296.0,2.554e-06
296.5,3.925e-06
297.0,5.711e-06
297.5,1.677e-05
298.0,2.83e-05
298.5,2.989e-05
299.0,6.87e-05
299.5,0.0001198
300.0,0.0001351
300.5,0.0001994
301.0,0.0003649
301.5,0.0005808
302.0,0.000497
302.5,0.001014
303.0,0.00191
303.5,0.002464
304.0,0.002323
304.5,0.003433
305.0,0.005085
305.5,0.005743
306.0,0.005558
306.5,0.006869
307.0,0.009886
307.5,0.01273
308.0,0.01348
308.5,0.01572
309.0,0.01427
309.5,0.01672
310.0,0.01701
310.5,0.02783
311.0,0.03526
311.5,0.03434
312.0,0.0345
312.5,0.04211
313.0,0.04589
313.5,0.04511
314.0,0.05633
314.5,0.04952
315.0,0.06539
315.5,0.05567
316.0,0.04823
316.5,0.06868
317.0,0.08596
317.5,0.09059
318.0,0.07037
318.5,0.0858
319.0,0.1011
319.5,0.08495
320.0,0.1037
320.5,0.1271
321.0,0.1108
321.5,0.1067
322.0,0.1182
322.5,0.1034
323.0,0.1016
323.5,0.1212
324.0,0.142
324.5,0.1463
325.0,0.131
325.5,0.1667
326.0,0.2009
326.5,0.2001
327.0,0.2018
327.5,0.1973
328.0,0.1793
328.5,0.1865
329.0,0.221
329.5,0.2512
330.0,0.2562
330.5,0.209
331.0,0.2152
331.5,0.2181
332.0,0.2337
332.5,0.2309
333.0,0.2326
333.5,0.2142
334.0,0.2212
334.5,0.2536
335.0,0.2378
335.5,0.2715
336.0,0.1889
336.5,0.23
337.0,0.1908
337.5,0.2392
338.0,0.2324
338.5,0.2637
339.0,0.2641
339.5,0.2544
340.0,0.3067
340.5,0.2777
341.0,0.2679
341.5,0.2497
342.0,0.3006
342.5,0.2833
343.0,0.3117
343.5,0.2938
344.0,0.2207
344.5,0.2196
345.0,0.2957
345.5,0.3047
346.0,0.2608
346.5,0.2972
347.0,0.3194
347.5,0.2592
348.0,0.2982
348.5,0.3001
349.0,0.28
349.5,0.2784
350.0,0.3461
350.5,0.3667
351.0,0.3285
351.5,0.319
352.0,0.3455
352.5,0.2714
353.0,0.3438
353.5,0.3695
354.0,0.3855
354.5,0.3926
355.0,0.3928
355.5,0.3565
356.0,0.3747
356.5,0.3213
357.0,0.2666
357.5,0.3278
358.0,0.2609
358.5,0.2238
359.0,0.3143
359.5,0.4018
360.0,0.4278
360.5,0.3434
361.0,0.3144
361.5,0.3634
362.0,0.3155
362.5,0.4384
363.0,0.3953
363.5,0.3655
364.0,0.4487
364.5,0.385
365.0,0.3935
365.5,0.4957
366.0,0.5272
366.5,0.4972
367.0,0.4859
367.5,0.5061
368.0,0.4444
368.5,0.45
369.0,0.4877
369.5,0.5217
370.0,0.558
370.5,0.4346
371.0,0.466
371.5,0.5849
372.0,0.3895
372.5,0.4686
373.0,0.4783
373.5,0.3122
374.0,0.4551
374.5,0.3781
375.0,0.3688
375.5,0.5523
376.0,0.4593
376.5,0.4775
377.0,0.5071
377.5,0.5951
378.0,0.6471
378.5,0.6136
379.0,0.508
379.5,0.4655
380.0,0.4855
380.5,0.5899
381.0,0.593
381.5,0.4716
382.0,0.4201
382.5,0.3592
383.0,0.3336
383.5,0.3222
384.0,0.3565
384.5,0.5258
385.0,0.5229
385.5,0.4884
386.0,0.4195
386.5,0.5526
387.0,0.4605
387.5,0.5186
388.0,0.4802
388.5,0.476
389.0,0.5152
389.5,0.6257
390.0,0.6297
390.5,0.581
391.0,0.6858
391.5,0.7013
392.0,0.5923
392.5,0.5316
393.0,0.2966
393.5,0.2161
394.0,0.4409
394.5,0.5619
395.0,0.6874
395.5,0.7
396.0,0.6084
396.5,0.3565
397.0,0.2682
397.5,0.5468
398.0,0.7676
398.5,0.7953
399.0,0.8632
399.5,0.8623
400.0,0.8974
401.0,0.9258
402.0,0.9811
403.0,0.9361
404.0,0.9256
405.0,0.9293
406.0,0.9181
407.0,0.9071
408.0,0.9463
409.0,1.017
410.0,0.8917
411.0,0.9695
412.0,1.045
413.0,1.023
414.0,1.039
415.0,1.046
416.0,1.068
417.0,1.046
418.0,1.03
419.0,1.047
420.0,1.046
421.0,1.098
422.0,1.048
423.0,1.027
424.0,1.09
425.0,1.091
426.0,1.066
427.0,1.05
428.0,1.026
429.0,0.9743
430.0,0.8552
431.0,0.8503
432.0,1.101
433.0,1.111
434.0,1.034
435.0,1.083
436.0,1.224
437.0,1.21
438.0,1.105
439.0,1.146
440.0,1.185
441.0,1.232
442.0,1.325
443.0,1.293
444.0,1.325
445.0,1.299
446.0,1.243
447.0,1.347
448.0,1.371
449.0,1.38
450.0,1.422
451.0,1.478
452.0,1.428
453.0,1.346
454.0,1.408
455.0,1.42
456.0,1.457
457.0,1.484
458.0,1.437
459.0,1.433
460.0,1.44
461.0,1.476
462.0,1.49
463.0,1.482
464.0,1.46
465.0,1.444
466.0,1.461
467.0,1.437
468.0,1.457
469.0,1.468
470.0,1.424
471.0,1.424
472.0,1.503
473.0,1.486
474.0,1.491
475.0,1.507
476.0,1.465
477.0,1.471
478.0,1.515
479.0,1.509
480.0,1.514
481.0,1.545
482.0,1.556
483.0,1.539
484.0,1.51
485.0,1.441
486.0,1.261
487.0,1.324
488.0,1.455
489.0,1.461
490.0,1.54
491.0,1.515
492.0,1.433
493.0,1.482
494.0,1.499
495.0,1.514
496.0,1.525
497.0,1.551
498.0,1.481
499.0,1.502
500.0,1.461
501.0,1.436
502.0,1.418
503.0,1.478
504.0,1.443
505.0,1.496
506.0,1.546
507.0,1.473
508.0,1.429
509.0,1.47
510.0,1.464
511.0,1.505
512.0,1.523
513.0,1.443
514.0,1.435
515.0,1.422
516.0,1.42
517.0,1.263
518.0,1.33
519.0,1.396
520.0,1.449
521.0,1.464
522.0,1.467
523.0,1.442
524.0,1.495
525.0,1.515
526.0,1.448
527.0,1.367
528.0,1.447
529.0,1.527
530.0,1.506
531.0,1.53
532.0,1.479
533.0,1.437
534.0,1.481
535.0,1.514
536.0,1.529
537.0,1.47
538.0,1.498
539.0,1.486
540.0,1.426
541.0,1.437
542.0,1.483
543.0,1.469
544.0,1.496
545.0,1.492
546.0,1.5
547.0,1.501
548.0,1.484
549.0,1.489
550.0,1.508
551.0,1.491
552.0,1.503
553.0,1.477
554.0,1.514
555.0,1.518
556.0,1.499
557.0,1.454
558.0,1.444
559.0,1.418
560.0,1.437
561.0,1.457
562.0,1.448
563.0,1.488
564.0,1.449
565.0,1.437
566.0,1.417
567.0,1.445
568.0,1.434
569.0,1.401
570.0,1.401
571.0,1.394
572.0,1.428
573.0,1.444
574.0,1.441
575.0,1.415
576.0,1.403
577.0,1.419
578.0,1.398
579.0,1.404
580.0,1.431
581.0,1.44
582.0,1.467
583.0,1.472
584.0,1.485
585.0,1.45
586.0,1.421
587.0,1.453
588.0,1.418
589.0,1.258
590.0,1.316
591.0,1.393
592.0,1.376
593.0,1.397
594.0,1.389
595.0,1.355
596.0,1.409
597.0,1.394
598.0,1.392
599.0,1.394
600.0,1.396
601.0,1.385
602.0,1.377
603.0,1.4
604.0,1.424
605.0,1.417
606.0,1.412
607.0,1.426
608.0,1.411
609.0,1.414
610.0,1.404
611.0,1.412
612.0,1.409
613.0,1.392
614.0,1.373
615.0,1.403
616.0,1.358
617.0,1.355
618.0,1.408
619.0,1.394
620.0,1.404
621.0,1.406
622.0,1.39
623.0,1.369
624.0,1.346
625.0,1.344
626.0,1.364
627.0,1.38
628.0,1.29
629.0,1.349
630.0,1.318
631.0,1.348
632.0,1.332
633.0,1.373
634.0,1.36
635.0,1.382
636.0,1.364
637.0,1.386
638.0,1.4
639.0,1.385
640.0,1.372
641.0,1.371
642.0,1.366
643.0,1.384
644.0,1.38
645.0,1.383
646.0,1.351
647.0,1.336
648.0,1.338
649.0,1.312
650.0,1.319
651.0,1.376
652.0,1.32
653.0,1.359
654.0,1.344
655.0,1.294
656.0,1.147
657.0,1.179
658.0,1.321
659.0,1.331
660.0,1.337
661.0,1.347
662.0,1.35
663.0,1.323
664.0,1.339
665.0,1.341
666.0,1.342
667.0,1.341
668.0,1.342
669.0,1.363
670.0,1.358
671.0,1.358
672.0,1.347
673.0,1.367
674.0,1.362
675.0,1.35
676.0,1.36
677.0,1.347
678.0,1.351
679.0,1.329
680.0,1.34
681.0,1.332
682.0,1.331
683.0,1.328
684.0,1.322
685.0,1.334
686.0,1.326
687.0,0.884
688.0,1.035
689.0,1.039
690.0,1.089
691.0,1.146
692.0,1.187
693.0,1.178
694.0,1.169
695.0,1.217
696.0,1.219
697.0,1.293
698.0,1.273
699.0,1.244
700.0,1.229
701.0,1.217
702.0,1.225
703.0,1.228
704.0,1.267
705.0,1.269
706.0,1.268
707.0,1.27
708.0,1.273
709.0,1.275
710.0,1.275
711.0,1.273
712.0,1.27
713.0,1.257
714.0,1.262
715.0,1.223
716.0,1.224
717.0,1.063
718.0,0.977
719.0,0.8955
720.0,0.9381
721.0,1.035
722.0,1.183
723.0,1.102
724.0,0.994
725.0,0.9783
726.0,1.024
727.0,1.039
728.0,0.9764
729.0,1.013
730.0,1.072
731.0,1.026
732.0,1.097
733.0,1.161
734.0,1.188
735.0,1.164
736.0,1.163
737.0,1.168
738.0,1.186
739.0,1.162
740.0,1.193
741.0,1.181
742.0,1.183
743.0,1.213
744.0,1.21
745.0,1.21
746.0,1.216
747.0,1.219
748.0,1.216
749.0,1.203
750.0,1.202
751.0,1.19
752.0,1.196
753.0,1.202
754.0,1.205
755.0,1.198
756.0,1.198
757.0,1.2
758.0,1.185
759.0,1.161
760.0,0.1937
761.0,0.1014
762.0,0.5948
763.0,0.2966
764.0,0.4466
765.0,0.5952
766.0,0.731
767.0,0.9228
768.0,1.065
769.0,1.088
770.0,1.125
771.0,1.134
772.0,1.137
773.0,1.145
774.0,1.14
775.0,1.131
776.0,1.145
777.0,1.13
778.0,1.124
779.0,1.125
780.0,1.119
781.0,1.12
782.0,1.127
783.0,1.108
784.0,1.113
785.0,1.105
786.0,1.117
787.0,1.098
788.0,1.084
789.0,1.084
790.0,1.056
791.0,1.065
792.0,1.057
793.0,1.04
794.0,1.058
795.0,1.076
796.0,1.043
797.0,1.045
798.0,1.075
799.0,1.069
800.0,1.05
801.0,1.047
802.0,1.044
803.0,1.036
804.0,1.038
805.0,1.035
806.0,1.064
807.0,1.051
808.0,1.052
809.0,1.033
810.0,1.024
811.0,1.026
812.0,0.9966
813.0,0.976
814.0,0.859
815.0,0.8538
816.0,0.795
817.0,0.8096
818.0,0.7794
819.0,0.8713
820.0,0.8207
821.0,0.9592
822.0,0.9319
823.0,0.6341
824.0,0.905
825.0,0.9431
826.0,0.9074
827.0,0.9577
828.0,0.812
829.0,0.9022
830.0,0.8905
831.0,0.8937
832.0,0.8664
833.0,0.9218
834.0,0.8892
835.0,0.9771
836.0,0.9352
837.0,0.9801
838.0,0.9495
839.0,0.9655
840.0,0.9868
841.0,0.9728
842.0,0.9752
843.0,0.9748
844.0,0.9613
845.0,0.994
846.0,0.9897
847.0,0.9714
848.0,0.9655
849.0,0.9381
850.0,0.8989
851.0,0.9517
852.0,0.9452
853.0,0.91
854.0,0.7857
855.0,0.8634
856.0,0.9436
857.0,0.9648
858.0,0.9577
859.0,0.9587
860.0,0.9605
861.0,0.9553
862.0,0.9704
863.0,0.9935
864.0,0.9439
865.0,0.9357
866.0,0.8414
867.0,0.8782
868.0,0.9557
869.0,0.936
870.0,0.9627
871.0,0.9497
872.0,0.9465
873.0,0.9446
874.0,0.9335
875.0,0.9147
876.0,0.9243
877.0,0.9337
878.0,0.9439
879.0,0.9295
880.0,0.9096
881.0,0.896
882.0,0.9154
883.0,0.9184
884.0,0.9143
885.0,0.9212
886.0,0.8779
887.0,0.8874
888.0,0.9004
889.0,0.911
890.0,0.9031
891.0,0.9018
892.0,0.8755
893.0,0.8478
894.0,0.8173
895.0,0.7713
896.0,0.7263
897.0,0.6227
898.0,0.6803
899.0,0.516
900.0,0.6975
901.0,0.5408
902.0,0.6369
903.0,0.6425
904.0,0.8117
905.0,0.7834
906.0,0.7329
907.0,0.5935
908.0,0.6056
909.0,0.657
910.0,0.5793
911.0,0.6187
912.0,0.6471
913.0,0.5879
914.0,0.5833
915.0,0.6323
916.0,0.5349
917.0,0.6808
918.0,0.5484
919.0,0.6938
920.0,0.7022
921.0,0.7304
922.0,0.6516
923.0,0.7057
924.0,0.6677
925.0,0.6532
926.0,0.6602
927.0,0.7406
928.0,0.539
929.0,0.4907
930.0,0.3835
931.0,0.3638
932.0,0.2596
933.0,0.2097
934.0,0.1122
935.0,0.2157
936.0,0.1329
937.0,0.1345
938.0,0.1661
939.0,0.3526
940.0,0.4258
941.0,0.319
942.0,0.3709
943.0,0.2421
944.0,0.2569
945.0,0.3295
946.0,0.1651
947.0,0.3303
948.0,0.2424
949.0,0.4448
950.0,0.1195
951.0,0.4385
952.0,0.2321
953.0,0.3021
954.0,0.3731
955.0,0.3059
956.0,0.2987
957.0,0.2322
958.0,0.4269
959.0,0.3361
960.0,0.3767
961.0,0.4253
962.0,0.4021
963.0,0.4656
964.0,0.426
965.0,0.4642
966.0,0.4637
967.0,0.4616
968.0,0.6262
969.0,0.6533
970.0,0.5991
971.0,0.689
972.0,0.6586
973.0,0.5702
974.0,0.5407
975.0,0.5627
976.0,0.5325
977.0,0.6095
978.0,0.5776
979.0,0.606
980.0,0.5692
981.0,0.6855
982.0,0.6543
983.0,0.6275
984.0,0.7078
985.0,0.652
986.0,0.7211
987.0,0.7061
988.0,0.7049
989.0,0.7196
990.0,0.7007
991.0,0.7217
992.0,0.726
993.0,0.7089
994.0,0.726
995.0,0.7252
996.0,0.7219
997.0,0.7231
998.0,0.7196
999.0,0.7171
1000.0,0.7118
1001.0,0.721
1002.0,0.7003
1003.0,0.7083
1004.0,0.6907
1005.0,0.6658
1006.0,0.6917
1007.0,0.7065
1008.0,0.7025
1009.0,0.6986
1010.0,0.6956
1011.0,0.703
1012.0,0.6968
1013.0,0.7015
1014.0,0.6966
1015.0,0.692
1016.0,0.6889
1017.0,0.6906
1018.0,0.6882
1019.0,0.6731
1020.0,0.6845
1021.0,0.6837
1022.0,0.6783
1023.0,0.6855
1024.0,0.6762
1025.0,0.6852
1026.0,0.6822
1027.0,0.6807
1028.0,0.6792
1029.0,0.6712
1030.0,0.6759
1031.0,0.6732
1032.0,0.6713
1033.0,0.6612
1034.0,0.6613
1035.0,0.6634
1036.0,0.6668
1037.0,0.656
1038.0,0.6589
1039.0,0.6586
1040.0,0.6559
1041.0,0.6585
1042.0,0.654
1043.0,0.6519
1044.0,0.6542
1045.0,0.6453
1046.0,0.6382
1047.0,0.6439
1048.0,0.6474
1049.0,0.6451
1050.0,0.6421
1051.0,0.6412
1052.0,0.6386
1053.0,0.6335
1054.0,0.6348
1055.0,0.6352
1056.0,0.6329
1057.0,0.6309
1058.0,0.6154
1059.0,0.616
1060.0,0.615
1061.0,0.6143
1062.0,0.6175
1063.0,0.6114
1064.0,0.6186
1065.0,0.614
1066.0,0.6021
1067.0,0.6098
1068.0,0.5964
1069.0,0.5781
1070.0,0.5976
1071.0,0.6073
1072.0,0.6
1073.0,0.5915
1074.0,0.6072
1075.0,0.5757
1076.0,0.6066
1077.0,0.5952
1078.0,0.5837
1079.0,0.5972
1080.0,0.5861
1081.0,0.5669
1082.0,0.5768
1083.0,0.5789
1084.0,0.5652
1085.0,0.5876
1086.0,0.5347
1087.0,0.5531
1088.0,0.5782
1089.0,0.5595
1090.0,0.5466
1091.0,0.5761
1092.0,0.5748
1093.0,0.4846
1094.0,0.5256
1095.0,0.5052
1096.0,0.483
1097.0,0.5616
1098.0,0.4751
1099.0,0.4961
1100.0,0.4599
1101.0,0.4661
1102.0,0.4444
1103.0,0.4395
1104.0,0.4402
1105.0,0.4845
1106.0,0.3659
1107.0,0.4593
1108.0,0.3865
1109.0,0.3878
1110.0,0.4549
1111.0,0.3048
1112.0,0.3851
1113.0,0.2412
1114.0,0.2699
1115.0,0.2236
1116.0,0.1761
1117.0,0.06206
1118.0,0.1925
1119.0,0.09334
1120.0,0.1173
1121.0,0.157
1122.0,0.0642
1123.0,0.1061
1124.0,0.08956
1125.0,0.1174
1126.0,0.03897
1127.0,0.1326
1128.0,0.07724
1129.0,0.08225
1130.0,0.05336
1131.0,0.2564
1132.0,0.2002
1133.0,0.1242
1134.0,0.03021
1135.0,0.01141
1136.0,0.1026
1137.0,0.251
1138.0,0.1763
1139.0,0.2682
1140.0,0.2221
1141.0,0.1676
1142.0,0.1939
1143.0,0.2774
1144.0,0.0944
1145.0,0.1199
1146.0,0.1292
1147.0,0.0435
1148.0,0.2401
1149.0,0.1901
1150.0,0.1018
1151.0,0.175
1152.0,0.2172
1153.0,0.2131
1154.0,0.1159
1155.0,0.2798
1156.0,0.2509
1157.0,0.2832
1158.0,0.2801
1159.0,0.3034
1160.0,0.258
1161.0,0.3204
1162.0,0.3218
1163.0,0.4385
1164.0,0.3747
1165.0,0.3522
1166.0,0.3508
1167.0,0.3827
1168.0,0.3866
1169.0,0.3962
1170.0,0.4317
1171.0,0.4208
1172.0,0.429
1173.0,0.4308
1174.0,0.3054
1175.0,0.4213
1176.0,0.4642
1177.0,0.4449
1178.0,0.3326
1179.0,0.468
1180.0,0.4166
1181.0,0.43
1182.0,0.2951
1183.0,0.4237
1184.0,0.3966
1185.0,0.3822
1186.0,0.4546
1187.0,0.4326
1188.0,0.3
1189.0,0.4029
1190.0,0.4444
1191.0,0.4212
1192.0,0.4507
1193.0,0.4316
1194.0,0.4451
1195.0,0.4204
1196.0,0.4046
1197.0,0.4456
1198.0,0.4073
1199.0,0.3455
1200.0,0.4262
1201.0,0.4107
1202.0,0.4086
1203.0,0.405
1204.0,0.3538
1205.0,0.4184
1206.0,0.4627
1207.0,0.4075
1208.0,0.4014
1209.0,0.4097
1210.0,0.427
1211.0,0.4063
1212.0,0.401
1213.0,0.4473
1214.0,0.4108
1215.0,0.403
1216.0,0.4459
1217.0,0.434
1218.0,0.4423
1219.0,0.4368
1220.0,0.4428
1221.0,0.4473
1222.0,0.4356
1223.0,0.4315
1224.0,0.4287
1225.0,0.4445
1226.0,0.4475
1227.0,0.4125
1228.0,0.4499
1229.0,0.4476
1230.0,0.4399
1231.0,0.4527
1232.0,0.45
1233.0,0.4342
1234.0,0.4524
1235.0,0.4495
1236.0,0.4528
1237.0,0.4463
1238.0,0.4513
1239.0,0.4455
1240.0,0.4472
1241.0,0.445
1242.0,0.4441
1243.0,0.4405
1244.0,0.4437
1245.0,0.4456
1246.0,0.443
1247.0,0.4413
1248.0,0.4409
1249.0,0.4423
1250.0,0.4396
1251.0,0.434
1252.0,0.4341
1253.0,0.4305
1254.0,0.4261
1255.0,0.4336
1256.0,0.4213
1257.0,0.419
1258.0,0.4269
1259.0,0.4112
1260.0,0.4134
1261.0,0.3898
1262.0,0.3779
1263.0,0.3786
1264.0,0.349
1265.0,0.3762
1266.0,0.3617
1267.0,0.3683
1268.0,0.3489
1269.0,0.2143
1270.0,0.3669
1271.0,0.3886
1272.0,0.3899
1273.0,0.3857
1274.0,0.387
1275.0,0.3927
1276.0,0.3966
1277.0,0.3994
1278.0,0.4072
1279.0,0.4035
1280.0,0.3984
1281.0,0.3802
1282.0,0.3665
1283.0,0.3947
1284.0,0.4041
1285.0,0.4068
1286.0,0.4124
1287.0,0.4059
1288.0,0.4058
1289.0,0.3928
1290.0,0.4023
1291.0,0.408
1292.0,0.3829
1293.0,0.3999
1294.0,0.3971
1295.0,0.395
1296.0,0.3769
1297.0,0.3563
1298.0,0.384
1299.0,0.4005
1300.0,0.3382
1301.0,0.3488
1302.0,0.3828
1303.0,0.3339
1304.0,0.2839
1305.0,0.3748
1306.0,0.3748
1307.0,0.2904
1308.0,0.3346
1309.0,0.3719
1310.0,0.2848
1311.0,0.3206
1312.0,0.3117
1313.0,0.3055
1314.0,0.2732
1315.0,0.2694
1316.0,0.3153
1317.0,0.2986
1318.0,0.3249
1319.0,0.2528
1320.0,0.2452
1321.0,0.286
1322.0,0.2887
1323.0,0.2161
1324.0,0.248
1325.0,0.3108
1326.0,0.2661
1327.0,0.2536
1328.0,0.2183
1329.0,0.1628
1330.0,0.2125
1331.0,0.1268
1332.0,0.1315
1333.0,0.1833
1334.0,0.156
1335.0,0.2153
1336.0,0.1695
1337.0,0.1495
1338.0,0.1618
1339.0,0.1613
1340.0,0.1573
1341.0,0.1526
1342.0,0.1604
1343.0,0.1066
1344.0,0.06396
1345.0,0.09233
1346.0,0.04455
1347.0,0.04507
1348.0,0.002746
1349.0,0.01005
1350.0,0.01057
1351.0,0.002429
1352.0,0.0006171
1353.0,2.959e-05
1354.0,0.0001063
1355.0,7.533e-07
1356.0,1.44e-05
1357.0,2.197e-05
1358.0,8.97e-07
1359.0,1.026e-07
1360.0,3.965e-07
1361.0,3.606e-10
1362.0,9.061e-13
1363.0,5.21e-07
1364.0,2.149e-07
1365.0,2.842e-13
1366.0,2.339e-06
1367.0,9.76e-07
1368.0,1.764e-15
1369.0,7.997e-08
1370.0,3.787e-08
1371.0,2.047e-09
1372.0,5.376e-07
1373.0,1.161e-05
1374.0,5.654e-05
1375.0,0.0001025
1376.0,9.597e-05
1377.0,4.353e-05
1378.0,0.0004351
1379.0,1.827e-05
1380.0,2.559e-05
1381.0,6.509e-07
1382.0,4.792e-07
1383.0,6.928e-09
1384.0,8.898e-08
1385.0,4.754e-07
1386.0,4.15e-07
1387.0,5.705e-05
1388.0,1.127e-06
1389.0,0.000204
1390.0,0.0001754
1391.0,0.0001159
1392.0,7.429e-06
1393.0,4.045e-05
1394.0,1.939e-05
1395.0,1.354e-07
1396.0,5.35e-10
1397.0,1.582e-05
1398.0,0.0004864
1399.0,0.000309
1400.0,2.188e-10
1401.0,9.825e-10
1402.0,0.0009206
1403.0,0.001142
1404.0,0.0003462
1405.0,6.363e-08
1406.0,0.0008813
1407.0,7.917e-05
1408.0,0.0007238
1409.0,0.0002334
1410.0,0.0001921
1411.0,0.001007
1412.0,0.001386
1413.0,0.01521
1414.0,0.0001524
1415.0,7.175e-05
1416.0,0.02614
1417.0,0.0075
1418.0,0.008466
1419.0,0.001297
1420.0,0.005166
1421.0,0.005598
1422.0,0.03422
1423.0,0.006524
1424.0,0.01235
1425.0,0.01797
1426.0,0.0209
1427.0,0.0396
1428.0,0.002566
1429.0,0.02902
1430.0,0.051
1431.0,0.05642
1432.0,0.002011
1433.0,0.03534
1434.0,0.0177
1435.0,0.01675
1436.0,0.03379
1437.0,0.02592
1438.0,0.01054
1439.0,0.04659
1440.0,0.03488
1441.0,0.0258
1442.0,0.02869
1443.0,0.03725
1444.0,0.05233
1445.0,0.03982
1446.0,0.01756
1447.0,0.02783
1448.0,0.1023
1449.0,0.08772
1450.0,0.02072
1451.0,0.008081
1452.0,0.05156
1453.0,0.0684
1454.0,0.1226
1455.0,0.05591
1456.0,0.07446
1457.0,0.1029
1458.0,0.1244
1459.0,0.1466
1460.0,0.07474
1461.0,0.07661
1462.0,0.1151
1463.0,0.03555
1464.0,0.1391
1465.0,0.08326
1466.0,0.05408
1467.0,0.02732
1468.0,0.06468
1469.0,0.08092
1470.0,0.03808
1471.0,0.01344
1472.0,0.03635
1473.0,0.0576
1474.0,0.08693
1475.0,0.1693
1476.0,0.05804
1477.0,0.0579
1478.0,0.05472
1479.0,0.1078
1480.0,0.04998
1481.0,0.1024
1482.0,0.04946
1483.0,0.1344
1484.0,0.1266
1485.0,0.1116
1486.0,0.1091
1487.0,0.04793
1488.0,0.08738
1489.0,0.1768
1490.0,0.1637
1491.0,0.187
1492.0,0.1514
1493.0,0.1681
1494.0,0.1913
1495.0,0.1694
1496.0,0.1582
1497.0,0.2208
1498.0,0.1785
1499.0,0.2094
1500.0,0.2425
1501.0,0.255
1502.0,0.2148
1503.0,0.1813
1504.0,0.1444
1505.0,0.1748
1506.0,0.255
1507.0,0.2454
1508.0,0.2339
1509.0,0.1773
1510.0,0.2652
1511.0,0.2562
1512.0,0.2539
1513.0,0.2324
1514.0,0.2169
1515.0,0.2609
1516.0,0.2496
1517.0,0.2439
1518.0,0.2433
1519.0,0.2378
1520.0,0.2561
1521.0,0.2731
1522.0,0.2598
1523.0,0.2772
1524.0,0.269
1525.0,0.2572
1526.0,0.2612
1527.0,0.2592
1528.0,0.276
1529.0,0.2622
1530.0,0.2576
1531.0,0.2652
1532.0,0.2756
1533.0,0.2755
1534.0,0.2709
1535.0,0.2697
1536.0,0.2748
1537.0,0.2691
1538.0,0.2717
1539.0,0.2673
1540.0,0.268
1541.0,0.2701
1542.0,0.2676
1543.0,0.2723
1544.0,0.2693
1545.0,0.2743
1546.0,0.2701
1547.0,0.2662
1548.0,0.2661
1549.0,0.2684
1550.0,0.2666
1551.0,0.2686
1552.0,0.2667
1553.0,0.2649
1554.0,0.2627
1555.0,0.2634
1556.0,0.2632
1557.0,0.2664
1558.0,0.2649
1559.0,0.2632
1560.0,0.2651
1561.0,0.2669
1562.0,0.2636
1563.0,0.2614
1564.0,0.2626
1565.0,0.263
1566.0,0.2595
1567.0,0.26
1568.0,0.2573
1569.0,0.2588
1570.0,0.261
1571.0,0.2629
1572.0,0.2611
1573.0,0.2594
1574.0,0.2502
1575.0,0.2473
1576.0,0.2436
1577.0,0.2374
1578.0,0.2493
1579.0,0.2516
1580.0,0.2537
1581.0,0.2499
1582.0,0.2448
1583.0,0.246
1584.0,0.2502
1585.0,0.2528
1586.0,0.2499
1587.0,0.2458
1588.0,0.2386
1589.0,0.2312
1590.0,0.2365
1591.0,0.2422
1592.0,0.2495
1593.0,0.2533
1594.0,0.2529
1595.0,0.2496
1596.0,0.2423
1597.0,0.2485
1598.0,0.2517
1599.0,0.2489
1600.0,0.2472
1601.0,0.2438
1602.0,0.2447
1603.0,0.247
1604.0,0.2451
1605.0,0.245
1606.0,0.2422
1607.0,0.2443
1608.0,0.2443
1609.0,0.2377
1610.0,0.2328
1611.0,0.2369
1612.0,0.2396
1613.0,0.2401
1614.0,0.24
1615.0,0.2346
1616.0,0.231
1617.0,0.2355
1618.0,0.2395
1619.0,0.2352
1620.0,0.2301
1621.0,0.2328
1622.0,0.2365
1623.0,0.2399
1624.0,0.2372
1625.0,0.2362
1626.0,0.2368
1627.0,0.2386
1628.0,0.238
1629.0,0.2359
1630.0,0.2345
1631.0,0.2333
1632.0,0.2327
1633.0,0.2259
1634.0,0.2308
1635.0,0.2278
1636.0,0.2257
1637.0,0.2232
1638.0,0.2105
1639.0,0.2184
1640.0,0.2096
1641.0,0.2169
1642.0,0.2211
1643.0,0.2094
1644.0,0.221
1645.0,0.2152
1646.0,0.2104
1647.0,0.2245
1648.0,0.2096
1649.0,0.2193
1650.0,0.2208
1651.0,0.2055
1652.0,0.2188
1653.0,0.2208
1654.0,0.2096
1655.0,0.2209
1656.0,0.2175
1657.0,0.219
1658.0,0.2216
1659.0,0.2201
1660.0,0.222
1661.0,0.2209
1662.0,0.2151
1663.0,0.2198
1664.0,0.2179
1665.0,0.2063
1666.0,0.1696
1667.0,0.2043
1668.0,0.2115
1669.0,0.2131
1670.0,0.2168
1671.0,0.2106
1672.0,0.2081
1673.0,0.2129
1674.0,0.2086
1675.0,0.2053
1676.0,0.2068
1677.0,0.2066
1678.0,0.2008
1679.0,0.2048
1680.0,0.1965
1681.0,0.1907
1682.0,0.2011
1683.0,0.2054
1684.0,0.1908
1685.0,0.2078
1686.0,0.2072
1687.0,0.1997
1688.0,0.2061
1689.0,0.2038
1690.0,0.2034
1691.0,0.1861
1692.0,0.2028
1693.0,0.2083
1694.0,0.2007
1695.0,0.2061
1696.0,0.206
1697.0,0.174
1698.0,0.2043
1699.0,0.2015
1700.0,0.1962
1702.0,0.1995
1705.0,0.1937
1710.0,0.1838
1715.0,0.1844
1720.0,0.1824
1725.0,0.1705
1730.0,0.1688
1735.0,0.1577
1740.0,0.1599
1745.0,0.1504
1750.0,0.1607
1755.0,0.148
1760.0,0.1544
1765.0,0.1264
1770.0,0.135
1775.0,0.108
1780.0,0.09232
1785.0,0.06893
1790.0,0.08009
1795.0,0.03846
1800.0,0.02693
1805.0,0.01036
1810.0,0.006834
1815.0,0.001884
1820.0,0.0004586
1825.0,0.0006071
1830.0,1.281e-06
1835.0,2.094e-06
1840.0,1.063e-08
1845.0,1.164e-06
1850.0,5.234e-07
1855.0,5.124e-08
1860.0,3.34e-06
1865.0,4.583e-06
1870.0,1.854e-11
1875.0,3.435e-11
1880.0,2.639e-05
1885.0,1.4e-05
1890.0,7.894e-05
1895.0,4.675e-05
1900.0,1.778e-07
1905.0,1.241e-07
1910.0,6.384e-06
1915.0,6.56e-06
1920.0,0.0001816
1925.0,0.00045
1930.0,0.0002626
1935.0,0.002133
1940.0,0.002194
1945.0,0.00938
1950.0,0.01877
1955.0,0.01672
1960.0,0.03041
1965.0,0.04498
1970.0,0.06393
1975.0,0.07267
1980.0,0.07334
1985.0,0.07907
1990.0,0.08181
1995.0,0.08663
2000.0,0.09138
2005.0,0.07717
2010.0,0.1105
2015.0,0.08731
2020.0,0.09366
2025.0,0.1022
2030.0,0.09411
2035.0,0.1028
2040.0,0.09807
2045.0,0.1014
2050.0,0.103
2055.0,0.09891
2060.0,0.09574
2065.0,0.09749
2070.0,0.09642
2075.0,0.09874
2080.0,0.09629
2085.0,0.09574
2090.0,0.09666
2095.0,0.09387
2100.0,0.08774
2105.0,0.09465
2110.0,0.09071
2115.0,0.09292
2120.0,0.08733
2125.0,0.08856
2130.0,0.08968
2135.0,0.09018
2140.0,0.09086
2145.0,0.08994
2150.0,0.08442
2155.0,0.08438
2160.0,0.08353
2165.0,0.07622
2170.0,0.0812
2175.0,0.07927
2180.0,0.08138
2185.0,0.07304
2190.0,0.07863
2195.0,0.07793
2200.0,0.06876
2205.0,0.07241
2210.0,0.07853
2215.0,0.07512
2220.0,0.07677
2225.0,0.0745
2230.0,0.07489
2235.0,0.07309
2240.0,0.07228
2245.0,0.06948
2250.0,0.07115
2255.0,0.06639
2260.0,0.06541
2265.0,0.06719
2270.0,0.06318
2275.0,0.06221
2280.0,0.06523
2285.0,0.06104
2290.0,0.06108
2295.0,0.05941
2300.0,0.05626
2305.0,0.05676
2310.0,0.06252
2315.0,0.05575
2320.0,0.04871
2325.0,0.05463
2330.0,0.05461
2335.0,0.05599
2340.0,0.04289
2345.0,0.04866
2350.0,0.03829
2355.0,0.04473
2360.0,0.04764
2365.0,0.04714
2370.0,0.02693
2375.0,0.04134
2380.0,0.03956
2385.0,0.0279
2390.0,0.0335
2395.0,0.03706
2400.0,0.04076
2405.0,0.03064
2410.0,0.03069
2415.0,0.02437
2420.0,0.02367
2425.0,0.03
2430.0,0.04142
2435.0,0.01264
2440.0,0.04049
2445.0,0.01814
2450.0,0.01138
2455.0,0.02215
2460.0,0.03009
2465.0,0.02103
2470.0,0.01383
2475.0,0.01348
2480.0,0.006218
2485.0,0.004014
2490.0,0.002282
2495.0,0.001991
2500.0,0.005097
2505.0,0.001031
2510.0,0.001534
2515.0,0.0003176
2520.0,0.0001665
2525.0,1.934e-05
2530.0,1.067e-07
2535.0,2.221e-08
2540.0,5.503e-08
2545.0,3.619e-12
2550.0,1.351e-14
2555.0,7.151e-11
2560.0,2.188e-12
2565.0,3.844e-16
2570.0,8.079e-21
2575.0,2.465e-31
2580.0,3.588e-25
2585.0,2.983e-39
2590.0,2.294e-35
2595.0,7.457e-37
2600.0,4.592e-32
2605.0,5.026e-39
2610.0,1.224e-38
2615.0,9.094000000000001e-43
2620.0,2.219e-32
2625.0,2.68e-32
2630.0,0.0
2635.0,4.777e-18
2640.0,9.333e-19
2645.0,3.487e-21
2650.0,2.9899999999999997e-22
2655.0,1.975e-31
2660.0,2.5260000000000003e-28
2665.0,1.1469999999999999e-41
2670.0,0.0
2675.0,5.781e-41
2680.0,5.805e-27
2685.0,5.202e-28
2690.0,1.562e-27
2695.0,7.37e-30
2700.0,2.307e-25
2705.0,7.095e-23
2710.0,6.266e-28
2715.0,5.653e-26
2720.0,0.0
2725.0,2.195e-23
2730.0,5.119e-21
2735.0,6.118e-23
2740.0,1.06e-28
2745.0,1.5639999999999998e-23
2750.0,8.8e-23
2755.0,1.369e-24
2760.0,2.614e-19
2765.0,9.311e-26
2770.0,5.0779999999999997e-23
2775.0,7.05e-20
2780.0,4.581e-17
2785.0,2.034e-16
2790.0,4.328e-14
2795.0,8.403e-15
2800.0,4.052e-11
2805.0,7.584e-13
2810.0,3.321e-09
2815.0,9.931e-10
2820.0,1.126e-11
2825.0,1.171e-07
2830.0,2.845e-06
2835.0,2.948e-11
2840.0,7.963e-08
2845.0,3.241e-05
2850.0,4.981e-07
2855.0,2.18e-07
2860.0,1.168e-05
2865.0,9.085e-05
2870.0,2.086e-06
2875.0,0.0002327
2880.0,0.000151
2885.0,0.0002452
2890.0,0.0001072
2895.0,0.001943
2900.0,0.0005321
2905.0,5.919e-05
2910.0,0.002039
2915.0,0.0008501
2920.0,0.002175
2925.0,0.0007727
2930.0,0.004862
2935.0,0.005403
2940.0,0.001181
2945.0,0.001009
2950.0,0.004253
2955.0,0.00191
2960.0,0.003828
2965.0,0.006617
2970.0,0.000246
2975.0,0.0006365
2980.0,0.0009976
2985.0,0.006163
2990.0,0.00953
2995.0,0.003546
3000.0,0.006904
3005.0,0.002311
3010.0,0.006133
3015.0,0.004731
3020.0,0.0004012
3025.0,0.006683
3030.0,0.005276
3035.0,0.00198
3040.0,0.001548
3045.0,0.003378
3050.0,0.0007542
3055.0,0.0001789
3060.0,0.005465
3065.0,0.002273
3070.0,0.001262
3075.0,0.005185
3080.0,0.003005
3085.0,0.001299
3090.0,0.001785
3095.0,0.000428
3100.0,0.003711
3105.0,0.0006781
3110.0,0.000555
3115.0,0.001739
3120.0,0.008908
3125.0,0.002581
3130.0,0.005233
3135.0,0.01066
3140.0,0.002783
3145.0,0.002753
3150.0,0.005915
3155.0,0.005013
3160.0,0.008418
3165.0,0.01349
3170.0,0.01201
3175.0,0.008404
3180.0,0.01006
3185.0,0.006948
3190.0,0.003661
3195.0,0.001974
3200.0,0.0002682
3205.0,0.0001726
3210.0,7.158e-05
3215.0,0.0003028
3220.0,0.001101
3225.0,0.0001245
3230.0,0.0002064
3235.0,0.006319
3240.0,0.002814
3245.0,0.0005316
3250.0,0.002007
3255.0,0.008921
3260.0,0.0008488
3265.0,0.001883
3270.0,0.0008285
3275.0,0.005016
3280.0,0.002226
3285.0,0.01024
3290.0,0.007607
3295.0,0.0009056
3300.0,0.001364
3305.0,0.003203
3310.0,0.003062
3315.0,3.498e-06
3320.0,2.515e-05
3325.0,0.002637
3330.0,0.004189
3335.0,0.008201
3340.0,0.00301
3345.0,0.002916
3350.0,0.007501
3355.0,0.002983
3360.0,0.004683
3365.0,0.006712
3370.0,0.003177
3375.0,0.007997
3380.0,0.00427
3385.0,0.006945
3390.0,0.009206
3395.0,0.009
3400.0,0.01233
3405.0,0.003655
3410.0,0.006617
3415.0,0.006415
3420.0,0.01317
3425.0,0.009379
3430.0,0.007907
3435.0,0.01148
3440.0,0.007265
3445.0,0.01103
3450.0,0.01082
3455.0,0.007699
3460.0,0.0125
3465.0,0.009212
3470.0,0.01221
3475.0,0.0106
3480.0,0.01093
3485.0,0.01197
3490.0,0.009989
3495.0,0.01216
3500.0,0.01179
3505.0,0.0117
3510.0,0.0119
3515.0,0.01132
3520.0,0.01209
3525.0,0.01126
3530.0,0.01093
3535.0,0.008935
3540.0,0.008477
3545.0,0.009026
3550.0,0.01025
3555.0,0.008605
3560.0,0.01057
3565.0,0.01057
3570.0,0.007889
3575.0,0.008128
3580.0,0.009921
3585.0,0.008731
3590.0,0.009125
3595.0,0.00941
3600.0,0.0101
3605.0,0.01009
3610.0,0.009166
3615.0,0.009239
3620.0,0.01161
3625.0,0.009948
3630.0,0.009734
3635.0,0.01008
3640.0,0.01144
3645.0,0.01033
3650.0,0.009846
3655.0,0.01081
3660.0,0.01077
3665.0,0.009944
3670.0,0.007476
3675.0,0.004206
3680.0,0.007819
3685.0,0.009051
3690.0,0.009385
3695.0,0.009851
3700.0,0.01073
3705.0,0.01057
3710.0,0.009034
3715.0,0.008909
3720.0,0.01024
3725.0,0.01056
3730.0,0.009007
3735.0,0.008164
3740.0,0.008429
3745.0,0.01003
3750.0,0.009028
3755.0,0.008721
3760.0,0.008579
3765.0,0.008258
3770.0,0.008929
3775.0,0.008821
3780.0,0.009418
3785.0,0.008532
3790.0,0.007432
3795.0,0.008646
3800.0,0.00983
3805.0,0.009173
3810.0,0.008001
3815.0,0.007453
3820.0,0.009597
3825.0,0.00938
3830.0,0.009547
3835.0,0.007362
3840.0,0.008856
3845.0,0.00861
3850.0,0.008679
3855.0,0.008274
3860.0,0.007653
3865.0,0.007728
3870.0,0.006908
3875.0,0.0062
3880.0,0.005963
3885.0,0.006216
3890.0,0.006325
3895.0,0.007045
3900.0,0.007567
3905.0,0.00755
3910.0,0.006655
3915.0,0.006471
3920.0,0.006468
3925.0,0.006349
3930.0,0.006605
3935.0,0.006937
3940.0,0.007043
3945.0,0.007192
3950.0,0.007325
3955.0,0.007421
3960.0,0.007504
3965.0,0.007579
3970.0,0.00749
3975.0,0.007274
3980.0,0.007162
3985.0,0.007198
3990.0,0.007095
3995.0,0.006925
4000.0,0.006629
