interpolation:linear
wavelength,value
280.0,0.0
280.5,0.0
281.0,0.0
281.5,0.0
282.0,0.0
282.5,0.0
283.0,0.0
283.5,0.0
284.0,0.0
284.5,0.0
285.0,0.0
285.5,0.0
286.0,0.0
286.5,0.0
287.0,0.0
287.5,0.0
288.0,0.0
288.5,0.0
289.0,0.0
289.5,0.0
290.0,0.0
290.5,0.0
291.0,0.0
291.5,0.0
292.0,0.0
292.5,2.662e-44
293.0,4.03e-42
293.5,3.16e-39
294.0,2.477e-37
294.5,8.005000000000001e-36
295.0,5.46e-34
295.5,1.203e-31
296.0,4.746e-30
296.5,1.1660000000000002e-28
297.0,1.542e-27
297.5,9.803000000000001e-26
298.0,1.971e-24
298.5,1.334e-23
299.0,1.7419999999999998e-22
299.5,4.766e-21
300.0,2.2780000000000003e-20
300.5,1.398e-19
301.0,1.982e-18
301.5,1.665e-17
302.0,3.2e-17
302.5,2.738e-16
303.0,2.955e-15
303.5,1.042e-14
304.0,1.629e-14
304.5,7.678e-14
305.0,5.097e-13
305.5,1.44e-12
306.0,2.052e-12
306.5,4.512e-12
307.0,2.028e-11
307.5,7.267e-11
308.0,9.635e-11
308.5,1.866e-10
309.0,2.558e-10
309.5,8.584e-10
310.0,1.442e-09
310.5,3.108e-09
311.0,5.938e-09
311.5,7.197e-09
312.0,1.549e-08
312.5,3.133e-08
313.0,4.555e-08
313.5,3.906e-08
314.0,8.612e-08
314.5,1.511e-07
315.0,2.372e-07
315.5,1.611e-07
316.0,2.422e-07
316.5,5.463e-07
317.0,7.201e-07
317.5,7.242e-07
318.0,7.794e-07
318.5,1.626e-06
319.0,2.553e-06
319.5,1.583e-06
320.0,1.94e-06
320.5,3.997e-06
321.0,5.369e-06
321.5,5.701e-06
322.0,4.484e-06
322.5,4.252e-06
323.0,5.782e-06
323.5,1.11e-05
324.0,1.457e-05
324.5,1.365e-05
325.0,9.724e-06
325.5,1.598e-05
326.0,2.672e-05
326.5,3.32e-05
327.0,3.334e-05
327.5,3.177e-05
328.0,2.362e-05
328.5,3.495e-05
329.0,5.287e-05
329.5,6.647e-05
330.0,6.856e-05
330.5,5.1e-05
331.0,5.232e-05
331.5,6.262e-05
332.0,8.162e-05
332.5,8.958e-05
333.0,9.149e-05
333.5,7.961e-05
334.0,8.481e-05
334.5,0.0001149
335.0,0.0001198
335.5,0.0001475
336.0,0.0001075
336.5,0.0001296
337.0,0.0001077
337.5,0.000139
338.0,0.000154
338.5,0.0001886
339.0,0.0002
339.5,0.0002005
340.0,0.0002424
340.5,0.0002307
341.0,0.000241
341.5,0.0002381
342.0,0.0003
342.5,0.000296
343.0,0.000336
343.5,0.0003265
344.0,0.0002444
344.5,0.0002614
345.0,0.0003766
345.5,0.0004086
346.0,0.0003662
346.5,0.0004357
347.0,0.000484
347.5,0.0004076
348.0,0.0004911
348.5,0.0005137
349.0,0.0004998
349.5,0.0005176
350.0,0.0006691
350.5,0.0007351
351.0,0.00068
351.5,0.0006769
352.0,0.0007664
352.5,0.0006273
353.0,0.0008275
353.5,0.0009216
354.0,0.0009928
354.5,0.001042
355.0,0.001077
355.5,0.001015
356.0,0.001104
356.5,0.000975
357.0,0.0008309
357.5,0.001051
358.0,0.0008618
358.5,0.0007608
359.0,0.001097
359.5,0.001439
360.0,0.001578
360.5,0.001306
361.0,0.001238
361.5,0.001493
362.0,0.001353
362.5,0.001956
363.0,0.001832
363.5,0.001756
364.0,0.002231
364.5,0.001973
365.0,0.002077
365.5,0.002696
366.0,0.002963
366.5,0.002887
367.0,0.002902
367.5,0.003106
368.0,0.002809
368.5,0.002929
369.0,0.003266
369.5,0.003593
370.0,0.003954
370.5,0.003169
371.0,0.003495
371.5,0.004499
372.0,0.003071
372.5,0.003794
373.0,0.003986
373.5,0.002675
374.0,0.004001
374.5,0.003417
375.0,0.003415
375.5,0.00523
376.0,0.004451
376.5,0.004729
377.0,0.005154
377.5,0.006194
378.0,0.006872
378.5,0.006652
379.0,0.005616
379.5,0.005243
380.0,0.005592
380.5,0.006982
381.0,0.007222
381.5,0.005914
382.0,0.00542
382.5,0.004774
383.0,0.004552
383.5,0.004508
384.0,0.005104
384.5,0.007707
385.0,0.007844
385.5,0.007504
386.0,0.006597
386.5,0.008908
387.0,0.007574
387.5,0.00871
388.0,0.00824
388.5,0.008358
389.0,0.009233
389.5,0.01146
390.0,0.01179
390.5,0.0111
391.0,0.01339
391.5,0.01396
392.0,0.01202
392.5,0.01103
393.0,0.006294
393.5,0.004685
394.0,0.009742
394.5,0.01268
395.0,0.0158
395.5,0.01636
396.0,0.0145
396.5,0.008696
397.0,0.006675
397.5,0.01386
398.0,0.01974
398.5,0.02083
399.0,0.02316
399.5,0.02355
400.0,0.02485
401.0,0.02663
402.0,0.02936
403.0,0.02911
404.0,0.02974
405.0,0.03085
406.0,0.03164
407.0,0.03245
408.0,0.0348
409.0,0.03859
410.0,0.035
411.0,0.03933
412.0,0.04397
413.0,0.04414
414.0,0.04629
415.0,0.0482
416.0,0.05093
417.0,0.05126
418.0,0.05191
419.0,0.05437
420.0,0.05577
421.0,0.06027
422.0,0.05908
423.0,0.05956
424.0,0.06477
425.0,0.06672
426.0,0.06741
427.0,0.06794
428.0,0.06788
429.0,0.06656
430.0,0.05994
431.0,0.06072
432.0,0.08103
433.0,0.08377
434.0,0.07961
435.0,0.08492
436.0,0.0987
437.0,0.1005
438.0,0.09408
439.0,0.09845
440.0,0.1045
441.0,0.1116
442.0,0.1224
443.0,0.1207
444.0,0.1268
445.0,0.1259
446.0,0.1238
447.0,0.1379
448.0,0.1419
449.0,0.1474
450.0,0.1555
451.0,0.1647
452.0,0.1621
453.0,0.1557
454.0,0.1666
455.0,0.1708
456.0,0.1785
457.0,0.185
458.0,0.1811
459.0,0.1839
460.0,0.1872
461.0,0.1952
462.0,0.2011
463.0,0.2023
464.0,0.2037
465.0,0.206
466.0,0.2125
467.0,0.2108
468.0,0.2167
469.0,0.2211
470.0,0.2163
471.0,0.2194
472.0,0.2336
473.0,0.2332
474.0,0.2345
475.0,0.237
476.0,0.2294
477.0,0.231
478.0,0.2426
479.0,0.2478
480.0,0.2552
481.0,0.2674
482.0,0.2759
483.0,0.2793
484.0,0.2781
485.0,0.2692
486.0,0.2399
487.0,0.256
488.0,0.2839
489.0,0.2874
490.0,0.3079
491.0,0.3077
492.0,0.2943
493.0,0.3077
494.0,0.3143
495.0,0.321
496.0,0.3267
497.0,0.3358
498.0,0.3237
499.0,0.3306
500.0,0.3231
501.0,0.3185
502.0,0.3127
503.0,0.3242
504.0,0.3038
505.0,0.3318
506.0,0.3454
507.0,0.3317
508.0,0.328
509.0,0.3436
510.0,0.348
511.0,0.3644
512.0,0.374
513.0,0.3578
514.0,0.3595
515.0,0.3592
516.0,0.361
517.0,0.324
518.0,0.3431
519.0,0.3626
520.0,0.3783
521.0,0.3847
522.0,0.3872
523.0,0.3822
524.0,0.3957
525.0,0.3995
526.0,0.3841
527.0,0.3618
528.0,0.3844
529.0,0.4061
530.0,0.4016
531.0,0.409
532.0,0.3973
533.0,0.3884
534.0,0.4044
535.0,0.4188
536.0,0.4279
537.0,0.4156
538.0,0.4256
539.0,0.4242
540.0,0.4074
541.0,0.4055
542.0,0.4187
543.0,0.4229
544.0,0.4271
545.0,0.4302
546.0,0.4299
547.0,0.4381
548.0,0.4385
549.0,0.4436
550.0,0.452
551.0,0.4504
552.0,0.4568
553.0,0.4505
554.0,0.4641
555.0,0.4673
556.0,0.4628
557.0,0.4492
558.0,0.4459
559.0,0.4376
560.0,0.4423
561.0,0.4471
562.0,0.4427
563.0,0.453
564.0,0.4391
565.0,0.4343
566.0,0.427
567.0,0.4319
568.0,0.4177
569.0,0.3903
570.0,0.3935
571.0,0.3976
572.0,0.3951
573.0,0.3979
574.0,0.3942
575.0,0.3833
576.0,0.3811
577.0,0.3879
578.0,0.3894
579.0,0.4033
580.0,0.43
581.0,0.4481
582.0,0.4691
583.0,0.4809
584.0,0.4929
585.0,0.4867
586.0,0.4798
587.0,0.4859
588.0,0.4502
589.0,0.3497
590.0,0.3662
591.0,0.4235
592.0,0.3995
593.0,0.4304
594.0,0.425
595.0,0.3913
596.0,0.4603
597.0,0.4391
598.0,0.4563
599.0,0.4638
600.0,0.4759
601.0,0.483
602.0,0.4839
603.0,0.5
604.0,0.5139
605.0,0.5166
606.0,0.5184
607.0,0.5279
608.0,0.5271
609.0,0.5335
610.0,0.535
611.0,0.5433
612.0,0.5466
613.0,0.545
614.0,0.5422
615.0,0.5585
616.0,0.5436
617.0,0.5457
618.0,0.5701
619.0,0.5672
620.0,0.5725
621.0,0.5756
622.0,0.5709
623.0,0.5632
624.0,0.552
625.0,0.5495
626.0,0.5543
627.0,0.5504
628.0,0.3618
629.0,0.4798
630.0,0.4623
631.0,0.5227
632.0,0.5259
633.0,0.5644
634.0,0.5777
635.0,0.597
636.0,0.6004
637.0,0.6198
638.0,0.6411
639.0,0.642
640.0,0.646
641.0,0.6528
642.0,0.6589
643.0,0.6697
644.0,0.6763
645.0,0.6727
646.0,0.6376
647.0,0.578
648.0,0.596
649.0,0.566
650.0,0.6387
651.0,0.6775
652.0,0.5981
653.0,0.6784
654.0,0.6726
655.0,0.621
656.0,0.5689
657.0,0.592
658.0,0.6855
659.0,0.7
660.0,0.7109
661.0,0.7372
662.0,0.7561
663.0,0.7417
664.0,0.7528
665.0,0.7566
666.0,0.7622
667.0,0.7655
668.0,0.7726
669.0,0.7878
670.0,0.7889
671.0,0.7932
672.0,0.7908
673.0,0.8069
674.0,0.8079
675.0,0.8047
676.0,0.8141
677.0,0.81
678.0,0.8161
679.0,0.8066
680.0,0.8159
681.0,0.8123
682.0,0.8133
683.0,0.813
684.0,0.8089
685.0,0.8219
686.0,0.8118
687.0,0.05459
688.0,0.1618
689.0,0.1675
690.0,0.2363
691.0,0.3443
692.0,0.46
693.0,0.4665
694.0,0.5119
695.0,0.6234
696.0,0.6324
697.0,0.7782
698.0,0.7607
699.0,0.6657
700.0,0.6573
701.0,0.6113
702.0,0.6435
703.0,0.6724
704.0,0.7423
705.0,0.7339
706.0,0.7487
707.0,0.7601
708.0,0.758
709.0,0.7982
710.0,0.7722
711.0,0.7882
712.0,0.8088
713.0,0.7782
714.0,0.795
715.0,0.7345
716.0,0.7261
717.0,0.3895
718.0,0.3542
719.0,0.3106
720.0,0.2966
721.0,0.4381
722.0,0.6387
723.0,0.5332
724.0,0.3985
725.0,0.3768
726.0,0.3977
727.0,0.4592
728.0,0.3672
729.0,0.4544
730.0,0.4534
731.0,0.4203
732.0,0.5479
733.0,0.6507
734.0,0.7035
735.0,0.6716
736.0,0.6562
737.0,0.6646
738.0,0.7634
739.0,0.7567
740.0,0.8015
741.0,0.8081
742.0,0.8283
743.0,0.855
744.0,0.8649
745.0,0.878
746.0,0.8829
747.0,0.8888
748.0,0.8891
749.0,0.8811
750.0,0.8821
751.0,0.8742
752.0,0.8802
753.0,0.8869
754.0,0.8891
755.0,0.8838
756.0,0.8861
757.0,0.8875
758.0,0.8744
759.0,0.7804
760.0,7.006e-06
761.0,1.071e-07
762.0,0.01141
763.0,0.0001126
764.0,0.001654
765.0,0.01129
766.0,0.05389
767.0,0.2033
768.0,0.5046
769.0,0.6105
770.0,0.7594
771.0,0.8307
772.0,0.8548
773.0,0.8674
774.0,0.869
775.0,0.8671
776.0,0.8806
777.0,0.8707
778.0,0.8657
779.0,0.8673
780.0,0.8648
781.0,0.8673
782.0,0.8745
783.0,0.8614
784.0,0.8685
785.0,0.8574
786.0,0.8619
787.0,0.7919
788.0,0.7625
789.0,0.7698
790.0,0.6974
791.0,0.7583
792.0,0.7647
793.0,0.7476
794.0,0.8182
795.0,0.8166
796.0,0.6992
797.0,0.6904
798.0,0.8036
799.0,0.7873
800.0,0.7501
801.0,0.7261
802.0,0.7137
803.0,0.6921
804.0,0.7085
805.0,0.7358
806.0,0.81
807.0,0.7947
808.0,0.7918
809.0,0.7364
810.0,0.7207
811.0,0.6881
812.0,0.5948
813.0,0.5837
814.0,0.4112
815.0,0.4251
816.0,0.3706
817.0,0.3719
818.0,0.341
819.0,0.4491
820.0,0.4149
821.0,0.6345
822.0,0.582
823.0,0.2011
824.0,0.5023
825.0,0.6411
826.0,0.5411
827.0,0.6376
828.0,0.3789
829.0,0.5599
830.0,0.5513
831.0,0.5435
832.0,0.4985
833.0,0.5975
834.0,0.5526
835.0,0.7298
836.0,0.5984
837.0,0.7261
838.0,0.6669
839.0,0.7041
840.0,0.7354
841.0,0.701
842.0,0.7393
843.0,0.7857
844.0,0.7559
845.0,0.8048
846.0,0.8132
847.0,0.8093
848.0,0.7859
849.0,0.7657
850.0,0.7337
851.0,0.7584
852.0,0.7655
853.0,0.7506
854.0,0.6362
855.0,0.7168
856.0,0.7766
857.0,0.8072
858.0,0.7955
859.0,0.8065
860.0,0.8144
861.0,0.8081
862.0,0.8246
863.0,0.8442
864.0,0.8036
865.0,0.7988
866.0,0.7187
867.0,0.7509
868.0,0.8182
869.0,0.8027
870.0,0.8265
871.0,0.8153
872.0,0.8141
873.0,0.8132
874.0,0.8042
875.0,0.7873
876.0,0.7945
877.0,0.8043
878.0,0.8101
879.0,0.7987
880.0,0.7823
881.0,0.7616
882.0,0.7732
883.0,0.7873
884.0,0.7794
885.0,0.784
886.0,0.7231
887.0,0.7514
888.0,0.7511
889.0,0.7838
890.0,0.7454
891.0,0.76
892.0,0.7006
893.0,0.6515
894.0,0.5543
895.0,0.4467
896.0,0.3913
897.0,0.2729
898.0,0.317
899.0,0.1756
900.0,0.3618
901.0,0.1881
902.0,0.2769
903.0,0.2598
904.0,0.5271
905.0,0.4903
906.0,0.4304
907.0,0.2243
908.0,0.2663
909.0,0.3098
910.0,0.2099
911.0,0.3028
912.0,0.3002
913.0,0.2117
914.0,0.2342
915.0,0.2343
916.0,0.195
917.0,0.314
918.0,0.1895
919.0,0.3391
920.0,0.4356
921.0,0.4351
922.0,0.3333
923.0,0.4294
924.0,0.3148
925.0,0.3034
926.0,0.3007
927.0,0.3842
928.0,0.1366
929.0,0.101
930.0,0.03768
931.0,0.02972
932.0,0.00855
933.0,0.003971
934.0,0.0001561
935.0,0.005
936.0,0.001125
937.0,0.001278
938.0,0.001938
939.0,0.02851
940.0,0.05286
941.0,0.02053
942.0,0.02907
943.0,0.009809
944.0,0.0201
945.0,0.02481
946.0,0.002917
947.0,0.0212
948.0,0.01516
949.0,0.05111
950.0,0.001357
951.0,0.04578
952.0,0.01107
953.0,0.02223
954.0,0.03912
955.0,0.02778
956.0,0.06016
957.0,0.01182
958.0,0.09372
959.0,0.04261
960.0,0.05163
961.0,0.0841
962.0,0.08113
963.0,0.1289
964.0,0.1094
965.0,0.1147
966.0,0.1287
967.0,0.1211
968.0,0.3724
969.0,0.3323
970.0,0.3011
971.0,0.4442
972.0,0.3916
973.0,0.2401
974.0,0.2328
975.0,0.2563
976.0,0.1928
977.0,0.3604
978.0,0.2752
979.0,0.3096
980.0,0.2875
981.0,0.4493
982.0,0.4011
983.0,0.3606
984.0,0.5336
985.0,0.3858
986.0,0.5952
987.0,0.5439
988.0,0.562
989.0,0.6308
990.0,0.5374
991.0,0.6281
992.0,0.6375
993.0,0.5814
994.0,0.6456
995.0,0.6555
996.0,0.642
997.0,0.6478
998.0,0.6407
999.0,0.6418
1000.0,0.6226
1001.0,0.6477
1002.0,0.5619
1003.0,0.6334
1004.0,0.598
1005.0,0.6009
1006.0,0.6167
1007.0,0.6322
1008.0,0.6196
1009.0,0.6044
1010.0,0.5971
1011.0,0.6306
1012.0,0.6165
1013.0,0.6345
1014.0,0.6298
1015.0,0.6245
1016.0,0.6199
1017.0,0.6182
1018.0,0.6252
1019.0,0.5851
1020.0,0.6183
1021.0,0.6222
1022.0,0.6077
1023.0,0.615
1024.0,0.5819
1025.0,0.6215
1026.0,0.611
1027.0,0.6131
1028.0,0.6099
1029.0,0.5985
1030.0,0.6125
1031.0,0.607
1032.0,0.6076
1033.0,0.5986
1034.0,0.5995
1035.0,0.6016
1036.0,0.601
1037.0,0.5929
1038.0,0.5944
1039.0,0.5922
1040.0,0.5892
1041.0,0.5891
1042.0,0.5847
1043.0,0.5814
1044.0,0.5816
1045.0,0.5721
1046.0,0.564
1047.0,0.567
1048.0,0.5678
1049.0,0.5636
1050.0,0.5584
1051.0,0.5546
1052.0,0.5496
1053.0,0.5417
1054.0,0.5391
1055.0,0.535
1056.0,0.5282
1057.0,0.5229
1058.0,0.5063
1059.0,0.5022
1060.0,0.4994
1061.0,0.4963
1062.0,0.4948
1063.0,0.4864
1064.0,0.4935
1065.0,0.4799
1066.0,0.4783
1067.0,0.4825
1068.0,0.465
1069.0,0.4579
1070.0,0.4702
1071.0,0.496
1072.0,0.4767
1073.0,0.4714
1074.0,0.5089
1075.0,0.4451
1076.0,0.5065
1077.0,0.4814
1078.0,0.454
1079.0,0.5113
1080.0,0.4634
1081.0,0.4327
1082.0,0.4744
1083.0,0.4892
1084.0,0.4192
1085.0,0.4705
1086.0,0.3741
1087.0,0.4264
1088.0,0.4845
1089.0,0.4134
1090.0,0.3904
1091.0,0.467
1092.0,0.4699
1093.0,0.2973
1094.0,0.4161
1095.0,0.303
1096.0,0.2685
1097.0,0.4609
1098.0,0.2525
1099.0,0.2662
1100.0,0.2144
1101.0,0.2403
1102.0,0.2034
1103.0,0.1804
1104.0,0.1903
1105.0,0.2386
1106.0,0.09594
1107.0,0.2208
1108.0,0.1248
1109.0,0.1192
1110.0,0.1824
1111.0,0.05092
1112.0,0.1217
1113.0,0.02769
1114.0,0.02954
1115.0,0.01957
1116.0,0.005815
1117.0,0.0002695
1118.0,0.006883
1119.0,0.0007363
1120.0,0.0006173
1121.0,0.001121
1122.0,2.946e-05
1123.0,0.0004787
1124.0,0.0004128
1125.0,0.0009724
1126.0,2.869e-06
1127.0,0.00103
1128.0,7.726e-05
1129.0,8.65e-05
1130.0,0.0001249
1131.0,0.008778
1132.0,0.004767
1133.0,0.0006323
1134.0,2.416e-06
1135.0,2.651e-06
1136.0,0.0002149
1137.0,0.007525
1138.0,0.003612
1139.0,0.02361
1140.0,0.01111
1141.0,0.003863
1142.0,0.006198
1143.0,0.01817
1144.0,0.001239
1145.0,0.0004465
1146.0,0.0004886
1147.0,2.972e-06
1148.0,0.01245
1149.0,0.005881
1150.0,0.002598
1151.0,0.004008
1152.0,0.008987
1153.0,0.01393
1154.0,0.001266
1155.0,0.02634
1156.0,0.01909
1157.0,0.0433
1158.0,0.04379
1159.0,0.04837
1160.0,0.04634
1161.0,0.0914
1162.0,0.08827
1163.0,0.2138
1164.0,0.1488
1165.0,0.1141
1166.0,0.141
1167.0,0.1672
1168.0,0.1771
1169.0,0.1892
1170.0,0.2398
1171.0,0.2242
1172.0,0.2641
1173.0,0.2345
1174.0,0.1023
1175.0,0.2608
1176.0,0.3544
1177.0,0.2966
1178.0,0.1586
1179.0,0.3502
1180.0,0.247
1181.0,0.2531
1182.0,0.09931
1183.0,0.2625
1184.0,0.2167
1185.0,0.1839
1186.0,0.3069
1187.0,0.2542
1188.0,0.08796
1189.0,0.2345
1190.0,0.3108
1191.0,0.2334
1192.0,0.3243
1193.0,0.2861
1194.0,0.3106
1195.0,0.2513
1196.0,0.2187
1197.0,0.3214
1198.0,0.289
1199.0,0.1574
1200.0,0.2863
1201.0,0.2346
1202.0,0.2788
1203.0,0.2417
1204.0,0.19
1205.0,0.3057
1206.0,0.3817
1207.0,0.2618
1208.0,0.2853
1209.0,0.2855
1210.0,0.3263
1211.0,0.2858
1212.0,0.2204
1213.0,0.3351
1214.0,0.2434
1215.0,0.2372
1216.0,0.3491
1217.0,0.3215
1218.0,0.3448
1219.0,0.3245
1220.0,0.3451
1221.0,0.377
1222.0,0.3483
1223.0,0.3371
1224.0,0.3083
1225.0,0.3589
1226.0,0.3841
1227.0,0.2889
1228.0,0.3922
1229.0,0.3815
1230.0,0.368
1231.0,0.4088
1232.0,0.4049
1233.0,0.3416
1234.0,0.4243
1235.0,0.4099
1236.0,0.4223
1237.0,0.3964
1238.0,0.4212
1239.0,0.4154
1240.0,0.4209
1241.0,0.4011
1242.0,0.4157
1243.0,0.4137
1244.0,0.4102
1245.0,0.4158
1246.0,0.4143
1247.0,0.4068
1248.0,0.3973
1249.0,0.4069
1250.0,0.3983
1251.0,0.3809
1252.0,0.3968
1253.0,0.3657
1254.0,0.3436
1255.0,0.3895
1256.0,0.3293
1257.0,0.318
1258.0,0.3616
1259.0,0.2796
1260.0,0.289
1261.0,0.204
1262.0,0.1684
1263.0,0.1678
1264.0,0.1039
1265.0,0.1673
1266.0,0.1284
1267.0,0.1529
1268.0,0.1117
1269.0,0.004459
1270.0,0.1431
1271.0,0.215
1272.0,0.2185
1273.0,0.209
1274.0,0.2214
1275.0,0.2346
1276.0,0.2519
1277.0,0.2762
1278.0,0.3087
1279.0,0.3114
1280.0,0.3054
1281.0,0.3079
1282.0,0.3224
1283.0,0.3413
1284.0,0.347
1285.0,0.355
1286.0,0.3723
1287.0,0.3424
1288.0,0.3536
1289.0,0.2952
1290.0,0.3494
1291.0,0.3646
1292.0,0.2703
1293.0,0.3428
1294.0,0.3365
1295.0,0.3009
1296.0,0.2562
1297.0,0.2161
1298.0,0.2846
1299.0,0.3443
1300.0,0.1987
1301.0,0.2085
1302.0,0.292
1303.0,0.2
1304.0,0.109
1305.0,0.2745
1306.0,0.2558
1307.0,0.128
1308.0,0.2051
1309.0,0.2365
1310.0,0.1167
1311.0,0.1832
1312.0,0.1785
1313.0,0.1408
1314.0,0.09651
1315.0,0.09081
1316.0,0.1672
1317.0,0.1456
1318.0,0.1873
1319.0,0.07727
1320.0,0.07678
1321.0,0.1188
1322.0,0.1026
1323.0,0.03703
1324.0,0.07948
1325.0,0.1389
1326.0,0.09293
1327.0,0.07736
1328.0,0.04652
1329.0,0.01328
1330.0,0.03117
1331.0,0.005055
1332.0,0.005604
1333.0,0.01073
1334.0,0.02191
1335.0,0.02851
1336.0,0.01291
1337.0,0.01261
1338.0,0.01251
1339.0,0.01205
1340.0,0.0153
1341.0,0.006072
1342.0,0.007913
1343.0,0.001104
1344.0,0.0007133
1345.0,0.0004611
1346.0,1.415e-05
1347.0,5.35e-06
1348.0,3.082e-09
1349.0,9.357e-09
1350.0,4.526e-09
1351.0,1.532e-11
1352.0,1.016e-17
1353.0,2.198e-19
1354.0,1.649e-16
1355.0,8.996e-25
1356.0,3.442e-19
1357.0,2.093e-19
1358.0,2.082e-24
1359.0,3.167e-32
1360.0,4.306e-27
1361.0,4.2309999999999995e-41
1362.0,1.121e-44
1363.0,1.951e-34
1364.0,4.5740000000000004e-30
1365.0,0.0
1366.0,3.4940000000000003e-32
1367.0,1.244e-26
1368.0,0.0
1369.0,1.344e-29
1370.0,4.802e-33
1371.0,2.719e-35
1372.0,5.546000000000001e-26
1373.0,2.272e-22
1374.0,2.187e-19
1375.0,2.947e-22
1376.0,3.122e-16
1377.0,1.516e-16
1378.0,3.857e-18
1379.0,3.438e-16
1380.0,6.737e-19
1381.0,2.818e-19
1382.0,4.415e-27
1383.0,1.331e-27
1384.0,2.028e-31
1385.0,9.637e-23
1386.0,5.258e-30
1387.0,2.902e-24
1388.0,2.861e-19
1389.0,1.17e-18
1390.0,2.3960000000000003e-20
1391.0,5.22e-19
1392.0,5.375e-18
1393.0,7.073e-17
1394.0,6.566e-24
1395.0,2.281e-24
1396.0,9.95e-39
1397.0,7.145e-18
1398.0,7.421e-19
1399.0,1.531e-18
1400.0,1.892e-43
1401.0,2.388e-37
1402.0,1.401e-11
1403.0,5.344e-13
1404.0,3.493e-15
1405.0,5.526e-27
1406.0,7.644e-17
1407.0,2.434e-12
1408.0,2.036e-16
1409.0,1.988e-19
1410.0,1.205e-14
1411.0,1.213e-12
1412.0,2.948e-11
1413.0,2.076e-09
1414.0,4.421e-14
1415.0,4.567e-15
1416.0,1.118e-06
1417.0,1.092e-07
1418.0,6.171e-10
1419.0,5.47e-11
1420.0,3.619e-10
1421.0,1.089e-07
1422.0,2.66e-06
1423.0,2.507e-07
1424.0,7.207e-06
1425.0,1.269e-06
1426.0,1.542e-05
1427.0,1.9e-05
1428.0,8.527e-10
1429.0,3.344e-06
1430.0,0.0001043
1431.0,0.0001285
1432.0,7.748e-10
1433.0,3.367e-05
1434.0,7.706e-06
1435.0,7.767e-07
1436.0,1.866e-05
1437.0,8.623e-06
1438.0,3.154e-06
1439.0,3.347e-05
1440.0,5.857e-05
1441.0,5.878e-06
1442.0,7.054e-07
1443.0,8.343e-06
1444.0,0.0001125
1445.0,1.973e-05
1446.0,4.281e-07
1447.0,1.206e-05
1448.0,0.0008734
1449.0,0.0006841
1450.0,2.416e-05
1451.0,5.596e-06
1452.0,8.413e-05
1453.0,0.0001792
1454.0,0.003083
1455.0,0.0002891
1456.0,0.0003963
1457.0,0.001348
1458.0,0.005164
1459.0,0.00707
1460.0,0.001465
1461.0,0.0003621
1462.0,0.003051
1463.0,0.0002258
1464.0,0.006081
1465.0,0.002577
1466.0,0.0001073
1467.0,2.765e-05
1468.0,0.0002401
1469.0,0.0008034
1470.0,4.187e-06
1471.0,2.1e-05
1472.0,3.502e-06
1473.0,0.0001018
1474.0,0.001699
1475.0,0.01078
1476.0,0.0004215
1477.0,0.0001881
1478.0,0.0008034
1479.0,0.003274
1480.0,0.0001718
1481.0,0.001731
1482.0,0.0005743
1483.0,0.006548
1484.0,0.009407
1485.0,0.006912
1486.0,0.002851
1487.0,0.0002899
1488.0,0.00339
1489.0,0.02356
1490.0,0.03047
1491.0,0.03795
1492.0,0.01186
1493.0,0.02933
1494.0,0.05788
1495.0,0.036
1496.0,0.02699
1497.0,0.09928
1498.0,0.05486
1499.0,0.07594
1500.0,0.1419
1501.0,0.1411
1502.0,0.1105
1503.0,0.06021
1504.0,0.02675
1505.0,0.06262
1506.0,0.1606
1507.0,0.1483
1508.0,0.1369
1509.0,0.06194
1510.0,0.184
1511.0,0.1543
1512.0,0.1821
1513.0,0.1243
1514.0,0.09809
1515.0,0.196
1516.0,0.1759
1517.0,0.1408
1518.0,0.1589
1519.0,0.131
1520.0,0.169
1521.0,0.2453
1522.0,0.1948
1523.0,0.2543
1524.0,0.2242
1525.0,0.177
1526.0,0.1733
1527.0,0.1935
1528.0,0.2441
1529.0,0.2233
1530.0,0.1881
1531.0,0.2138
1532.0,0.2564
1533.0,0.2644
1534.0,0.2546
1535.0,0.2409
1536.0,0.2558
1537.0,0.2403
1538.0,0.2603
1539.0,0.2471
1540.0,0.2595
1541.0,0.257
1542.0,0.2444
1543.0,0.2596
1544.0,0.2476
1545.0,0.2658
1546.0,0.2501
1547.0,0.2555
1548.0,0.2561
1549.0,0.2637
1550.0,0.2589
1551.0,0.2578
1552.0,0.2484
1553.0,0.258
1554.0,0.2523
1555.0,0.2569
1556.0,0.2549
1557.0,0.2597
1558.0,0.2582
1559.0,0.2557
1560.0,0.2567
1561.0,0.2591
1562.0,0.2508
1563.0,0.2504
1564.0,0.2502
1565.0,0.2564
1566.0,0.2497
1567.0,0.2521
1568.0,0.2473
1569.0,0.2537
1570.0,0.2546
1571.0,0.2555
1572.0,0.2538
1573.0,0.2496
1574.0,0.2379
1575.0,0.2329
1576.0,0.2222
1577.0,0.2145
1578.0,0.2214
1579.0,0.2156
1580.0,0.2208
1581.0,0.2181
1582.0,0.2161
1583.0,0.2145
1584.0,0.232
1585.0,0.2378
1586.0,0.2319
1587.0,0.2286
1588.0,0.2332
1589.0,0.2271
1590.0,0.2279
1591.0,0.2358
1592.0,0.236
1593.0,0.2467
1594.0,0.2417
1595.0,0.2423
1596.0,0.2328
1597.0,0.2322
1598.0,0.2451
1599.0,0.2427
1600.0,0.2438
1601.0,0.237
1602.0,0.234
1603.0,0.2433
1604.0,0.2408
1605.0,0.2416
1606.0,0.2385
1607.0,0.2409
1608.0,0.2344
1609.0,0.2327
1610.0,0.2276
1611.0,0.2305
1612.0,0.2363
1613.0,0.2319
1614.0,0.2346
1615.0,0.2305
1616.0,0.2263
1617.0,0.2263
1618.0,0.2351
1619.0,0.224
1620.0,0.2267
1621.0,0.2271
1622.0,0.2304
1623.0,0.2347
1624.0,0.228
1625.0,0.2271
1626.0,0.2264
1627.0,0.2303
1628.0,0.226
1629.0,0.2275
1630.0,0.2241
1631.0,0.215
1632.0,0.2191
1633.0,0.1962
1634.0,0.2201
1635.0,0.1956
1636.0,0.2077
1637.0,0.2121
1638.0,0.1655
1639.0,0.2062
1640.0,0.1568
1641.0,0.1996
1642.0,0.213
1643.0,0.1454
1644.0,0.2163
1645.0,0.1749
1646.0,0.1434
1647.0,0.2179
1648.0,0.1449
1649.0,0.1992
1650.0,0.2054
1651.0,0.1296
1652.0,0.1963
1653.0,0.2053
1654.0,0.1466
1655.0,0.2037
1656.0,0.1798
1657.0,0.1906
1658.0,0.2107
1659.0,0.204
1660.0,0.2062
1661.0,0.2026
1662.0,0.1792
1663.0,0.2091
1664.0,0.2018
1665.0,0.1457
1666.0,0.04212
1667.0,0.1448
1668.0,0.1916
1669.0,0.1921
1670.0,0.2053
1671.0,0.19
1672.0,0.1964
1673.0,0.2044
1674.0,0.1802
1675.0,0.1829
1676.0,0.1934
1677.0,0.1831
1678.0,0.1609
1679.0,0.1976
1680.0,0.1848
1681.0,0.158
1682.0,0.1934
1683.0,0.198
1684.0,0.1271
1685.0,0.1994
1686.0,0.198
1687.0,0.1615
1688.0,0.1916
1689.0,0.1917
1690.0,0.1827
1691.0,0.127
1692.0,0.1758
1693.0,0.1994
1694.0,0.1642
1695.0,0.1907
1696.0,0.1967
1697.0,0.09964
1698.0,0.1857
1699.0,0.1858
1700.0,0.1657
1702.0,0.1822
1705.0,0.1586
1710.0,0.1448
1715.0,0.1486
1720.0,0.1528
1725.0,0.1189
1730.0,0.1227
1735.0,0.1129
1740.0,0.1092
1745.0,0.101
1750.0,0.1026
1755.0,0.08698
1760.0,0.09263
1765.0,0.05537
1770.0,0.0578
1775.0,0.03159
1780.0,0.01921
1785.0,0.007517
1790.0,0.01009
1795.0,0.0001121
1800.0,0.0001961
1805.0,7.23e-08
1810.0,3.385e-06
1815.0,3.799e-12
1820.0,3.014e-15
1825.0,7.335e-15
1830.0,1.8909999999999998e-22
1835.0,1.252e-17
1840.0,6.489e-27
1845.0,2.8370000000000003e-32
1850.0,1.459e-33
1855.0,9.062e-27
1860.0,3.788e-19
1865.0,7.215e-22
1870.0,4.4079999999999996e-41
1875.0,2.5879999999999998e-40
1880.0,6.499e-18
1885.0,8.653e-19
1890.0,8.994e-21
1895.0,2.367e-17
1900.0,9.462e-25
1905.0,2.27e-23
1910.0,9.073999999999999e-22
1915.0,9.075e-18
1920.0,2.619e-18
1925.0,4.746e-15
1930.0,1.278e-12
1935.0,2.418e-09
1940.0,2.526e-07
1945.0,8.934e-07
1950.0,9.902e-05
1955.0,8.764e-06
1960.0,0.0003889
1965.0,0.004962
1970.0,0.01443
1975.0,0.01939
1980.0,0.02083
1985.0,0.02897
1990.0,0.03345
1995.0,0.03981
2000.0,0.05236
2005.0,0.02865
2010.0,0.09208
2015.0,0.04226
2020.0,0.05595
2025.0,0.07844
2030.0,0.05939
2035.0,0.08892
2040.0,0.07518
2045.0,0.07916
2050.0,0.09181
2055.0,0.07771
2060.0,0.07117
2065.0,0.07624
2070.0,0.07208
2075.0,0.08766
2080.0,0.08506
2085.0,0.08406
2090.0,0.08931
2095.0,0.08343
2100.0,0.06695
2105.0,0.08386
2110.0,0.073
2115.0,0.0837
2120.0,0.0682
2125.0,0.07525
2130.0,0.0821
2135.0,0.08478
2140.0,0.08749
2145.0,0.08612
2150.0,0.06604
2155.0,0.06703
2160.0,0.06865
2165.0,0.06013
2170.0,0.06982
2175.0,0.05996
2180.0,0.06848
2185.0,0.0502
2190.0,0.06437
2195.0,0.06156
2200.0,0.03124
2205.0,0.04872
2210.0,0.07091
2215.0,0.05916
2220.0,0.06265
2225.0,0.05755
2230.0,0.05837
2235.0,0.05338
2240.0,0.05226
2245.0,0.04202
2250.0,0.05129
2255.0,0.03472
2260.0,0.03258
2265.0,0.04074
2270.0,0.02784
2275.0,0.02619
2280.0,0.03924
2285.0,0.02617
2290.0,0.02709
2295.0,0.02555
2300.0,0.01798
2305.0,0.01956
2310.0,0.03986
2315.0,0.02021
2320.0,0.01065
2325.0,0.02772
2330.0,0.02187
2335.0,0.02609
2340.0,0.008336
2345.0,0.01205
2350.0,0.006191
2355.0,0.00941
2360.0,0.01337
2365.0,0.01782
2370.0,0.0009818
2375.0,0.008062
2380.0,0.009518
2385.0,0.003049
2390.0,0.005173
2395.0,0.006701
2400.0,0.008925
2405.0,0.00543
2410.0,0.005515
2415.0,0.001375
2420.0,0.00155
2425.0,0.002701
2430.0,0.007001
2435.0,0.0001995
2440.0,0.007828
2445.0,0.0005616
2450.0,0.0001169
2455.0,0.001608
2460.0,0.001776
2465.0,0.0004176
2470.0,3.517e-05
2475.0,5.114e-05
2480.0,1.337e-05
2485.0,6.237e-08
2490.0,1.311e-09
2495.0,1.361e-09
2500.0,4.688e-07
2505.0,1.848e-07
2510.0,5.058e-07
2515.0,9.885e-09
2520.0,5.228e-17
2525.0,4.947e-14
2530.0,1.754e-29
2535.0,3.492e-40
2540.0,1.9609999999999998e-37
2545.0,3.2430000000000004e-42
2550.0,0.0
2555.0,4.204e-45
2560.0,5.579e-41
2565.0,0.0
2570.0,0.0
2575.0,0.0
2580.0,0.0
2585.0,0.0
2590.0,0.0
2595.0,0.0
2600.0,0.0
2605.0,0.0
2610.0,0.0
2615.0,0.0
2620.0,0.0
2625.0,0.0
2630.0,0.0
2635.0,0.0
2640.0,0.0
2645.0,0.0
2650.0,0.0
2655.0,0.0
2660.0,0.0
2665.0,0.0
2670.0,0.0
2675.0,0.0
2680.0,0.0
2685.0,0.0
2690.0,0.0
2695.0,0.0
2700.0,0.0
2705.0,0.0
2710.0,0.0
2715.0,0.0
2720.0,0.0
2725.0,0.0
2730.0,0.0
2735.0,0.0
2740.0,0.0
2745.0,0.0
2750.0,0.0
2755.0,0.0
2760.0,0.0
2765.0,0.0
2770.0,0.0
2775.0,1.3399999999999999e-33
2780.0,0.0
2785.0,0.0
2790.0,6.1169999999999994e-37
2795.0,0.0
2800.0,1.116e-07
2805.0,2.171e-37
2810.0,1.47e-40
2815.0,6.45e-41
2820.0,4.056e-39
2825.0,1.899e-23
2830.0,3.0009999999999995e-22
2835.0,3.6070000000000004e-42
2840.0,2.201e-16
2845.0,1.154e-19
2850.0,1.4599999999999998e-29
2855.0,2.696e-17
2860.0,1.251e-15
2865.0,1.798e-17
2870.0,5.566e-17
2875.0,1.13e-14
2880.0,4.056e-11
2885.0,1.461e-14
2890.0,2.023e-10
2895.0,2.446e-08
2900.0,6.623e-11
2905.0,5.051e-12
2910.0,3.64e-08
2915.0,7.754e-09
2920.0,2.862e-08
2925.0,1.242e-07
2930.0,3.744e-06
2935.0,3.114e-06
2940.0,2.875e-07
2945.0,7.163e-10
2950.0,1.089e-06
2955.0,5.521e-07
2960.0,7.947e-06
2965.0,3.337e-05
2970.0,2.698e-10
2975.0,2.673e-07
2980.0,4.186e-07
2985.0,4.8e-05
2990.0,0.0003345
2995.0,4.012e-06
3000.0,4.552e-05
3005.0,3.142e-06
3010.0,6.032e-05
3015.0,1.836e-05
3020.0,8.4e-12
3025.0,3.497e-05
3030.0,2.468e-05
3035.0,2.464e-07
3040.0,1.533e-06
3045.0,2.052e-06
3050.0,6.035e-08
3055.0,3.097e-09
3060.0,2.367e-05
3065.0,1.941e-06
3070.0,1.118e-07
3075.0,1.95e-05
3080.0,2.113e-06
3085.0,4.098e-08
3090.0,3.006e-07
3095.0,4.17e-09
3100.0,6.365e-06
3105.0,3.523e-07
3110.0,6.111e-11
3115.0,4.84e-08
3120.0,0.0001195
3125.0,3.67e-05
3130.0,5.794e-05
3135.0,0.0002423
3140.0,5.624e-06
3145.0,6.105e-06
3150.0,7.277e-05
3155.0,6.85e-05
3160.0,0.0002284
3165.0,0.001098
3170.0,0.001165
3175.0,0.0001552
3180.0,0.0005576
3185.0,1.959e-05
3190.0,2.331e-05
3195.0,6.986e-08
3200.0,4.747e-12
3205.0,1.238e-13
3210.0,2.978e-12
3215.0,2.062e-09
3220.0,1.696e-09
3225.0,2.445e-09
3230.0,6.14e-10
3235.0,2.629e-05
3240.0,2.272e-07
3245.0,3.637e-07
3250.0,4.984e-07
3255.0,0.0001064
3260.0,8.978e-08
3265.0,1.371e-07
3270.0,1.849e-09
3275.0,1.608e-05
3280.0,1.044e-06
3285.0,0.0004057
3290.0,7.063e-05
3295.0,9.524e-07
3300.0,2.128e-07
3305.0,2.997e-06
3310.0,1.078e-06
3315.0,1.364e-25
3320.0,6.735e-15
3325.0,2.003e-07
3330.0,8.452e-05
3335.0,0.0001573
3340.0,7.129e-05
3345.0,3.712e-06
3350.0,0.0002981
3355.0,7.439e-06
3360.0,4.929e-05
3365.0,0.0003241
3370.0,2.322e-06
3375.0,0.0008499
3380.0,1.025e-05
3385.0,0.0004288
3390.0,0.0003985
3395.0,0.0007952
3400.0,0.003592
3405.0,6.371e-06
3410.0,0.0006592
3415.0,7.743e-05
3420.0,0.005216
3425.0,0.0006022
3430.0,0.0001952
3435.0,0.003903
3440.0,0.0001449
3445.0,0.002928
3450.0,0.001681
3455.0,0.0004242
3460.0,0.0056
3465.0,0.000644
3470.0,0.005225
3475.0,0.001893
3480.0,0.00215
3485.0,0.004585
3490.0,0.001509
3495.0,0.00483
3500.0,0.004276
3505.0,0.004253
3510.0,0.004595
3515.0,0.004242
3520.0,0.005606
3525.0,0.005111
3530.0,0.003653
3535.0,0.001281
3540.0,0.00104
3545.0,0.0012
3550.0,0.003396
3555.0,0.001616
3560.0,0.004109
3565.0,0.003341
3570.0,0.001434
3575.0,0.001006
3580.0,0.003137
3585.0,0.001582
3590.0,0.00246
3595.0,0.003788
3600.0,0.004644
3605.0,0.00335
3610.0,0.002643
3615.0,0.003867
3620.0,0.007724
3625.0,0.003645
3630.0,0.004226
3635.0,0.004661
3640.0,0.007884
3645.0,0.004187
3650.0,0.004302
3655.0,0.006466
3660.0,0.006929
3665.0,0.00374
3670.0,0.002078
3675.0,0.0002625
3680.0,0.001712
3685.0,0.003175
3690.0,0.00302
3695.0,0.005218
3700.0,0.007997
3705.0,0.00733
3710.0,0.003827
3715.0,0.004464
3720.0,0.006838
3725.0,0.007406
3730.0,0.004528
3735.0,0.003141
3740.0,0.004132
3745.0,0.006944
3750.0,0.00508
3755.0,0.004542
3760.0,0.003586
3765.0,0.00358
3770.0,0.005019
3775.0,0.004881
3780.0,0.006015
3785.0,0.004109
3790.0,0.002727
3795.0,0.004917
3800.0,0.007124
3805.0,0.005792
3810.0,0.003314
3815.0,0.003154
3820.0,0.006928
3825.0,0.006695
3830.0,0.007069
3835.0,0.002554
3840.0,0.005012
3845.0,0.004233
3850.0,0.004394
3855.0,0.003627
3860.0,0.002239
3865.0,0.002188
3870.0,0.001115
3875.0,0.0005963
3880.0,0.0004471
3885.0,0.000583
3890.0,0.0006589
3895.0,0.001335
3900.0,0.002409
3905.0,0.002245
3910.0,0.0009858
3915.0,0.0008474
3920.0,0.0008748
3925.0,0.0008083
3930.0,0.001043
3935.0,0.001477
3940.0,0.001657
3945.0,0.001974
3950.0,0.002342
3955.0,0.002611
3960.0,0.002847
3965.0,0.003062
3970.0,0.002901
3975.0,0.002458
3980.0,0.002286
3985.0,0.002465
3990.0,0.002318
3995.0,0.002042
4000.0,0.00178
