interpolation:linear
wavelength,value
280.0,7.222000000000001e-20
280.5,1.319e-18
281.0,5.811e-18
281.5,1.05e-16
282.0,5.996e-16
282.5,1.839e-15
283.0,6.341e-15
283.5,1.057e-14
284.0,1.513e-13
284.5,3.991e-13
285.0,6.995e-13
285.5,3.817e-12
286.0,1.559e-11
286.5,6.721e-11
287.0,1.831e-10
287.5,6.361e-10
288.0,2.02e-09
288.5,6.659e-09
289.0,1.84e-08
289.5,5.532e-08
290.0,1.507e-07
290.5,3.009e-07
291.0,6.192e-07
291.5,1.647e-06
292.0,3.511e-06
292.5,4.793e-06
293.0,9.805e-06
293.5,2.203e-05
294.0,3.295e-05
294.5,5.325e-05
295.0,8.414e-05
295.5,0.0001781
296.0,0.0002923
296.5,0.0003489
297.0,0.0004154
297.5,0.0009216
298.0,0.00124
298.5,0.001107
299.0,0.002173
299.5,0.002949
300.0,0.002915
300.5,0.003783
301.0,0.005749
301.5,0.007869
302.0,0.006259
302.5,0.01122
303.0,0.01803
303.5,0.02125
304.0,0.01915
304.5,0.02548
305.0,0.03296
305.5,0.03428
306.0,0.03206
306.5,0.03764
307.0,0.04888
307.5,0.05739
308.0,0.05962
308.5,0.06648
309.0,0.05822
309.5,0.06201
310.0,0.06034
310.5,0.0964
311.0,0.1178
311.5,0.1126
312.0,0.1057
312.5,0.1233
313.0,0.1311
313.5,0.1307
314.0,0.1551
314.5,0.1282
315.0,0.1668
315.5,0.1452
316.0,0.1198
316.5,0.1637
317.0,0.2042
317.5,0.2164
318.0,0.1634
318.5,0.1899
319.0,0.2183
319.5,0.1888
320.0,0.2308
320.5,0.27
321.0,0.2264
321.5,0.2163
322.0,0.2476
322.5,0.2153
323.0,0.2057
323.5,0.2351
324.0,0.273
324.5,0.2842
325.0,0.2601
325.5,0.3236
326.0,0.379
326.5,0.3704
327.0,0.374
327.5,0.367
328.0,0.3401
328.5,0.3429
329.0,0.3979
329.5,0.4485
330.0,0.4574
330.5,0.3769
331.0,0.3886
331.5,0.3883
332.0,0.409
332.5,0.4007
333.0,0.4037
333.5,0.374
334.0,0.3855
334.5,0.4357
335.0,0.4051
335.5,0.4598
336.0,0.3188
336.5,0.3889
337.0,0.323
337.5,0.4041
338.0,0.3883
338.5,0.4381
339.0,0.4368
339.5,0.4196
340.0,0.5063
340.5,0.4567
341.0,0.4378
341.5,0.4062
342.0,0.4874
342.5,0.4578
343.0,0.5027
343.5,0.473
344.0,0.3558
344.5,0.352
345.0,0.4715
345.5,0.4839
346.0,0.4129
346.5,0.469
347.0,0.5031
347.5,0.4071
348.0,0.4669
348.5,0.4686
349.0,0.4358
349.5,0.4321
350.0,0.5357
350.5,0.5662
351.0,0.5062
351.5,0.4908
352.0,0.5297
352.5,0.415
353.0,0.5241
353.5,0.5619
354.0,0.5849
354.5,0.5945
355.0,0.5935
355.5,0.5372
356.0,0.5632
356.5,0.482
357.0,0.3991
357.5,0.4897
358.0,0.389
358.5,0.3331
359.0,0.4668
359.5,0.5958
360.0,0.633
360.5,0.507
361.0,0.463
361.5,0.5337
362.0,0.462
362.5,0.6401
363.0,0.5756
363.5,0.5309
364.0,0.6502
364.5,0.5567
365.0,0.5679
365.5,0.7139
366.0,0.7574
366.5,0.7126
367.0,0.6952
367.5,0.7227
368.0,0.6333
368.5,0.64
369.0,0.6922
369.5,0.7389
370.0,0.7889
370.5,0.6132
371.0,0.6561
371.5,0.8222
372.0,0.5466
372.5,0.6564
373.0,0.6685
373.5,0.4355
374.0,0.6338
374.5,0.5256
375.0,0.5117
375.5,0.7652
376.0,0.6353
376.5,0.6595
377.0,0.6991
377.5,0.819
378.0,0.8893
378.5,0.842
379.0,0.6962
379.5,0.6371
380.0,0.6635
380.5,0.8046
381.0,0.8073
381.5,0.6406
382.0,0.5696
382.5,0.486
383.0,0.4505
383.5,0.4344
384.0,0.4798
384.5,0.7066
385.0,0.7016
385.5,0.6541
386.0,0.5609
386.5,0.7376
387.0,0.6138
387.5,0.6904
388.0,0.6382
388.5,0.6316
389.0,0.6827
389.5,0.8279
390.0,0.8318
390.5,0.7665
391.0,0.9033
391.5,0.9225
392.0,0.7781
392.5,0.6973
393.0,0.3884
393.5,0.2826
394.0,0.5757
394.5,0.7327
395.0,0.8951
395.5,0.9105
396.0,0.7903
396.5,0.4624
397.0,0.3473
397.5,0.7072
398.0,0.9918
398.5,1.026
399.0,1.112
399.5,1.109
400.0,1.154
401.0,1.187
402.0,1.254
403.0,1.194
404.0,1.177
405.0,1.18
406.0,1.162
407.0,1.145
408.0,1.193
409.0,1.278
410.0,1.119
411.0,1.213
412.0,1.305
413.0,1.275
414.0,1.292
415.0,1.298
416.0,1.322
417.0,1.292
418.0,1.27
419.0,1.288
420.0,1.285
421.0,1.346
422.0,1.282
423.0,1.254
424.0,1.328
425.0,1.328
426.0,1.294
427.0,1.272
428.0,1.241
429.0,1.176
430.0,1.03
431.0,1.023
432.0,1.322
433.0,1.331
434.0,1.238
435.0,1.295
436.0,1.46
437.0,1.441
438.0,1.313
439.0,1.361
440.0,1.406
441.0,1.458
442.0,1.565
443.0,1.528
444.0,1.562
445.0,1.531
446.0,1.461
447.0,1.58
448.0,1.608
449.0,1.615
450.0,1.661
451.0,1.725
452.0,1.663
453.0,1.566
454.0,1.635
455.0,1.647
456.0,1.688
457.0,1.718
458.0,1.662
459.0,1.655
460.0,1.662
461.0,1.701
462.0,1.715
463.0,1.706
464.0,1.677
465.0,1.656
466.0,1.673
467.0,1.645
468.0,1.666
469.0,1.677
470.0,1.625
471.0,1.624
472.0,1.714
473.0,1.693
474.0,1.699
475.0,1.717
476.0,1.669
477.0,1.677
478.0,1.724
479.0,1.714
480.0,1.717
481.0,1.75
482.0,1.758
483.0,1.737
484.0,1.702
485.0,1.622
486.0,1.418
487.0,1.487
488.0,1.633
489.0,1.64
490.0,1.726
491.0,1.696
492.0,1.603
493.0,1.657
494.0,1.675
495.0,1.69
496.0,1.702
497.0,1.729
498.0,1.65
499.0,1.673
500.0,1.626
501.0,1.599
502.0,1.58
503.0,1.648
504.0,1.614
505.0,1.667
506.0,1.722
507.0,1.64
508.0,1.588
509.0,1.632
510.0,1.623
511.0,1.666
512.0,1.685
513.0,1.595
514.0,1.585
515.0,1.57
516.0,1.568
517.0,1.393
518.0,1.466
519.0,1.539
520.0,1.596
521.0,1.612
522.0,1.615
523.0,1.588
524.0,1.646
525.0,1.668
526.0,1.595
527.0,1.505
528.0,1.594
529.0,1.682
530.0,1.659
531.0,1.685
532.0,1.629
533.0,1.582
534.0,1.629
535.0,1.664
536.0,1.68
537.0,1.614
538.0,1.643
539.0,1.63
540.0,1.564
541.0,1.577
542.0,1.628
543.0,1.61
544.0,1.641
545.0,1.636
546.0,1.646
547.0,1.644
548.0,1.625
549.0,1.63
550.0,1.65
551.0,1.63
552.0,1.642
553.0,1.614
554.0,1.654
555.0,1.658
556.0,1.638
557.0,1.588
558.0,1.578
559.0,1.55
560.0,1.571
561.0,1.593
562.0,1.583
563.0,1.629
564.0,1.586
565.0,1.574
566.0,1.553
567.0,1.584
568.0,1.574
569.0,1.544
570.0,1.543
571.0,1.533
572.0,1.575
573.0,1.593
574.0,1.59
575.0,1.562
576.0,1.548
577.0,1.565
578.0,1.54
579.0,1.544
580.0,1.569
581.0,1.574
582.0,1.601
583.0,1.603
584.0,1.616
585.0,1.576
586.0,1.544
587.0,1.581
588.0,1.552
589.0,1.393
590.0,1.455
591.0,1.53
592.0,1.517
593.0,1.533
594.0,1.526
595.0,1.494
596.0,1.54
597.0,1.527
598.0,1.519
599.0,1.519
600.0,1.518
601.0,1.504
602.0,1.494
603.0,1.517
604.0,1.543
605.0,1.534
606.0,1.527
607.0,1.541
608.0,1.523
609.0,1.525
610.0,1.513
611.0,1.521
612.0,1.516
613.0,1.497
614.0,1.476
615.0,1.507
616.0,1.457
617.0,1.454
618.0,1.51
619.0,1.494
620.0,1.504
621.0,1.507
622.0,1.491
623.0,1.47
624.0,1.444
625.0,1.441
626.0,1.463
627.0,1.483
628.0,1.422
629.0,1.461
630.0,1.429
631.0,1.45
632.0,1.431
633.0,1.469
634.0,1.451
635.0,1.472
636.0,1.451
637.0,1.474
638.0,1.485
639.0,1.468
640.0,1.452
641.0,1.451
642.0,1.443
643.0,1.463
644.0,1.457
645.0,1.46
646.0,1.431
647.0,1.424
648.0,1.427
649.0,1.4
650.0,1.395
651.0,1.453
652.0,1.407
653.0,1.434
654.0,1.417
655.0,1.372
656.0,1.211
657.0,1.243
658.0,1.39
659.0,1.398
660.0,1.403
661.0,1.413
662.0,1.419
663.0,1.39
664.0,1.403
665.0,1.402
666.0,1.402
667.0,1.4
668.0,1.4
669.0,1.421
670.0,1.414
671.0,1.414
672.0,1.401
673.0,1.422
674.0,1.416
675.0,1.403
676.0,1.413
677.0,1.398
678.0,1.402
679.0,1.379
680.0,1.39
681.0,1.381
682.0,1.38
683.0,1.377
684.0,1.371
685.0,1.382
686.0,1.375
687.0,1.076
688.0,1.18
689.0,1.182
690.0,1.214
691.0,1.249
692.0,1.272
693.0,1.264
694.0,1.255
695.0,1.288
696.0,1.291
697.0,1.344
698.0,1.324
699.0,1.309
700.0,1.294
701.0,1.285
702.0,1.288
703.0,1.291
704.0,1.323
705.0,1.325
706.0,1.32
707.0,1.32
708.0,1.324
709.0,1.32
710.0,1.323
711.0,1.319
712.0,1.313
713.0,1.302
714.0,1.307
715.0,1.272
716.0,1.274
717.0,1.165
718.0,1.084
719.0,1.001
720.0,1.052
721.0,1.122
722.0,1.241
723.0,1.178
724.0,1.087
725.0,1.078
726.0,1.122
727.0,1.126
728.0,1.078
729.0,1.096
730.0,1.158
731.0,1.116
732.0,1.17
733.0,1.216
734.0,1.24
735.0,1.217
736.0,1.215
737.0,1.221
738.0,1.226
739.0,1.203
740.0,1.229
741.0,1.215
742.0,1.214
743.0,1.244
744.0,1.239
745.0,1.238
746.0,1.244
747.0,1.247
748.0,1.244
749.0,1.23
750.0,1.229
751.0,1.217
752.0,1.222
753.0,1.228
754.0,1.231
755.0,1.224
756.0,1.224
757.0,1.226
758.0,1.211
759.0,1.194
760.0,0.3959
761.0,0.2653
762.0,0.7843
763.0,0.5143
764.0,0.6606
765.0,0.7854
766.0,0.8774
767.0,1.026
768.0,1.123
769.0,1.133
770.0,1.157
771.0,1.16
772.0,1.16
773.0,1.168
774.0,1.162
775.0,1.153
776.0,1.167
777.0,1.152
778.0,1.145
779.0,1.146
780.0,1.139
781.0,1.141
782.0,1.148
783.0,1.128
784.0,1.133
785.0,1.125
786.0,1.138
787.0,1.125
788.0,1.114
789.0,1.114
790.0,1.094
791.0,1.095
792.0,1.086
793.0,1.069
794.0,1.078
795.0,1.099
796.0,1.078
797.0,1.079
798.0,1.099
799.0,1.094
800.0,1.079
801.0,1.078
802.0,1.075
803.0,1.068
804.0,1.068
805.0,1.061
806.0,1.086
807.0,1.074
808.0,1.074
809.0,1.059
810.0,1.053
811.0,1.06
812.0,1.039
813.0,1.024
814.0,0.9324
815.0,0.926
816.0,0.8676
817.0,0.879
818.0,0.8533
819.0,0.9256
820.0,0.8832
821.0,0.9944
822.0,0.9725
823.0,0.7243
824.0,0.9566
825.0,0.9799
826.0,0.954
827.0,0.9945
828.0,0.8774
829.0,0.9461
830.0,0.9375
831.0,0.9394
832.0,0.917
833.0,0.9571
834.0,0.9346
835.0,1.003
836.0,0.9747
837.0,1.005
838.0,0.9798
839.0,0.9886
840.0,1.009
841.0,0.9972
842.0,0.9952
843.0,0.9905
844.0,0.9792
845.0,1.009
846.0,1.004
847.0,0.984
848.0,0.9799
849.0,0.9522
850.0,0.912
851.0,0.9677
852.0,0.9601
853.0,0.9226
854.0,0.798
855.0,0.8749
856.0,0.957
857.0,0.9771
858.0,0.9705
859.0,0.9706
860.0,0.9718
861.0,0.9667
862.0,0.9817
863.0,1.005
864.0,0.9547
865.0,0.9462
866.0,0.8508
867.0,0.8879
868.0,0.9662
869.0,0.9461
870.0,0.9731
871.0,0.96
872.0,0.9565
873.0,0.9546
874.0,0.9433
875.0,0.9243
876.0,0.9341
877.0,0.9435
878.0,0.9541
879.0,0.9394
880.0,0.9193
881.0,0.9065
882.0,0.9264
883.0,0.9285
884.0,0.9247
885.0,0.9317
886.0,0.8913
887.0,0.8983
888.0,0.9133
889.0,0.9207
890.0,0.9165
891.0,0.9133
892.0,0.8912
893.0,0.8694
894.0,0.8496
895.0,0.8167
896.0,0.7771
897.0,0.6881
898.0,0.7385
899.0,0.5881
900.0,0.7443
901.0,0.6144
902.0,0.6876
903.0,0.7047
904.0,0.8436
905.0,0.8212
906.0,0.7741
907.0,0.6588
908.0,0.6681
909.0,0.7086
910.0,0.6528
911.0,0.6808
912.0,0.7048
913.0,0.6636
914.0,0.6538
915.0,0.7043
916.0,0.6065
917.0,0.7384
918.0,0.622
919.0,0.746
920.0,0.7418
921.0,0.7671
922.0,0.7045
923.0,0.7404
924.0,0.7223
925.0,0.7077
926.0,0.7147
927.0,0.7823
928.0,0.6253
929.0,0.5849
930.0,0.4836
931.0,0.4537
932.0,0.3507
933.0,0.2995
934.0,0.1947
935.0,0.2946
936.0,0.2028
937.0,0.2089
938.0,0.2488
939.0,0.4398
940.0,0.5126
941.0,0.4098
942.0,0.4589
943.0,0.3204
944.0,0.3221
945.0,0.4189
946.0,0.2387
947.0,0.4268
948.0,0.3188
949.0,0.5455
950.0,0.1939
951.0,0.533
952.0,0.3209
953.0,0.3919
954.0,0.4561
955.0,0.3935
956.0,0.3738
957.0,0.325
958.0,0.4928
959.0,0.4168
960.0,0.4657
961.0,0.5038
962.0,0.4798
963.0,0.5363
964.0,0.4974
965.0,0.5319
966.0,0.5364
967.0,0.5354
968.0,0.6632
969.0,0.6952
970.0,0.6471
971.0,0.717
972.0,0.6904
973.0,0.6248
974.0,0.5972
975.0,0.6102
976.0,0.5916
977.0,0.6492
978.0,0.6268
979.0,0.6484
980.0,0.6153
981.0,0.7119
982.0,0.689
983.0,0.6667
984.0,0.7244
985.0,0.6861
986.0,0.7318
987.0,0.723
988.0,0.7218
989.0,0.7264
990.0,0.7168
991.0,0.7293
992.0,0.7329
993.0,0.7221
994.0,0.7322
995.0,0.7305
996.0,0.7281
997.0,0.7288
998.0,0.7257
999.0,0.7228
1000.0,0.7191
1001.0,0.7266
1002.0,0.7121
1003.0,0.7141
1004.0,0.6981
1005.0,0.6706
1006.0,0.6978
1007.0,0.7121
1008.0,0.7093
1009.0,0.7066
1010.0,0.7042
1011.0,0.7084
1012.0,0.7034
1013.0,0.7064
1014.0,0.7015
1015.0,0.6971
1016.0,0.6941
1017.0,0.696
1018.0,0.6928
1019.0,0.6801
1020.0,0.6895
1021.0,0.6882
1022.0,0.6837
1023.0,0.6911
1024.0,0.6843
1025.0,0.6899
1026.0,0.6875
1027.0,0.6858
1028.0,0.6846
1029.0,0.6767
1030.0,0.6806
1031.0,0.6782
1032.0,0.676
1033.0,0.6659
1034.0,0.6659
1035.0,0.668
1036.0,0.6717
1037.0,0.6607
1038.0,0.6637
1039.0,0.6635
1040.0,0.6608
1041.0,0.6637
1042.0,0.6591
1043.0,0.6571
1044.0,0.6596
1045.0,0.6508
1046.0,0.6437
1047.0,0.6497
1048.0,0.6534
1049.0,0.6512
1050.0,0.6484
1051.0,0.6478
1052.0,0.6453
1053.0,0.6405
1054.0,0.6421
1055.0,0.6428
1056.0,0.6409
1057.0,0.6392
1058.0,0.6238
1059.0,0.6248
1060.0,0.624
1061.0,0.6235
1062.0,0.6271
1063.0,0.6212
1064.0,0.6285
1065.0,0.6247
1066.0,0.6118
1067.0,0.62
1068.0,0.607
1069.0,0.5878
1070.0,0.6084
1071.0,0.6159
1072.0,0.6103
1073.0,0.6012
1074.0,0.6146
1075.0,0.5898
1076.0,0.6145
1077.0,0.6069
1078.0,0.5966
1079.0,0.6038
1080.0,0.5978
1081.0,0.5812
1082.0,0.5856
1083.0,0.5862
1084.0,0.5817
1085.0,0.5985
1086.0,0.5562
1087.0,0.5664
1088.0,0.5868
1089.0,0.5743
1090.0,0.566
1091.0,0.5865
1092.0,0.5837
1093.0,0.5129
1094.0,0.5362
1095.0,0.5312
1096.0,0.5142
1097.0,0.5699
1098.0,0.5078
1099.0,0.5268
1100.0,0.4985
1101.0,0.5021
1102.0,0.4844
1103.0,0.4834
1104.0,0.4836
1105.0,0.5167
1106.0,0.4269
1107.0,0.4969
1108.0,0.4406
1109.0,0.4377
1110.0,0.4947
1111.0,0.3624
1112.0,0.4329
1113.0,0.3044
1114.0,0.336
1115.0,0.2795
1116.0,0.2417
1117.0,0.1114
1118.0,0.2552
1119.0,0.1439
1120.0,0.1807
1121.0,0.2284
1122.0,0.1114
1123.0,0.1629
1124.0,0.1377
1125.0,0.1755
1126.0,0.07669
1127.0,0.1966
1128.0,0.1341
1129.0,0.1393
1130.0,0.1004
1131.0,0.3351
1132.0,0.2701
1133.0,0.1908
1134.0,0.06296
1135.0,0.02316
1136.0,0.1663
1137.0,0.3339
1138.0,0.2407
1139.0,0.3238
1140.0,0.284
1141.0,0.2288
1142.0,0.2553
1143.0,0.3478
1144.0,0.1409
1145.0,0.1833
1146.0,0.1979
1147.0,0.08642
1148.0,0.3014
1149.0,0.252
1150.0,0.1515
1151.0,0.2392
1152.0,0.2812
1153.0,0.2646
1154.0,0.1822
1155.0,0.3383
1156.0,0.3113
1157.0,0.3404
1158.0,0.336
1159.0,0.3533
1160.0,0.3137
1161.0,0.3663
1162.0,0.3695
1163.0,0.4666
1164.0,0.4123
1165.0,0.3995
1166.0,0.39
1167.0,0.4185
1168.0,0.4251
1169.0,0.4308
1170.0,0.4593
1171.0,0.4496
1172.0,0.4528
1173.0,0.4583
1174.0,0.3536
1175.0,0.4443
1176.0,0.4767
1177.0,0.465
1178.0,0.3693
1179.0,0.48
1180.0,0.4417
1181.0,0.4542
1182.0,0.3352
1183.0,0.4442
1184.0,0.4235
1185.0,0.4145
1186.0,0.4713
1187.0,0.455
1188.0,0.3421
1189.0,0.4255
1190.0,0.4607
1191.0,0.4474
1192.0,0.4659
1193.0,0.4503
1194.0,0.4615
1195.0,0.4435
1196.0,0.4318
1197.0,0.4576
1198.0,0.4249
1199.0,0.378
1200.0,0.4453
1201.0,0.435
1202.0,0.4296
1203.0,0.4257
1204.0,0.3824
1205.0,0.4346
1206.0,0.4705
1207.0,0.4299
1208.0,0.4182
1209.0,0.4256
1210.0,0.4396
1211.0,0.4251
1212.0,0.4264
1213.0,0.4584
1214.0,0.4332
1215.0,0.4268
1216.0,0.4567
1217.0,0.4478
1218.0,0.4533
1219.0,0.4491
1220.0,0.4534
1221.0,0.4562
1222.0,0.4464
1223.0,0.4434
1224.0,0.4428
1225.0,0.4533
1226.0,0.4545
1227.0,0.4273
1228.0,0.4552
1229.0,0.4544
1230.0,0.4482
1231.0,0.4561
1232.0,0.4535
1233.0,0.4441
1234.0,0.4544
1235.0,0.4524
1236.0,0.455
1237.0,0.4511
1238.0,0.4535
1239.0,0.4477
1240.0,0.4491
1241.0,0.4485
1242.0,0.4462
1243.0,0.4425
1244.0,0.4461
1245.0,0.4477
1246.0,0.445
1247.0,0.4437
1248.0,0.4442
1249.0,0.4449
1250.0,0.4427
1251.0,0.4379
1252.0,0.4368
1253.0,0.4354
1254.0,0.4327
1255.0,0.437
1256.0,0.4286
1257.0,0.4271
1258.0,0.4319
1259.0,0.4224
1260.0,0.4239
1261.0,0.4079
1262.0,0.3998
1263.0,0.4008
1264.0,0.3798
1265.0,0.3981
1266.0,0.3888
1267.0,0.3917
1268.0,0.3779
1269.0,0.2809
1270.0,0.3918
1271.0,0.4056
1272.0,0.406
1273.0,0.4026
1274.0,0.4027
1275.0,0.4071
1276.0,0.4095
1277.0,0.4105
1278.0,0.4151
1279.0,0.4117
1280.0,0.4063
1281.0,0.3863
1282.0,0.3698
1283.0,0.3987
1284.0,0.4088
1285.0,0.4111
1286.0,0.4153
1287.0,0.4114
1288.0,0.4107
1289.0,0.4025
1290.0,0.4067
1291.0,0.4115
1292.0,0.3957
1293.0,0.4058
1294.0,0.4035
1295.0,0.4036
1296.0,0.3914
1297.0,0.3753
1298.0,0.3942
1299.0,0.4055
1300.0,0.3603
1301.0,0.3677
1302.0,0.3926
1303.0,0.3537
1304.0,0.3181
1305.0,0.386
1306.0,0.3868
1307.0,0.3194
1308.0,0.3518
1309.0,0.3849
1310.0,0.314
1311.0,0.341
1312.0,0.3344
1313.0,0.3303
1314.0,0.3018
1315.0,0.3014
1316.0,0.3382
1317.0,0.3223
1318.0,0.3435
1319.0,0.2885
1320.0,0.2752
1321.0,0.3135
1322.0,0.3193
1323.0,0.2572
1324.0,0.2829
1325.0,0.3341
1326.0,0.2975
1327.0,0.2865
1328.0,0.2525
1329.0,0.2042
1330.0,0.2579
1331.0,0.1747
1332.0,0.1737
1333.0,0.2359
1334.0,0.1936
1335.0,0.2557
1336.0,0.2113
1337.0,0.1932
1338.0,0.2076
1339.0,0.2045
1340.0,0.1945
1341.0,0.1999
1342.0,0.2094
1343.0,0.1656
1344.0,0.09954
1345.0,0.1392
1346.0,0.08702
1347.0,0.09131
1348.0,0.01091
1349.0,0.03232
1350.0,0.02939
1351.0,0.01215
1352.0,0.005419
1353.0,0.0005437
1354.0,0.001269
1355.0,3.655e-05
1356.0,0.0002839
1357.0,0.0004196
1358.0,4.116e-05
1359.0,1.264e-05
1360.0,2.593e-05
1361.0,2.134e-07
1362.0,1.544e-09
1363.0,4.074e-05
1364.0,1.984e-05
1365.0,1.452e-09
1366.0,0.0001382
1367.0,5.403e-05
1368.0,8.543e-11
1369.0,8.086e-06
1370.0,5.764e-06
1371.0,5.622e-07
1372.0,3.044e-05
1373.0,0.0003129
1374.0,0.000939
1375.0,0.001619
1376.0,0.001122
1377.0,0.0005769
1378.0,0.004272
1379.0,0.0002534
1380.0,0.0004549
1381.0,1.701e-05
1382.0,3.032e-05
1383.0,7.285e-07
1384.0,1.041e-05
1385.0,1.951e-05
1386.0,3.429e-05
1387.0,0.001167
1388.0,2.836e-05
1389.0,0.002586
1390.0,0.002179
1391.0,0.001661
1392.0,0.0001374
1393.0,0.0005573
1394.0,0.0005364
1395.0,7.498e-06
1396.0,2.397e-07
1397.0,0.0002677
1398.0,0.004889
1399.0,0.003158
1400.0,1.678e-07
1401.0,3.569e-07
1402.0,0.005183
1403.0,0.007091
1404.0,0.002274
1405.0,5.056e-06
1406.0,0.00675
1407.0,0.0005988
1408.0,0.005432
1409.0,0.002484
1410.0,0.001758
1411.0,0.006154
1412.0,0.007162
1413.0,0.04399
1414.0,0.00135
1415.0,0.0007646
1416.0,0.05712
1417.0,0.02376
1418.0,0.02664
1419.0,0.004548
1420.0,0.01666
1421.0,0.01901
1422.0,0.07213
1423.0,0.01602
1424.0,0.0284
1425.0,0.04324
1426.0,0.0442
1427.0,0.06935
1428.0,0.01064
1429.0,0.05669
1430.0,0.08499
1431.0,0.09043
1432.0,0.008629
1433.0,0.06201
1434.0,0.03388
1435.0,0.04152
1436.0,0.06726
1437.0,0.05203
1438.0,0.02567
1439.0,0.08571
1440.0,0.06536
1441.0,0.05549
1442.0,0.05958
1443.0,0.06631
1444.0,0.08906
1445.0,0.07601
1446.0,0.03625
1447.0,0.05757
1448.0,0.1451
1449.0,0.1328
1450.0,0.04268
1451.0,0.01923
1452.0,0.08607
1453.0,0.1087
1454.0,0.1648
1455.0,0.08607
1456.0,0.1191
1457.0,0.1462
1458.0,0.16
1459.0,0.191
1460.0,0.1066
1461.0,0.1163
1462.0,0.1599
1463.0,0.05988
1464.0,0.1794
1465.0,0.1102
1466.0,0.08992
1467.0,0.05434
1468.0,0.1023
1469.0,0.1215
1470.0,0.07114
1471.0,0.02862
1472.0,0.06852
1473.0,0.09315
1474.0,0.1213
1475.0,0.2085
1476.0,0.08978
1477.0,0.09293
1478.0,0.08095
1479.0,0.145
1480.0,0.08037
1481.0,0.1402
1482.0,0.07516
1483.0,0.1759
1484.0,0.1598
1485.0,0.1483
1486.0,0.1477
1487.0,0.07894
1488.0,0.1196
1489.0,0.2119
1490.0,0.1942
1491.0,0.2121
1492.0,0.1896
1493.0,0.2038
1494.0,0.2208
1495.0,0.1989
1496.0,0.1883
1497.0,0.2376
1498.0,0.2045
1499.0,0.2335
1500.0,0.2579
1501.0,0.2703
1502.0,0.2312
1503.0,0.2058
1504.0,0.1728
1505.0,0.1996
1506.0,0.2659
1507.0,0.2598
1508.0,0.2477
1509.0,0.2041
1510.0,0.2747
1511.0,0.2689
1512.0,0.2641
1513.0,0.2503
1514.0,0.2383
1515.0,0.2697
1516.0,0.2604
1517.0,0.2579
1518.0,0.2567
1519.0,0.2535
1520.0,0.2666
1521.0,0.2758
1522.0,0.2676
1523.0,0.2794
1524.0,0.2743
1525.0,0.2665
1526.0,0.2698
1527.0,0.2675
1528.0,0.2788
1529.0,0.2674
1530.0,0.2639
1531.0,0.271
1532.0,0.2772
1533.0,0.2763
1534.0,0.2723
1535.0,0.2727
1536.0,0.2764
1537.0,0.2719
1538.0,0.2726
1539.0,0.2691
1540.0,0.2686
1541.0,0.2711
1542.0,0.2697
1543.0,0.2733
1544.0,0.2715
1545.0,0.2749
1546.0,0.2717
1547.0,0.267
1548.0,0.2669
1549.0,0.2687
1550.0,0.2671
1551.0,0.2694
1552.0,0.2683
1553.0,0.2654
1554.0,0.2634
1555.0,0.2638
1556.0,0.2638
1557.0,0.2668
1558.0,0.2654
1559.0,0.2638
1560.0,0.2656
1561.0,0.2674
1562.0,0.2646
1563.0,0.2622
1564.0,0.2635
1565.0,0.2635
1566.0,0.2602
1567.0,0.2605
1568.0,0.258
1569.0,0.2591
1570.0,0.2615
1571.0,0.2634
1572.0,0.2616
1573.0,0.2601
1574.0,0.2511
1575.0,0.2483
1576.0,0.2452
1577.0,0.2391
1578.0,0.2514
1579.0,0.2544
1580.0,0.2561
1581.0,0.2523
1582.0,0.2469
1583.0,0.2484
1584.0,0.2515
1585.0,0.2539
1586.0,0.2513
1587.0,0.2471
1588.0,0.239
1589.0,0.2315
1590.0,0.2371
1591.0,0.2427
1592.0,0.2505
1593.0,0.2537
1594.0,0.2538
1595.0,0.2501
1596.0,0.2429
1597.0,0.2497
1598.0,0.2522
1599.0,0.2494
1600.0,0.2475
1601.0,0.2443
1602.0,0.2455
1603.0,0.2472
1604.0,0.2454
1605.0,0.2452
1606.0,0.2424
1607.0,0.2446
1608.0,0.245
1609.0,0.2381
1610.0,0.2332
1611.0,0.2374
1612.0,0.2398
1613.0,0.2407
1614.0,0.2404
1615.0,0.2349
1616.0,0.2313
1617.0,0.2362
1618.0,0.2399
1619.0,0.236
1620.0,0.2304
1621.0,0.2332
1622.0,0.2369
1623.0,0.2403
1624.0,0.2378
1625.0,0.2369
1626.0,0.2376
1627.0,0.2392
1628.0,0.2389
1629.0,0.2365
1630.0,0.2353
1631.0,0.2346
1632.0,0.2338
1633.0,0.2281
1634.0,0.2315
1635.0,0.2302
1636.0,0.227
1637.0,0.224
1638.0,0.2141
1639.0,0.2194
1640.0,0.214
1641.0,0.2181
1642.0,0.2216
1643.0,0.2148
1644.0,0.2213
1645.0,0.2183
1646.0,0.2161
1647.0,0.225
1648.0,0.2151
1649.0,0.2207
1650.0,0.2219
1651.0,0.2122
1652.0,0.2209
1653.0,0.2221
1654.0,0.2149
1655.0,0.2222
1656.0,0.2204
1657.0,0.2211
1658.0,0.2225
1659.0,0.2212
1660.0,0.2231
1661.0,0.2225
1662.0,0.2181
1663.0,0.2206
1664.0,0.2193
1665.0,0.2113
1666.0,0.187
1667.0,0.2093
1668.0,0.213
1669.0,0.2151
1670.0,0.2177
1671.0,0.2123
1672.0,0.209
1673.0,0.2136
1674.0,0.2107
1675.0,0.2071
1676.0,0.2081
1677.0,0.2086
1678.0,0.2043
1679.0,0.2054
1680.0,0.1975
1681.0,0.1931
1682.0,0.2016
1683.0,0.206
1684.0,0.1981
1685.0,0.2084
1686.0,0.2079
1687.0,0.2031
1688.0,0.2071
1689.0,0.2049
1690.0,0.2053
1691.0,0.1944
1692.0,0.2054
1693.0,0.2089
1694.0,0.2039
1695.0,0.2072
1696.0,0.2068
1697.0,0.1855
1698.0,0.2056
1699.0,0.2031
1700.0,0.199
1702.0,0.2007
1705.0,0.1969
1710.0,0.1885
1715.0,0.1886
1720.0,0.186
1725.0,0.1774
1730.0,0.1749
1735.0,0.1637
1740.0,0.1665
1745.0,0.1582
1750.0,0.1674
1755.0,0.1566
1760.0,0.1621
1765.0,0.1377
1770.0,0.1471
1775.0,0.1238
1780.0,0.1094
1785.0,0.08796
1790.0,0.1002
1795.0,0.06067
1800.0,0.04052
1805.0,0.02346
1810.0,0.01565
1815.0,0.00741
1820.0,0.002664
1825.0,0.003424
1830.0,4.05e-05
1835.0,3.603e-05
1840.0,8.866e-07
1845.0,6.51e-05
1850.0,3.392e-05
1855.0,3.595e-06
1860.0,6.7e-05
1865.0,0.0001149
1870.0,1.358e-08
1875.0,2.143e-08
1880.0,0.0003643
1885.0,0.0002278
1890.0,0.0009676
1895.0,0.0005644
1900.0,8.701e-06
1905.0,5.416e-06
1910.0,0.0001492
1915.0,0.0001042
1920.0,0.001596
1925.0,0.002583
1930.0,0.001623
1935.0,0.00743
1940.0,0.006159
1945.0,0.01876
1950.0,0.03152
1955.0,0.03086
1960.0,0.0443
1965.0,0.05908
1970.0,0.07632
1975.0,0.08405
1980.0,0.08352
1985.0,0.088
1990.0,0.0906
1995.0,0.09384
2000.0,0.09762
2005.0,0.08613
2010.0,0.112
2015.0,0.09488
2020.0,0.09929
2025.0,0.1049
2030.0,0.09899
2035.0,0.1044
2040.0,0.1014
2045.0,0.1038
2050.0,0.1042
2055.0,0.1012
2060.0,0.09854
2065.0,0.09946
2070.0,0.09866
2075.0,0.09993
2080.0,0.09764
2085.0,0.09701
2090.0,0.09739
2095.0,0.09496
2100.0,0.09073
2105.0,0.09549
2110.0,0.0925
2115.0,0.09367
2120.0,0.08942
2125.0,0.09001
2130.0,0.09056
2135.0,0.09071
2140.0,0.09109
2145.0,0.09021
2150.0,0.08639
2155.0,0.08614
2160.0,0.08501
2165.0,0.07816
2170.0,0.08234
2175.0,0.08145
2180.0,0.08259
2185.0,0.07628
2190.0,0.08031
2195.0,0.07979
2200.0,0.07336
2205.0,0.07518
2210.0,0.07924
2215.0,0.07687
2220.0,0.07789
2225.0,0.07598
2230.0,0.07619
2235.0,0.07476
2240.0,0.07391
2245.0,0.07197
2250.0,0.07277
2255.0,0.06943
2260.0,0.06864
2265.0,0.06955
2270.0,0.06686
2275.0,0.06604
2280.0,0.06756
2285.0,0.06471
2290.0,0.0646
2295.0,0.06297
2300.0,0.06091
2305.0,0.06116
2310.0,0.06466
2315.0,0.05995
2320.0,0.05452
2325.0,0.05805
2330.0,0.05849
2335.0,0.05924
2340.0,0.04931
2345.0,0.05395
2350.0,0.04472
2355.0,0.0503
2360.0,0.0525
2365.0,0.0514
2370.0,0.03531
2375.0,0.04707
2380.0,0.04499
2385.0,0.03478
2390.0,0.0396
2395.0,0.04292
2400.0,0.04604
2405.0,0.03658
2410.0,0.03691
2415.0,0.0309
2420.0,0.02956
2425.0,0.03615
2430.0,0.04678
2435.0,0.01798
2440.0,0.04531
2445.0,0.02428
2450.0,0.01696
2455.0,0.02829
2460.0,0.03665
2465.0,0.02801
2470.0,0.02092
2475.0,0.02084
2480.0,0.0114
2485.0,0.008717
2490.0,0.006124
2495.0,0.005315
2500.0,0.01101
2505.0,0.002738
2510.0,0.003923
2515.0,0.001152
2520.0,0.00119
2525.0,0.0001454
2530.0,8.31e-06
2535.0,3.288e-06
2540.0,5.733e-06
2545.0,2.994e-09
2550.0,2.896e-11
2555.0,5.127e-08
2560.0,1.671e-09
2565.0,4.114e-12
2570.0,3.462e-15
2575.0,2.3639999999999996e-22
2580.0,9.508e-18
2585.0,1.461e-27
2590.0,1.209e-24
2595.0,4.613e-28
2600.0,2.643e-22
2605.0,7.11e-29
2610.0,3.998e-27
2615.0,3.1350000000000002e-30
2620.0,6.678e-24
2625.0,3.3909999999999997e-22
2630.0,5.689e-36
2635.0,2.661e-13
2640.0,1.319e-13
2645.0,3.074e-15
2650.0,9.942e-16
2655.0,4.779e-22
2660.0,1.132e-20
2665.0,0.0
2670.0,5.605e-45
2675.0,0.0
2680.0,9.559e-20
2685.0,1.8170000000000002e-20
2690.0,3.825e-19
2695.0,4.781e-22
2700.0,5.07e-18
2705.0,6.195e-16
2710.0,3.925e-21
2715.0,6.176e-18
2720.0,1.336e-34
2725.0,1.572e-17
2730.0,2.11e-14
2735.0,2.334e-16
2740.0,1.1250000000000001e-21
2745.0,2.798e-17
2750.0,1.635e-16
2755.0,4.638e-18
2760.0,6.106e-14
2765.0,5.454e-19
2770.0,9.372e-17
2775.0,4.356e-14
2780.0,8.987e-13
2785.0,7.178e-13
2790.0,2.999e-10
2795.0,1.981e-10
2800.0,2.009e-08
2805.0,3.977e-10
2810.0,5.338e-07
2815.0,1.736e-07
2820.0,5.636e-09
2825.0,9.083e-06
2830.0,7.208e-05
2835.0,1.755e-08
2840.0,4.393e-06
2845.0,0.0003216
2850.0,1.783e-05
2855.0,4.344e-06
2860.0,0.0001479
2865.0,0.0006779
2870.0,4.938e-05
2875.0,0.001187
2880.0,0.0006764
2885.0,0.001245
2890.0,0.0004892
2895.0,0.00465
2900.0,0.001615
2905.0,0.0003175
2910.0,0.004566
2915.0,0.002461
2920.0,0.004764
2925.0,0.001984
2930.0,0.008606
2935.0,0.009377
2940.0,0.002982
2945.0,0.002714
2950.0,0.007865
2955.0,0.003544
2960.0,0.006921
2965.0,0.01017
2970.0,0.0007141
2975.0,0.00167
2980.0,0.002557
2985.0,0.009765
2990.0,0.01302
2995.0,0.006367
3000.0,0.01034
3005.0,0.00451
3010.0,0.009112
3015.0,0.00798
3020.0,0.001358
3025.0,0.009835
3030.0,0.008167
3035.0,0.003745
3040.0,0.003219
3045.0,0.006196
3050.0,0.001819
3055.0,0.0006573
3060.0,0.008283
3065.0,0.004488
3070.0,0.003017
3075.0,0.007968
3080.0,0.005057
3085.0,0.002982
3090.0,0.003904
3095.0,0.001331
3100.0,0.006122
3105.0,0.001612
3110.0,0.00167
3115.0,0.003592
3120.0,0.01247
3125.0,0.004374
3130.0,0.007387
3135.0,0.01397
3140.0,0.004792
3145.0,0.004607
3150.0,0.008772
3155.0,0.007414
3160.0,0.01158
3165.0,0.01596
3170.0,0.01446
3175.0,0.01128
3180.0,0.01243
3185.0,0.01045
3190.0,0.005633
3195.0,0.004348
3200.0,0.000918
3205.0,0.0007302
3210.0,0.0003634
3215.0,0.001104
3220.0,0.002775
3225.0,0.0004288
3230.0,0.0007233
3235.0,0.009295
3240.0,0.00552
3245.0,0.00124
3250.0,0.003747
3255.0,0.01189
3260.0,0.002073
3265.0,0.003651
3270.0,0.002077
3275.0,0.007741
3280.0,0.004109
3285.0,0.01274
3290.0,0.01053
3295.0,0.001925
3300.0,0.00255
3305.0,0.005397
3310.0,0.005496
3315.0,8.08e-05
3320.0,0.0001868
3325.0,0.005137
3330.0,0.005772
3335.0,0.01084
3340.0,0.004633
3345.0,0.004862
3350.0,0.009613
3355.0,0.005116
3360.0,0.006722
3365.0,0.008613
3370.0,0.005498
3375.0,0.01002
3380.0,0.006793
3385.0,0.008999
3390.0,0.01143
3395.0,0.01094
3400.0,0.01351
3405.0,0.005981
3410.0,0.008459
3415.0,0.008842
3420.0,0.01405
3425.0,0.01139
3430.0,0.01022
3435.0,0.01262
3440.0,0.009623
3445.0,0.01242
3450.0,0.01231
3455.0,0.009658
3460.0,0.01338
3465.0,0.01107
3470.0,0.01307
3475.0,0.012
3480.0,0.01223
3485.0,0.0129
3490.0,0.0115
3495.0,0.01297
3500.0,0.0127
3505.0,0.01261
3510.0,0.01273
3515.0,0.0123
3520.0,0.01278
3525.0,0.01216
3530.0,0.01193
3535.0,0.01046
3540.0,0.01009
3545.0,0.01052
3550.0,0.01132
3555.0,0.01006
3560.0,0.0115
3565.0,0.01151
3570.0,0.009361
3575.0,0.009689
3580.0,0.01091
3585.0,0.01006
3590.0,0.0103
3595.0,0.01039
3600.0,0.0109
3605.0,0.01099
3610.0,0.01027
3615.0,0.01017
3620.0,0.01197
3625.0,0.01081
3630.0,0.01056
3635.0,0.01083
3640.0,0.01177
3645.0,0.01102
3650.0,0.0106
3655.0,0.01125
3660.0,0.01121
3665.0,0.01067
3670.0,0.008664
3675.0,0.005888
3680.0,0.009009
3685.0,0.009932
3690.0,0.01019
3695.0,0.01041
3700.0,0.01096
3705.0,0.01086
3710.0,0.009766
3715.0,0.009624
3720.0,0.0106
3725.0,0.01082
3730.0,0.009667
3735.0,0.008993
3740.0,0.009127
3745.0,0.01029
3750.0,0.00955
3755.0,0.009323
3760.0,0.009301
3765.0,0.008995
3770.0,0.009462
3775.0,0.009357
3780.0,0.009804
3785.0,0.00919
3790.0,0.008291
3795.0,0.009183
3800.0,0.01004
3805.0,0.009567
3810.0,0.008742
3815.0,0.008265
3820.0,0.00982
3825.0,0.009671
3830.0,0.009759
3835.0,0.008208
3840.0,0.009269
3845.0,0.009099
3850.0,0.00914
3855.0,0.008835
3860.0,0.008408
3865.0,0.008443
3870.0,0.007861
3875.0,0.00735
3880.0,0.007165
3885.0,0.007326
3890.0,0.0074
3895.0,0.007895
3900.0,0.008234
3905.0,0.008211
3910.0,0.007586
3915.0,0.007442
3920.0,0.007423
3925.0,0.007326
3930.0,0.007493
3935.0,0.007707
3940.0,0.00777
3945.0,0.007849
3950.0,0.007912
3955.0,0.007958
3960.0,0.008003
3965.0,0.008047
3970.0,0.007974
3975.0,0.007815
3980.0,0.007725
3985.0,0.007723
3990.0,0.007637
3995.0,0.007505
4000.0,0.007228
