interpolation:linear
wavelength,value
280.0,1.0939999999999999e-23
280.5,3.4949999999999997e-22
281.0,1.889e-21
281.5,5.858000000000001e-20
282.0,4.649e-19
282.5,1.779e-18
283.0,7.828e-18
283.5,1.474e-17
284.0,3.709e-16
284.5,1.265e-15
285.0,2.928e-15
285.5,2.217e-14
286.0,1.034e-13
286.5,5.852e-13
287.0,1.949e-12
287.5,8.813e-12
288.0,3.9e-11
288.5,1.534e-10
289.0,5.083e-10
289.5,1.867e-09
290.0,5.99e-09
290.5,1.372e-08
291.0,3.329e-08
291.5,1.092e-07
292.0,2.762e-07
292.5,4.151e-07
293.0,9.606e-07
293.5,2.553e-06
294.0,4.279e-06
294.5,7.534e-06
295.0,1.326e-05
295.5,3.207e-05
296.0,5.765e-05
296.5,7.503e-05
297.0,9.569e-05
297.5,0.0002337
298.0,0.0003399
298.5,0.0003213
299.0,0.0006659
299.5,0.0009847
300.0,0.001018
300.5,0.001381
301.0,0.002237
301.5,0.003224
302.0,0.00263
302.5,0.004926
303.0,0.008362
303.5,0.01016
304.0,0.009303
304.5,0.01283
305.0,0.01739
305.5,0.0186
306.0,0.0176
306.5,0.02103
307.0,0.02829
307.5,0.03428
308.0,0.03585
308.5,0.04059
309.0,0.03599
309.5,0.0396
310.0,0.03913
310.5,0.06302
311.0,0.07798
311.5,0.07503
312.0,0.07205
312.5,0.08539
313.0,0.09155
313.5,0.09082
314.0,0.1097
314.5,0.09258
315.0,0.1211
315.5,0.1046
316.0,0.08775
316.5,0.1216
317.0,0.1519
317.5,0.1607
318.0,0.1225
318.5,0.1447
319.0,0.1678
319.5,0.1437
320.0,0.1756
320.5,0.2087
321.0,0.1773
321.5,0.1699
322.0,0.1923
322.5,0.1675
323.0,0.1616
323.5,0.1875
324.0,0.2184
324.5,0.2265
325.0,0.2057
325.5,0.2579
326.0,0.3051
326.5,0.3001
327.0,0.3029
327.5,0.2968
328.0,0.2733
328.5,0.2784
329.0,0.3255
329.5,0.3679
330.0,0.3752
330.5,0.3081
331.0,0.3175
331.5,0.3188
332.0,0.3378
332.5,0.3319
333.0,0.3344
333.5,0.3092
334.0,0.3188
334.5,0.3621
335.0,0.3377
335.5,0.384
336.0,0.2666
336.5,0.325
337.0,0.2698
337.5,0.3378
338.0,0.3258
338.5,0.3683
339.0,0.3678
339.5,0.3537
340.0,0.4266
340.5,0.3853
341.0,0.3701
341.5,0.3439
342.0,0.4132
342.5,0.3886
343.0,0.4269
343.5,0.402
344.0,0.3022
344.5,0.2996
345.0,0.4021
345.5,0.4131
346.0,0.3529
346.5,0.4013
347.0,0.4308
347.5,0.3489
348.0,0.4006
348.5,0.4024
349.0,0.3747
349.5,0.3719
350.0,0.4614
350.5,0.4881
351.0,0.4367
351.5,0.4236
352.0,0.4577
352.5,0.359
353.0,0.4538
353.5,0.487
354.0,0.5072
354.5,0.5159
355.0,0.5155
355.5,0.467
356.0,0.49
356.5,0.4196
357.0,0.3477
357.5,0.4269
358.0,0.3393
358.5,0.2908
359.0,0.4078
359.5,0.5208
360.0,0.5537
360.5,0.4438
361.0,0.4056
361.5,0.4681
362.0,0.4056
362.5,0.5625
363.0,0.5063
363.5,0.4673
364.0,0.5728
364.5,0.4908
365.0,0.501
365.5,0.6303
366.0,0.6692
366.5,0.6302
367.0,0.6151
367.5,0.6398
368.0,0.5611
368.5,0.5674
369.0,0.6141
369.5,0.6561
370.0,0.7009
370.5,0.5451
371.0,0.5837
371.5,0.7319
372.0,0.4869
372.5,0.585
373.0,0.5962
373.5,0.3887
374.0,0.566
374.5,0.4696
375.0,0.4575
375.5,0.6845
376.0,0.5687
376.5,0.5906
377.0,0.6265
377.5,0.7343
378.0,0.7977
378.5,0.7557
379.0,0.6251
379.5,0.5723
380.0,0.5963
380.5,0.7237
381.0,0.7265
381.5,0.5769
382.0,0.5133
382.5,0.4383
383.0,0.4066
383.5,0.3923
384.0,0.4335
384.5,0.6388
385.0,0.6346
385.5,0.592
386.0,0.5079
386.5,0.6683
387.0,0.5564
387.5,0.6261
388.0,0.5791
388.5,0.5734
389.0,0.6201
389.5,0.7523
390.0,0.7563
390.5,0.6973
391.0,0.8221
391.5,0.8401
392.0,0.7088
392.5,0.6356
393.0,0.3542
393.5,0.2579
394.0,0.5255
394.5,0.6692
395.0,0.8179
395.5,0.8322
396.0,0.7227
396.5,0.4231
397.0,0.318
397.5,0.6477
398.0,0.9087
398.5,0.9407
399.0,1.02
399.5,1.018
400.0,1.059
401.0,1.09
402.0,1.153
403.0,1.098
404.0,1.084
405.0,1.087
406.0,1.072
407.0,1.057
408.0,1.102
409.0,1.182
410.0,1.035
411.0,1.124
412.0,1.21
413.0,1.183
414.0,1.2
415.0,1.205
416.0,1.229
417.0,1.202
418.0,1.182
419.0,1.2
420.0,1.198
421.0,1.256
422.0,1.196
423.0,1.171
424.0,1.241
425.0,1.242
426.0,1.211
427.0,1.191
428.0,1.162
429.0,1.103
430.0,0.9667
431.0,0.9604
432.0,1.242
433.0,1.251
434.0,1.164
435.0,1.218
436.0,1.374
437.0,1.357
438.0,1.238
439.0,1.283
440.0,1.326
441.0,1.376
442.0,1.478
443.0,1.443
444.0,1.476
445.0,1.447
446.0,1.382
447.0,1.496
448.0,1.523
449.0,1.53
450.0,1.575
451.0,1.636
452.0,1.579
453.0,1.487
454.0,1.554
455.0,1.566
456.0,1.605
457.0,1.634
458.0,1.582
459.0,1.575
460.0,1.582
461.0,1.621
462.0,1.635
463.0,1.626
464.0,1.6
465.0,1.581
466.0,1.597
467.0,1.571
468.0,1.592
469.0,1.602
470.0,1.553
471.0,1.553
472.0,1.639
473.0,1.62
474.0,1.625
475.0,1.642
476.0,1.596
477.0,1.603
478.0,1.65
479.0,1.641
480.0,1.645
481.0,1.677
482.0,1.686
483.0,1.667
484.0,1.634
485.0,1.558
486.0,1.363
487.0,1.429
488.0,1.569
489.0,1.577
490.0,1.66
491.0,1.632
492.0,1.543
493.0,1.595
494.0,1.612
495.0,1.628
496.0,1.639
497.0,1.666
498.0,1.59
499.0,1.612
500.0,1.568
501.0,1.541
502.0,1.522
503.0,1.588
504.0,1.553
505.0,1.607
506.0,1.66
507.0,1.581
508.0,1.532
509.0,1.575
510.0,1.567
511.0,1.609
512.0,1.628
513.0,1.542
514.0,1.532
515.0,1.518
516.0,1.516
517.0,1.347
518.0,1.418
519.0,1.488
520.0,1.544
521.0,1.56
522.0,1.563
523.0,1.536
524.0,1.593
525.0,1.614
526.0,1.543
527.0,1.456
528.0,1.542
529.0,1.627
530.0,1.605
531.0,1.631
532.0,1.576
533.0,1.531
534.0,1.577
535.0,1.611
536.0,1.627
537.0,1.563
538.0,1.592
539.0,1.579
540.0,1.515
541.0,1.528
542.0,1.577
543.0,1.561
544.0,1.59
545.0,1.585
546.0,1.594
547.0,1.594
548.0,1.575
549.0,1.58
550.0,1.6
551.0,1.581
552.0,1.593
553.0,1.566
554.0,1.604
555.0,1.609
556.0,1.589
557.0,1.541
558.0,1.531
559.0,1.504
560.0,1.524
561.0,1.545
562.0,1.536
563.0,1.579
564.0,1.538
565.0,1.526
566.0,1.505
567.0,1.535
568.0,1.525
569.0,1.494
570.0,1.493
571.0,1.484
572.0,1.523
573.0,1.541
574.0,1.537
575.0,1.51
576.0,1.497
577.0,1.513
578.0,1.49
579.0,1.495
580.0,1.521
581.0,1.527
582.0,1.554
583.0,1.557
584.0,1.57
585.0,1.531
586.0,1.501
587.0,1.536
588.0,1.505
589.0,1.345
590.0,1.406
591.0,1.482
592.0,1.467
593.0,1.485
594.0,1.477
595.0,1.445
596.0,1.494
597.0,1.48
598.0,1.474
599.0,1.475
600.0,1.475
601.0,1.462
602.0,1.452
603.0,1.476
604.0,1.501
605.0,1.493
606.0,1.487
607.0,1.501
608.0,1.484
609.0,1.486
610.0,1.475
611.0,1.483
612.0,1.479
613.0,1.46
614.0,1.44
615.0,1.471
616.0,1.422
617.0,1.419
618.0,1.474
619.0,1.459
620.0,1.469
621.0,1.472
622.0,1.456
623.0,1.435
624.0,1.41
625.0,1.407
626.0,1.429
627.0,1.447
628.0,1.375
629.0,1.422
630.0,1.39
631.0,1.414
632.0,1.396
633.0,1.436
634.0,1.419
635.0,1.441
636.0,1.421
637.0,1.443
638.0,1.456
639.0,1.439
640.0,1.424
641.0,1.423
642.0,1.416
643.0,1.435
644.0,1.43
645.0,1.433
646.0,1.403
647.0,1.393
648.0,1.396
649.0,1.369
650.0,1.368
651.0,1.426
652.0,1.376
653.0,1.408
654.0,1.392
655.0,1.345
656.0,1.189
657.0,1.221
658.0,1.366
659.0,1.375
660.0,1.38
661.0,1.39
662.0,1.395
663.0,1.367
664.0,1.381
665.0,1.381
666.0,1.382
667.0,1.38
668.0,1.38
669.0,1.401
670.0,1.395
671.0,1.394
672.0,1.382
673.0,1.403
674.0,1.398
675.0,1.385
676.0,1.394
677.0,1.381
678.0,1.384
679.0,1.362
680.0,1.373
681.0,1.364
682.0,1.363
683.0,1.36
684.0,1.354
685.0,1.365
686.0,1.358
687.0,1.006
688.0,1.128
689.0,1.131
690.0,1.17
691.0,1.213
692.0,1.242
693.0,1.234
694.0,1.225
695.0,1.263
696.0,1.265
697.0,1.326
698.0,1.306
699.0,1.286
700.0,1.271
701.0,1.261
702.0,1.266
703.0,1.269
704.0,1.303
705.0,1.306
706.0,1.302
707.0,1.303
708.0,1.306
709.0,1.304
710.0,1.306
711.0,1.303
712.0,1.298
713.0,1.287
714.0,1.291
715.0,1.255
716.0,1.257
717.0,1.128
718.0,1.044
719.0,0.9612
720.0,1.009
721.0,1.09
722.0,1.221
723.0,1.15
724.0,1.052
725.0,1.041
726.0,1.087
727.0,1.094
728.0,1.041
729.0,1.066
730.0,1.127
731.0,1.083
732.0,1.144
733.0,1.197
734.0,1.222
735.0,1.199
736.0,1.197
737.0,1.202
738.0,1.212
739.0,1.189
740.0,1.217
741.0,1.203
742.0,1.203
743.0,1.233
744.0,1.229
745.0,1.228
746.0,1.234
747.0,1.237
748.0,1.235
749.0,1.221
750.0,1.22
751.0,1.208
752.0,1.213
753.0,1.219
754.0,1.222
755.0,1.215
756.0,1.215
757.0,1.217
758.0,1.202
759.0,1.183
760.0,0.3101
761.0,0.191
762.0,0.7136
763.0,0.4261
764.0,0.5779
765.0,0.7144
766.0,0.8244
767.0,0.9895
768.0,1.103
769.0,1.117
770.0,1.146
771.0,1.151
772.0,1.152
773.0,1.16
774.0,1.154
775.0,1.145
776.0,1.159
777.0,1.144
778.0,1.138
779.0,1.139
780.0,1.132
781.0,1.134
782.0,1.141
783.0,1.121
784.0,1.126
785.0,1.118
786.0,1.131
787.0,1.115
788.0,1.104
789.0,1.104
790.0,1.081
791.0,1.084
792.0,1.076
793.0,1.059
794.0,1.071
795.0,1.091
796.0,1.066
797.0,1.067
798.0,1.091
799.0,1.085
800.0,1.069
801.0,1.067
802.0,1.064
803.0,1.057
804.0,1.058
805.0,1.052
806.0,1.078
807.0,1.066
808.0,1.067
809.0,1.05
810.0,1.043
811.0,1.048
812.0,1.024
813.0,1.007
814.0,0.9053
815.0,0.8992
816.0,0.8402
817.0,0.853
818.0,0.8256
819.0,0.9058
820.0,0.8599
821.0,0.9819
822.0,0.9578
823.0,0.6894
824.0,0.9379
825.0,0.9665
826.0,0.9369
827.0,0.9812
828.0,0.853
829.0,0.93
830.0,0.9202
831.0,0.9226
832.0,0.8983
833.0,0.9447
834.0,0.9183
835.0,0.994
836.0,0.9607
837.0,0.9964
838.0,0.9694
839.0,0.9806
840.0,1.001
841.0,0.9888
842.0,0.9883
843.0,0.9851
844.0,0.973
845.0,1.004
846.0,0.9991
847.0,0.9797
848.0,0.9749
849.0,0.9473
850.0,0.9075
851.0,0.9622
852.0,0.955
853.0,0.9183
854.0,0.7938
855.0,0.8709
856.0,0.9524
857.0,0.9728
858.0,0.9661
859.0,0.9665
860.0,0.9679
861.0,0.9628
862.0,0.9778
863.0,1.001
864.0,0.951
865.0,0.9426
866.0,0.8476
867.0,0.8846
868.0,0.9626
869.0,0.9427
870.0,0.9696
871.0,0.9564
872.0,0.9531
873.0,0.9512
874.0,0.9399
875.0,0.921
876.0,0.9307
877.0,0.9401
878.0,0.9506
879.0,0.936
880.0,0.916
881.0,0.9029
882.0,0.9226
883.0,0.9251
884.0,0.9211
885.0,0.9281
886.0,0.8867
887.0,0.8946
888.0,0.9088
889.0,0.9174
890.0,0.9119
891.0,0.9093
892.0,0.8858
893.0,0.8617
894.0,0.838
895.0,0.8004
896.0,0.7582
897.0,0.6632
898.0,0.7167
899.0,0.56
900.0,0.7269
901.0,0.5862
902.0,0.6687
903.0,0.6815
904.0,0.8322
905.0,0.8075
906.0,0.7588
907.0,0.6341
908.0,0.6443
909.0,0.6894
910.0,0.6248
911.0,0.657
912.0,0.6832
913.0,0.6348
914.0,0.6269
915.0,0.6778
916.0,0.5788
917.0,0.7174
918.0,0.5938
919.0,0.7268
920.0,0.7269
921.0,0.754
922.0,0.6849
923.0,0.7279
924.0,0.7025
925.0,0.6876
926.0,0.6951
927.0,0.7678
928.0,0.5928
929.0,0.5492
930.0,0.4446
931.0,0.419
932.0,0.3149
933.0,0.2633
934.0,0.16
935.0,0.2634
936.0,0.1742
937.0,0.178
938.0,0.2149
939.0,0.4062
940.0,0.4796
941.0,0.3744
942.0,0.4254
943.0,0.2897
944.0,0.2965
945.0,0.3839
946.0,0.2088
947.0,0.389
948.0,0.2882
949.0,0.5073
950.0,0.1623
951.0,0.4973
952.0,0.2851
953.0,0.3565
954.0,0.4243
955.0,0.3591
956.0,0.3431
957.0,0.2873
958.0,0.4676
959.0,0.3851
960.0,0.4311
961.0,0.4736
962.0,0.4495
963.0,0.5092
964.0,0.4696
965.0,0.5062
966.0,0.5086
967.0,0.5072
968.0,0.6494
969.0,0.6803
970.0,0.6293
971.0,0.7069
972.0,0.6788
973.0,0.6045
974.0,0.5759
975.0,0.5924
976.0,0.5695
977.0,0.6343
978.0,0.6084
979.0,0.6328
980.0,0.5979
981.0,0.7025
982.0,0.6765
983.0,0.6524
984.0,0.7186
985.0,0.6739
986.0,0.7281
987.0,0.7173
988.0,0.716
989.0,0.7241
990.0,0.7115
991.0,0.7267
992.0,0.7305
993.0,0.7176
994.0,0.73
995.0,0.7287
996.0,0.726
997.0,0.7268
998.0,0.7236
999.0,0.7209
1000.0,0.7166
1001.0,0.7247
1002.0,0.708
1003.0,0.7121
1004.0,0.6956
1005.0,0.669
1006.0,0.6957
1007.0,0.7102
1008.0,0.7069
1009.0,0.7038
1010.0,0.7012
1011.0,0.7066
1012.0,0.7011
1013.0,0.7047
1014.0,0.6998
1015.0,0.6953
1016.0,0.6923
1017.0,0.6942
1018.0,0.6912
1019.0,0.6777
1020.0,0.6878
1021.0,0.6867
1022.0,0.6818
1023.0,0.6891
1024.0,0.6815
1025.0,0.6883
1026.0,0.6857
1027.0,0.684
1028.0,0.6827
1029.0,0.6748
1030.0,0.679
1031.0,0.6765
1032.0,0.6744
1033.0,0.6643
1034.0,0.6643
1035.0,0.6664
1036.0,0.67
1037.0,0.6591
1038.0,0.6621
1039.0,0.6618
1040.0,0.6592
1041.0,0.6619
1042.0,0.6573
1043.0,0.6553
1044.0,0.6577
1045.0,0.6489
1046.0,0.6418
1047.0,0.6477
1048.0,0.6514
1049.0,0.6491
1050.0,0.6463
1051.0,0.6455
1052.0,0.643
1053.0,0.6381
1054.0,0.6396
1055.0,0.6402
1056.0,0.6382
1057.0,0.6364
1058.0,0.6209
1059.0,0.6218
1060.0,0.621
1061.0,0.6203
1062.0,0.6238
1063.0,0.6178
1064.0,0.6251
1065.0,0.6211
1066.0,0.6085
1067.0,0.6165
1068.0,0.6033
1069.0,0.5845
1070.0,0.6047
1071.0,0.613
1072.0,0.6068
1073.0,0.5979
1074.0,0.6121
1075.0,0.5849
1076.0,0.6118
1077.0,0.6028
1078.0,0.5922
1079.0,0.6015
1080.0,0.5937
1081.0,0.5762
1082.0,0.5826
1083.0,0.5837
1084.0,0.5758
1085.0,0.5947
1086.0,0.5483
1087.0,0.5618
1088.0,0.5838
1089.0,0.5691
1090.0,0.559
1091.0,0.5828
1092.0,0.5806
1093.0,0.5025
1094.0,0.5325
1095.0,0.5219
1096.0,0.5029
1097.0,0.567
1098.0,0.4961
1099.0,0.5158
1100.0,0.4843
1101.0,0.4889
1102.0,0.4697
1103.0,0.4672
1104.0,0.4676
1105.0,0.5051
1106.0,0.404
1107.0,0.4832
1108.0,0.4203
1109.0,0.419
1110.0,0.4802
1111.0,0.3403
1112.0,0.4149
1113.0,0.2794
1114.0,0.3104
1115.0,0.2579
1116.0,0.2154
1117.0,0.09015
1118.0,0.2307
1119.0,0.123
1120.0,0.155
1121.0,0.2002
1122.0,0.09181
1123.0,0.1398
1124.0,0.1181
1125.0,0.1521
1126.0,0.06051
1127.0,0.1708
1128.0,0.1103
1129.0,0.1157
1130.0,0.07992
1131.0,0.3051
1132.0,0.243
1133.0,0.164
1134.0,0.04842
1135.0,0.01786
1136.0,0.1404
1137.0,0.3025
1138.0,0.2155
1139.0,0.3029
1140.0,0.2602
1141.0,0.2048
1142.0,0.2316
1143.0,0.3212
1144.0,0.1219
1145.0,0.1578
1146.0,0.1704
1147.0,0.06795
1148.0,0.2782
1149.0,0.228
1150.0,0.1307
1151.0,0.214
1152.0,0.2567
1153.0,0.2451
1154.0,0.1548
1155.0,0.3163
1156.0,0.2884
1157.0,0.3185
1158.0,0.3148
1159.0,0.3347
1160.0,0.292
1161.0,0.3489
1162.0,0.3514
1163.0,0.4566
1164.0,0.3984
1165.0,0.3819
1166.0,0.3751
1167.0,0.4051
1168.0,0.4109
1169.0,0.4183
1170.0,0.4494
1171.0,0.439
1172.0,0.444
1173.0,0.4484
1174.0,0.335
1175.0,0.4359
1176.0,0.4721
1177.0,0.4578
1178.0,0.3551
1179.0,0.4757
1180.0,0.4324
1181.0,0.4454
1182.0,0.3196
1183.0,0.4368
1184.0,0.4135
1185.0,0.4025
1186.0,0.4654
1187.0,0.4469
1188.0,0.3261
1189.0,0.4172
1190.0,0.4548
1191.0,0.438
1192.0,0.4604
1193.0,0.4435
1194.0,0.4556
1195.0,0.4352
1196.0,0.4219
1197.0,0.4534
1198.0,0.4183
1199.0,0.3658
1200.0,0.4383
1201.0,0.4261
1202.0,0.4217
1203.0,0.4183
1204.0,0.3715
1205.0,0.4286
1206.0,0.4678
1207.0,0.4216
1208.0,0.412
1209.0,0.4197
1210.0,0.435
1211.0,0.4181
1212.0,0.4173
1213.0,0.4545
1214.0,0.4252
1215.0,0.4182
1216.0,0.4529
1217.0,0.4429
1218.0,0.4494
1219.0,0.4448
1220.0,0.4496
1221.0,0.4531
1222.0,0.4425
1223.0,0.4391
1224.0,0.4378
1225.0,0.4503
1226.0,0.4521
1227.0,0.422
1228.0,0.4533
1229.0,0.4521
1230.0,0.4454
1231.0,0.4549
1232.0,0.4523
1233.0,0.4407
1234.0,0.4537
1235.0,0.4514
1236.0,0.4542
1237.0,0.4495
1238.0,0.4527
1239.0,0.4469
1240.0,0.4484
1241.0,0.4473
1242.0,0.4455
1243.0,0.4418
1244.0,0.4453
1245.0,0.447
1246.0,0.4443
1247.0,0.4429
1248.0,0.4431
1249.0,0.444
1250.0,0.4416
1251.0,0.4366
1252.0,0.4359
1253.0,0.4338
1254.0,0.4305
1255.0,0.4358
1256.0,0.4261
1257.0,0.4243
1258.0,0.4302
1259.0,0.4185
1260.0,0.4202
1261.0,0.4016
1262.0,0.3922
1263.0,0.3931
1264.0,0.369
1265.0,0.3905
1266.0,0.3793
1267.0,0.3835
1268.0,0.3677
1269.0,0.2561
1270.0,0.3831
1271.0,0.3997
1272.0,0.4004
1273.0,0.3967
1274.0,0.3973
1275.0,0.4021
1276.0,0.405
1277.0,0.4066
1278.0,0.4124
1279.0,0.4089
1280.0,0.4036
1281.0,0.3842
1282.0,0.3687
1283.0,0.3974
1284.0,0.4072
1285.0,0.4096
1286.0,0.4143
1287.0,0.4095
1288.0,0.409
1289.0,0.3991
1290.0,0.4052
1291.0,0.4103
1292.0,0.3912
1293.0,0.4038
1294.0,0.4012
1295.0,0.4007
1296.0,0.3863
1297.0,0.3685
1298.0,0.3906
1299.0,0.4037
1300.0,0.3521
1301.0,0.3608
1302.0,0.3892
1303.0,0.3464
1304.0,0.3053
1305.0,0.382
1306.0,0.3826
1307.0,0.3084
1308.0,0.3454
1309.0,0.3804
1310.0,0.303
1311.0,0.3334
1312.0,0.3259
1313.0,0.3212
1314.0,0.291
1315.0,0.2894
1316.0,0.3297
1317.0,0.3135
1318.0,0.3366
1319.0,0.2749
1320.0,0.2638
1321.0,0.3032
1322.0,0.3079
1323.0,0.2415
1324.0,0.2696
1325.0,0.3256
1326.0,0.2856
1327.0,0.274
1328.0,0.2394
1329.0,0.1881
1330.0,0.2406
1331.0,0.1556
1332.0,0.157
1333.0,0.2158
1334.0,0.1787
1335.0,0.2405
1336.0,0.1953
1337.0,0.1759
1338.0,0.1898
1339.0,0.1877
1340.0,0.18
1341.0,0.1816
1342.0,0.1903
1343.0,0.1418
1344.0,0.08462
1345.0,0.1204
1346.0,0.06883
1347.0,0.07149
1348.0,0.006647
1349.0,0.02141
1350.0,0.0206
1351.0,0.006885
1352.0,0.002562
1353.0,0.0001937
1354.0,0.0005258
1355.0,9.157e-06
1356.0,9.794e-05
1357.0,0.0001471
1358.0,1.052e-05
1359.0,2.314e-06
1360.0,5.872e-06
1361.0,2.218e-08
1362.0,1.064e-10
1363.0,9.021e-06
1364.0,4.008e-06
1365.0,7.01e-11
1366.0,3.383e-05
1367.0,1.306e-05
1368.0,1.93e-12
1369.0,1.565e-06
1370.0,9.739e-07
1371.0,7.587e-08
1372.0,7.238e-06
1373.0,9.785e-05
1374.0,0.0003488
1375.0,0.0006257
1376.0,0.0004674
1377.0,0.0002286
1378.0,0.001932
1379.0,9.793e-05
1380.0,0.0001634
1381.0,5.179e-06
1382.0,6.961e-06
1383.0,1.35e-07
1384.0,1.931e-06
1385.0,5.121e-06
1386.0,7.248e-06
1387.0,0.0004128
1388.0,8.788e-06
1389.0,0.001066
1390.0,0.000912
1391.0,0.0006531
1392.0,4.796e-05
1393.0,0.000218
1394.0,0.0001682
1395.0,1.764e-06
1396.0,2.73e-08
1397.0,9.703e-05
1398.0,0.002212
1399.0,0.001407
1400.0,1.602e-08
1401.0,4.376e-08
1402.0,0.002795
1403.0,0.003725
1404.0,0.001169
1405.0,1.052e-06
1406.0,0.003348
1407.0,0.000286
1408.0,0.0027
1409.0,0.0011
1410.0,0.0007982
1411.0,0.003243
1412.0,0.003991
1413.0,0.03055
1414.0,0.0006173
1415.0,0.0003267
1416.0,0.04329
1417.0,0.01564
1418.0,0.01789
1419.0,0.002916
1420.0,0.01107
1421.0,0.01218
1422.0,0.05569
1423.0,0.01152
1424.0,0.02098
1425.0,0.03164
1426.0,0.03374
1427.0,0.05692
1428.0,0.006404
1429.0,0.04476
1430.0,0.07091
1431.0,0.07655
1432.0,0.00512
1433.0,0.05064
1434.0,0.02675
1435.0,0.03007
1436.0,0.05265
1437.0,0.04042
1438.0,0.01859
1439.0,0.06921
1440.0,0.05219
1441.0,0.04227
1442.0,0.04627
1443.0,0.05432
1444.0,0.07371
1445.0,0.06065
1446.0,0.02822
1447.0,0.04443
1448.0,0.1284
1449.0,0.1145
1450.0,0.03286
1451.0,0.014
1452.0,0.07177
1453.0,0.09244
1454.0,0.1484
1455.0,0.07384
1456.0,0.1008
1457.0,0.1291
1458.0,0.1464
1459.0,0.174
1460.0,0.09378
1461.0,0.1004
1462.0,0.1423
1463.0,0.04946
1464.0,0.1639
1465.0,0.09969
1466.0,0.07516
1467.0,0.04246
1468.0,0.08694
1469.0,0.1049
1470.0,0.05733
1471.0,0.02172
1472.0,0.05505
1473.0,0.07865
1474.0,0.1078
1475.0,0.1939
1476.0,0.07679
1477.0,0.07857
1478.0,0.07015
1479.0,0.1304
1480.0,0.06788
1481.0,0.1255
1482.0,0.0645
1483.0,0.1599
1484.0,0.1469
1485.0,0.1337
1486.0,0.1326
1487.0,0.06591
1488.0,0.1067
1489.0,0.1988
1490.0,0.1826
1491.0,0.2029
1492.0,0.1751
1493.0,0.1902
1494.0,0.2096
1495.0,0.1876
1496.0,0.1767
1497.0,0.2314
1498.0,0.1945
1499.0,0.2245
1500.0,0.2522
1501.0,0.265
1502.0,0.225
1503.0,0.1965
1504.0,0.1617
1505.0,0.1901
1506.0,0.262
1507.0,0.2545
1508.0,0.2426
1509.0,0.1938
1510.0,0.2713
1511.0,0.2644
1512.0,0.2604
1513.0,0.2439
1514.0,0.2305
1515.0,0.2665
1516.0,0.2564
1517.0,0.2529
1518.0,0.2518
1519.0,0.2478
1520.0,0.263
1521.0,0.2749
1522.0,0.2649
1523.0,0.2786
1524.0,0.2725
1525.0,0.2633
1526.0,0.2668
1527.0,0.2646
1528.0,0.2778
1529.0,0.2656
1530.0,0.2617
1531.0,0.269
1532.0,0.2766
1533.0,0.276
1534.0,0.2718
1535.0,0.2717
1536.0,0.2759
1537.0,0.2709
1538.0,0.2723
1539.0,0.2685
1540.0,0.2684
1541.0,0.2708
1542.0,0.2689
1543.0,0.2729
1544.0,0.2708
1545.0,0.2747
1546.0,0.2711
1547.0,0.2667
1548.0,0.2666
1549.0,0.2686
1550.0,0.2669
1551.0,0.2691
1552.0,0.2677
1553.0,0.2652
1554.0,0.2632
1555.0,0.2637
1556.0,0.2636
1557.0,0.2667
1558.0,0.2652
1559.0,0.2636
1560.0,0.2654
1561.0,0.2672
1562.0,0.2642
1563.0,0.2619
1564.0,0.2632
1565.0,0.2633
1566.0,0.26
1567.0,0.2603
1568.0,0.2578
1569.0,0.259
1570.0,0.2613
1571.0,0.2633
1572.0,0.2615
1573.0,0.2598
1574.0,0.2508
1575.0,0.2479
1576.0,0.2446
1577.0,0.2385
1578.0,0.2507
1579.0,0.2534
1580.0,0.2553
1581.0,0.2515
1582.0,0.2462
1583.0,0.2475
1584.0,0.2511
1585.0,0.2535
1586.0,0.2508
1587.0,0.2466
1588.0,0.2389
1589.0,0.2314
1590.0,0.2369
1591.0,0.2425
1592.0,0.2502
1593.0,0.2536
1594.0,0.2535
1595.0,0.2499
1596.0,0.2427
1597.0,0.2493
1598.0,0.2521
1599.0,0.2492
1600.0,0.2474
1601.0,0.2442
1602.0,0.2452
1603.0,0.2472
1604.0,0.2453
1605.0,0.2451
1606.0,0.2424
1607.0,0.2445
1608.0,0.2447
1609.0,0.238
1610.0,0.233
1611.0,0.2372
1612.0,0.2397
1613.0,0.2405
1614.0,0.2403
1615.0,0.2348
1616.0,0.2312
1617.0,0.236
1618.0,0.2398
1619.0,0.2357
1620.0,0.2303
1621.0,0.2331
1622.0,0.2367
1623.0,0.2401
1624.0,0.2376
1625.0,0.2366
1626.0,0.2373
1627.0,0.239
1628.0,0.2386
1629.0,0.2363
1630.0,0.235
1631.0,0.2342
1632.0,0.2334
1633.0,0.2273
1634.0,0.2313
1635.0,0.2294
1636.0,0.2266
1637.0,0.2237
1638.0,0.2128
1639.0,0.219
1640.0,0.2124
1641.0,0.2177
1642.0,0.2215
1643.0,0.2129
1644.0,0.2212
1645.0,0.2173
1646.0,0.2141
1647.0,0.2248
1648.0,0.2132
1649.0,0.2202
1650.0,0.2216
1651.0,0.2099
1652.0,0.2202
1653.0,0.2217
1654.0,0.2131
1655.0,0.2217
1656.0,0.2194
1657.0,0.2204
1658.0,0.2222
1659.0,0.2208
1660.0,0.2227
1661.0,0.2219
1662.0,0.217
1663.0,0.2204
1664.0,0.2188
1665.0,0.2095
1666.0,0.1809
1667.0,0.2076
1668.0,0.2125
1669.0,0.2144
1670.0,0.2174
1671.0,0.2117
1672.0,0.2087
1673.0,0.2134
1674.0,0.21
1675.0,0.2065
1676.0,0.2076
1677.0,0.2079
1678.0,0.2031
1679.0,0.2052
1680.0,0.1971
1681.0,0.1923
1682.0,0.2014
1683.0,0.2058
1684.0,0.1956
1685.0,0.2082
1686.0,0.2077
1687.0,0.2019
1688.0,0.2067
1689.0,0.2045
1690.0,0.2046
1691.0,0.1914
1692.0,0.2045
1693.0,0.2087
1694.0,0.2027
1695.0,0.2068
1696.0,0.2065
1697.0,0.1814
1698.0,0.2051
1699.0,0.2025
1700.0,0.198
1702.0,0.2003
1705.0,0.1958
1710.0,0.1868
1715.0,0.1871
1720.0,0.1847
1725.0,0.1749
1730.0,0.1726
1735.0,0.1614
1740.0,0.1641
1745.0,0.1553
1750.0,0.165
1755.0,0.1534
1760.0,0.1593
1765.0,0.1335
1770.0,0.1426
1775.0,0.1178
1780.0,0.1028
1785.0,0.08046
1790.0,0.09234
1795.0,0.05174
1800.0,0.03493
1805.0,0.01769
1810.0,0.01155
1815.0,0.004621
1820.0,0.001452
1825.0,0.001883
1830.0,1.181e-05
1835.0,1.27e-05
1840.0,1.794e-07
1845.0,1.628e-05
1850.0,8.063e-06
1855.0,7.836e-07
1860.0,2.282e-05
1865.0,3.67e-05
1870.0,1.283e-09
1875.0,2.148e-09
1880.0,0.0001435
1885.0,8.45e-05
1890.0,0.0004081
1895.0,0.0002337
1900.0,2.16e-06
1905.0,1.388e-06
1910.0,4.901e-05
1915.0,3.856e-05
1920.0,0.0007549
1925.0,0.00141
1930.0,0.0008469
1935.0,0.004768
1940.0,0.004208
1945.0,0.01468
1950.0,0.0261
1955.0,0.02488
1960.0,0.03871
1965.0,0.05344
1970.0,0.07151
1975.0,0.07972
1980.0,0.07962
1985.0,0.0846
1990.0,0.08728
1995.0,0.09114
2000.0,0.09527
2005.0,0.08274
2010.0,0.1115
2015.0,0.09208
2020.0,0.09725
2025.0,0.1039
2030.0,0.09724
2035.0,0.1038
2040.0,0.1002
2045.0,0.1029
2050.0,0.1038
2055.0,0.1004
2060.0,0.09756
2065.0,0.09878
2070.0,0.09788
2075.0,0.09951
2080.0,0.09715
2085.0,0.09655
2090.0,0.09714
2095.0,0.09457
2100.0,0.08964
2105.0,0.0952
2110.0,0.09188
2115.0,0.09341
2120.0,0.08868
2125.0,0.0895
2130.0,0.09024
2135.0,0.09052
2140.0,0.09101
2145.0,0.09011
2150.0,0.08569
2155.0,0.08553
2160.0,0.08448
2165.0,0.07745
2170.0,0.08193
2175.0,0.08068
2180.0,0.08216
2185.0,0.07508
2190.0,0.07971
2195.0,0.07913
2200.0,0.07172
2205.0,0.07419
2210.0,0.07899
2215.0,0.07625
2220.0,0.0775
2225.0,0.07546
2230.0,0.07574
2235.0,0.07419
2240.0,0.07335
2245.0,0.07111
2250.0,0.07222
2255.0,0.06838
2260.0,0.06752
2265.0,0.06874
2270.0,0.06558
2275.0,0.06471
2280.0,0.06676
2285.0,0.06343
2290.0,0.06337
2295.0,0.06173
2300.0,0.05927
2305.0,0.05962
2310.0,0.06391
2315.0,0.05848
2320.0,0.05244
2325.0,0.05682
2330.0,0.05713
2335.0,0.0581
2340.0,0.04695
2345.0,0.05206
2350.0,0.04232
2355.0,0.0483
2360.0,0.05076
2365.0,0.04984
2370.0,0.0321
2375.0,0.04498
2380.0,0.04298
2385.0,0.03212
2390.0,0.03729
2395.0,0.04074
2400.0,0.0441
2405.0,0.03429
2410.0,0.03451
2415.0,0.02842
2420.0,0.02731
2425.0,0.03385
2430.0,0.04487
2435.0,0.01585
2440.0,0.04359
2445.0,0.02188
2450.0,0.0147
2455.0,0.02591
2460.0,0.03424
2465.0,0.02537
2470.0,0.01814
2475.0,0.01792
2480.0,0.009165
2485.0,0.006658
2490.0,0.004355
2495.0,0.003783
2500.0,0.00839
2505.0,0.001907
2510.0,0.002777
2515.0,0.0007154
2520.0,0.0006046
2525.0,6.946e-05
2530.0,1.831e-06
2535.0,5.881e-07
2540.0,1.155e-06
2545.0,2.705e-10
2550.0,1.852e-12
2555.0,5.071e-09
2560.0,1.538e-10
2565.0,1.482e-13
2570.0,3.428e-17
2575.0,1.538e-25
2580.0,2.3040000000000002e-20
2585.0,1.077e-31
2590.0,2.023e-28
2595.0,2.9380000000000003e-31
2600.0,9.776e-26
2605.0,1.574e-32
2610.0,3.408e-31
2615.0,1.124e-34
2620.0,6.013e-27
2625.0,9.866000000000001e-26
2630.0,1.3999999999999998e-41
2635.0,5.42e-15
2640.0,2.038e-15
2645.0,2.417e-17
2650.0,5.293e-18
2655.0,2.3500000000000002e-25
2660.0,2.091e-23
2665.0,1.611e-34
2670.0,0.0
2675.0,9.207000000000001e-34
2680.0,2.516e-22
2685.0,3.6639999999999996e-23
2690.0,4.362e-22
2695.0,7.511e-25
2700.0,1.2930000000000001e-20
2705.0,2.304e-18
2710.0,1.363e-23
2715.0,9.564e-21
2720.0,8.529e-40
2725.0,1.228e-19
2730.0,1.065e-16
2735.0,1.107e-18
2740.0,3.238e-24
2745.0,1.684e-19
2750.0,9.714e-19
2755.0,2.1520000000000002e-20
2760.0,7.71e-16
2765.0,2.058e-21
2770.0,5.524e-19
2775.0,3.776e-16
2780.0,2.616e-14
2785.0,3.824e-14
2790.0,1.326e-11
2795.0,5.915e-12
2800.0,2.129e-09
2805.0,4.093e-11
2810.0,9.12e-08
2815.0,2.848e-08
2820.0,6.076e-10
2825.0,1.979e-06
2830.0,2.345e-05
2835.0,1.819e-09
2840.0,1.063e-06
2845.0,0.0001455
2850.0,5.175e-06
2855.0,1.43e-06
2860.0,6.071e-05
2865.0,0.000339
2870.0,1.627e-05
2875.0,0.0006767
2880.0,0.0003928
2885.0,0.0007104
2890.0,0.0002809
2895.0,0.003422
2900.0,0.001098
2905.0,0.0001725
2910.0,0.00342
2915.0,0.001687
2920.0,0.003629
2925.0,0.00141
2930.0,0.007045
2935.0,0.00775
2940.0,0.002127
2945.0,0.001925
2950.0,0.006357
2955.0,0.002843
2960.0,0.005592
2965.0,0.008734
2970.0,0.0004874
2975.0,0.001166
2980.0,0.001811
2985.0,0.008283
2990.0,0.01164
2995.0,0.005187
3000.0,0.008978
3005.0,0.003547
3010.0,0.007913
3015.0,0.00662
3020.0,0.0008905
3025.0,0.008598
3030.0,0.007004
3035.0,0.002997
3040.0,0.002471
3045.0,0.00501
3050.0,0.001317
3055.0,0.0004072
3060.0,0.007146
3065.0,0.003519
3070.0,0.002212
3075.0,0.006853
3080.0,0.004213
3085.0,0.002215
3090.0,0.002957
3095.0,0.0008865
3100.0,0.005127
3105.0,0.001176
3110.0,0.001141
3115.0,0.002794
3120.0,0.01109
3125.0,0.003596
3130.0,0.006538
3135.0,0.01273
3140.0,0.003948
3145.0,0.003835
3150.0,0.007615
3155.0,0.006437
3160.0,0.01036
3165.0,0.01507
3170.0,0.01355
3175.0,0.01018
3180.0,0.01155
3185.0,0.009086
3190.0,0.004833
3195.0,0.003302
3200.0,0.0005998
3205.0,0.0004441
3210.0,0.0002034
3215.0,0.0006914
3220.0,0.002017
3225.0,0.0002732
3230.0,0.0004614
3235.0,0.008131
3240.0,0.004375
3245.0,0.0009098
3250.0,0.003007
3255.0,0.01078
3260.0,0.001504
3265.0,0.002902
3270.0,0.00151
3275.0,0.006655
3280.0,0.003315
3285.0,0.01182
3290.0,0.009418
3295.0,0.001458
3300.0,0.002049
3305.0,0.0045
3310.0,0.004486
3315.0,2.753e-05
3320.0,9.129e-05
3325.0,0.004085
3330.0,0.005144
3335.0,0.009849
3340.0,0.003952
3345.0,0.004063
3350.0,0.00881
3355.0,0.004222
3360.0,0.005916
3365.0,0.007883
3370.0,0.004542
3375.0,0.009239
3380.0,0.005777
3385.0,0.008203
3390.0,0.01061
3395.0,0.01021
3400.0,0.01309
3405.0,0.005036
3410.0,0.007733
3415.0,0.007915
3420.0,0.01375
3425.0,0.01065
3430.0,0.00936
3435.0,0.0122
3440.0,0.008738
3445.0,0.01192
3450.0,0.01178
3455.0,0.008924
3460.0,0.01307
3465.0,0.0104
3470.0,0.01276
3475.0,0.0115
3480.0,0.01177
3485.0,0.01257
3490.0,0.01096
3495.0,0.01269
3500.0,0.01238
3505.0,0.01229
3510.0,0.01244
3515.0,0.01195
3520.0,0.01254
3525.0,0.01184
3530.0,0.01157
3535.0,0.009907
3540.0,0.009502
3545.0,0.009981
3550.0,0.01093
3555.0,0.009523
3560.0,0.01117
3565.0,0.01118
3570.0,0.008807
3575.0,0.009116
3580.0,0.01055
3585.0,0.009572
3590.0,0.009869
3595.0,0.01002
3600.0,0.0106
3605.0,0.01067
3610.0,0.009869
3615.0,0.009821
3620.0,0.01184
3625.0,0.0105
3630.0,0.01026
3635.0,0.01056
3640.0,0.01165
3645.0,0.01078
3650.0,0.01033
3655.0,0.0111
3660.0,0.01105
3665.0,0.01041
3670.0,0.008215
3675.0,0.005219
3680.0,0.008574
3685.0,0.009618
3690.0,0.009906
3695.0,0.01021
3700.0,0.01088
3705.0,0.01076
3710.0,0.009502
3715.0,0.009362
3720.0,0.01047
3725.0,0.01073
3730.0,0.009425
3735.0,0.008687
3740.0,0.008871
3745.0,0.0102
3750.0,0.009359
3755.0,0.009101
3760.0,0.009042
3765.0,0.008723
3770.0,0.009266
3775.0,0.009161
3780.0,0.009666
3785.0,0.008953
3790.0,0.007971
3795.0,0.008987
3800.0,0.00997
3805.0,0.009426
3810.0,0.008475
3815.0,0.007964
3820.0,0.009743
3825.0,0.009569
3830.0,0.009685
3835.0,0.0079
3840.0,0.009124
3845.0,0.008927
3850.0,0.008979
3855.0,0.008637
3860.0,0.008142
3865.0,0.008191
3870.0,0.007521
3875.0,0.006935
3880.0,0.006729
3885.0,0.006926
3890.0,0.007013
3895.0,0.007594
3900.0,0.008
3905.0,0.007978
3910.0,0.007254
3915.0,0.007095
3920.0,0.007082
3925.0,0.006976
3930.0,0.007177
3935.0,0.007435
3940.0,0.007514
3945.0,0.007618
3950.0,0.007706
3955.0,0.00777
3960.0,0.007829
3965.0,0.007884
3970.0,0.007805
3975.0,0.007626
3980.0,0.007528
3985.0,0.00754
3990.0,0.007448
3995.0,0.007302
4000.0,0.007018
