interpolation:linear
wavelength,value
280.0,0.0
280.5,0.0
281.0,0.0
281.5,0.0
282.0,4.204e-45
282.5,1.177e-43
283.0,3.936e-42
283.5,2.0409999999999998e-41
284.0,5.695e-38
284.5,1.661e-36
285.0,3.914e-35
285.5,4.559e-33
286.0,6.428000000000001e-32
286.5,3.5330000000000005e-30
287.0,6.292e-29
287.5,2.564e-27
288.0,1.8120000000000002e-25
288.5,3.105e-24
289.0,4.692e-23
289.5,9.151e-22
290.0,1.151e-20
290.5,8.27e-20
291.0,7.954e-19
291.5,1.504e-17
292.0,1.582e-16
292.5,5.307e-16
293.0,3.439e-15
293.5,3.719e-14
294.0,1.608e-13
294.5,5.792e-13
295.0,2.507e-12
295.5,1.844e-11
296.0,7.097e-11
296.5,1.902e-10
297.0,4.305e-10
297.5,2.346e-09
298.0,6.514e-09
298.5,9.974e-09
299.0,3.243e-08
299.5,9.832e-08
300.0,1.481e-07
300.5,2.904e-07
301.0,8.006e-07
301.5,1.777e-06
302.0,1.786e-06
302.5,4.852e-06
303.0,1.295e-05
303.5,2.041e-05
304.0,2.125e-05
304.5,3.957e-05
305.0,7.907e-05
305.5,0.0001071
306.0,0.0001117
306.5,0.0001547
307.0,0.0002793
307.5,0.0004407
308.0,0.0004868
308.5,0.0006273
309.0,0.000617
309.5,0.0008911
310.0,0.001
310.5,0.001725
311.0,0.002367
311.5,0.002402
312.0,0.002806
312.5,0.003782
313.0,0.004357
313.5,0.004153
314.0,0.005801
314.5,0.005847
315.0,0.007972
315.5,0.006465
316.0,0.006244
316.5,0.00973
317.0,0.01227
317.5,0.01278
318.0,0.01057
318.5,0.01433
319.0,0.01785
319.5,0.01406
320.0,0.01714
320.5,0.02327
321.0,0.02207
321.5,0.02162
322.0,0.02229
322.5,0.01977
323.0,0.0207
323.5,0.02711
324.0,0.03242
324.5,0.03269
325.0,0.02787
325.5,0.03725
326.0,0.04787
326.5,0.04974
327.0,0.04999
327.5,0.04851
328.0,0.04223
328.5,0.04706
329.0,0.05847
329.5,0.06766
330.0,0.069
330.5,0.05514
331.0,0.0566
331.5,0.0592
332.0,0.06584
332.5,0.06631
333.0,0.06685
333.5,0.06072
334.0,0.06296
334.5,0.07451
335.0,0.07124
335.5,0.08242
336.0,0.05776
336.5,0.07005
337.0,0.05802
337.5,0.073
338.0,0.07268
338.5,0.0836
339.0,0.08454
339.5,0.08194
340.0,0.09865
340.5,0.09005
341.0,0.08813
341.5,0.08296
342.0,0.1006
342.5,0.09554
343.0,0.1056
343.5,0.09997
344.0,0.0749
344.5,0.07549
345.0,0.1028
345.5,0.1069
346.0,0.09217
346.5,0.1057
347.0,0.1142
347.5,0.09321
348.0,0.1081
348.5,0.1094
349.0,0.1028
349.5,0.1029
350.0,0.1287
350.5,0.1371
351.0,0.1235
351.5,0.1203
352.0,0.1312
352.5,0.1038
353.0,0.1324
353.5,0.1431
354.0,0.15
354.5,0.1535
355.0,0.1543
355.5,0.1409
356.0,0.149
356.5,0.1283
357.0,0.1069
357.5,0.132
358.0,0.1056
358.5,0.09101
359.0,0.1283
359.5,0.1647
360.0,0.1762
360.5,0.1421
361.0,0.1308
361.5,0.1522
362.0,0.1331
362.5,0.1861
363.0,0.1688
363.5,0.157
364.0,0.1938
364.5,0.167
365.0,0.1715
365.5,0.217
366.0,0.2321
366.5,0.22
367.0,0.216
367.5,0.2259
368.0,0.1993
368.5,0.2027
369.0,0.2207
369.5,0.2371
370.0,0.2548
370.5,0.1994
371.0,0.2147
371.5,0.2706
372.0,0.1809
372.5,0.2185
373.0,0.2241
373.5,0.1469
374.0,0.215
374.5,0.1795
375.0,0.1757
375.5,0.264
376.0,0.2203
376.5,0.2298
377.0,0.2451
377.5,0.2888
378.0,0.315
378.5,0.2997
379.0,0.2489
379.5,0.2287
380.0,0.2393
380.5,0.2921
381.0,0.295
381.5,0.2357
382.0,0.2109
382.5,0.1812
383.0,0.169
383.5,0.1638
384.0,0.1819
384.5,0.2693
385.0,0.2688
385.5,0.252
386.0,0.2173
386.5,0.2874
387.0,0.2402
387.5,0.2714
388.0,0.2522
388.5,0.2509
389.0,0.2724
389.5,0.332
390.0,0.3352
390.5,0.3103
391.0,0.3676
391.5,0.377
392.0,0.3193
392.5,0.2877
393.0,0.1611
393.5,0.1178
394.0,0.241
394.5,0.3082
395.0,0.378
395.5,0.3859
396.0,0.3365
396.5,0.1979
397.0,0.1494
397.5,0.3055
398.0,0.4297
398.5,0.4464
399.0,0.4865
399.5,0.4874
400.0,0.5082
401.0,0.5275
402.0,0.5626
403.0,0.5401
404.0,0.5368
405.0,0.5416
406.0,0.5383
407.0,0.5351
408.0,0.5605
409.0,0.6052
410.0,0.5336
411.0,0.5833
412.0,0.6326
413.0,0.6214
414.0,0.6346
415.0,0.6421
416.0,0.6594
417.0,0.6483
418.0,0.6414
419.0,0.6552
420.0,0.6572
421.0,0.6932
422.0,0.6639
423.0,0.6537
424.0,0.6963
425.0,0.7005
426.0,0.6883
427.0,0.68
428.0,0.6665
429.0,0.6366
430.0,0.5611
431.0,0.5593
432.0,0.728
433.0,0.7371
434.0,0.6884
435.0,0.7228
436.0,0.8205
437.0,0.8155
438.0,0.7476
439.0,0.7758
440.0,0.806
441.0,0.8413
442.0,0.9078
443.0,0.8876
444.0,0.9126
445.0,0.8965
446.0,0.8618
447.0,0.9381
448.0,0.9559
449.0,0.9674
450.0,1.001
451.0,1.043
452.0,1.01
453.0,0.9552
454.0,1.003
455.0,1.014
456.0,1.044
457.0,1.066
458.0,1.033
459.0,1.034
460.0,1.04
461.0,1.069
462.0,1.083
463.0,1.079
464.0,1.067
465.0,1.06
466.0,1.075
467.0,1.059
468.0,1.076
469.0,1.086
470.0,1.055
471.0,1.058
472.0,1.118
473.0,1.107
474.0,1.11
475.0,1.122
476.0,1.09
477.0,1.095
478.0,1.131
479.0,1.131
480.0,1.139
481.0,1.167
482.0,1.18
483.0,1.172
484.0,1.152
485.0,1.102
486.0,0.9674
487.0,1.018
488.0,1.12
489.0,1.126
490.0,1.19
491.0,1.174
492.0,1.112
493.0,1.152
494.0,1.167
495.0,1.181
496.0,1.191
497.0,1.213
498.0,1.16
499.0,1.178
500.0,1.146
501.0,1.127
502.0,1.111
503.0,1.157
504.0,1.121
505.0,1.172
506.0,1.212
507.0,1.157
508.0,1.126
509.0,1.162
510.0,1.16
511.0,1.196
512.0,1.213
513.0,1.151
514.0,1.146
515.0,1.138
516.0,1.137
517.0,1.013
518.0,1.067
519.0,1.122
520.0,1.165
521.0,1.178
522.0,1.181
523.0,1.161
524.0,1.204
525.0,1.218
526.0,1.166
527.0,1.099
528.0,1.163
529.0,1.227
530.0,1.211
531.0,1.231
532.0,1.19
533.0,1.158
534.0,1.195
535.0,1.224
536.0,1.238
537.0,1.192
538.0,1.216
539.0,1.208
540.0,1.159
541.0,1.166
542.0,1.203
543.0,1.195
544.0,1.215
545.0,1.213
546.0,1.218
547.0,1.222
548.0,1.21
549.0,1.217
550.0,1.233
551.0,1.22
552.0,1.231
553.0,1.21
554.0,1.241
555.0,1.244
556.0,1.23
557.0,1.192
558.0,1.184
559.0,1.162
560.0,1.177
561.0,1.193
562.0,1.184
563.0,1.216
564.0,1.183
565.0,1.173
566.0,1.156
567.0,1.177
568.0,1.162
569.0,1.126
570.0,1.128
571.0,1.126
572.0,1.147
573.0,1.16
574.0,1.155
575.0,1.132
576.0,1.123
577.0,1.138
578.0,1.125
579.0,1.135
580.0,1.165
581.0,1.178
582.0,1.207
583.0,1.215
584.0,1.229
585.0,1.202
586.0,1.179
587.0,1.203
588.0,1.161
589.0,1.004
590.0,1.053
591.0,1.131
592.0,1.109
593.0,1.139
594.0,1.127
595.0,1.091
596.0,1.156
597.0,1.14
598.0,1.145
599.0,1.15
600.0,1.158
601.0,1.153
602.0,1.147
603.0,1.169
604.0,1.191
605.0,1.186
606.0,1.185
607.0,1.2
608.0,1.189
609.0,1.194
610.0,1.188
611.0,1.196
612.0,1.195
613.0,1.182
614.0,1.168
615.0,1.196
616.0,1.159
617.0,1.158
618.0,1.205
619.0,1.194
620.0,1.202
621.0,1.202
622.0,1.187
623.0,1.169
624.0,1.151
625.0,1.149
626.0,1.166
627.0,1.174
628.0,1.037
629.0,1.127
630.0,1.099
631.0,1.145
632.0,1.136
633.0,1.179
634.0,1.175
635.0,1.198
636.0,1.186
637.0,1.209
638.0,1.226
639.0,1.215
640.0,1.207
641.0,1.209
642.0,1.207
643.0,1.224
644.0,1.223
645.0,1.224
646.0,1.189
647.0,1.158
648.0,1.161
649.0,1.137
650.0,1.164
651.0,1.219
652.0,1.148
653.0,1.205
654.0,1.194
655.0,1.139
656.0,1.018
657.0,1.047
658.0,1.181
659.0,1.193
660.0,1.2
661.0,1.21
662.0,1.209
663.0,1.187
664.0,1.207
665.0,1.213
666.0,1.217
667.0,1.219
668.0,1.222
669.0,1.243
670.0,1.239
671.0,1.241
672.0,1.231
673.0,1.251
674.0,1.248
675.0,1.239
676.0,1.248
677.0,1.237
678.0,1.242
679.0,1.223
680.0,1.234
681.0,1.227
682.0,1.226
683.0,1.224
684.0,1.219
685.0,1.231
686.0,1.223
687.0,0.5671
688.0,0.7687
689.0,0.7756
690.0,0.8526
691.0,0.9441
692.0,1.018
693.0,1.008
694.0,1.006
695.0,1.08
696.0,1.084
697.0,1.186
698.0,1.168
699.0,1.115
700.0,1.101
701.0,1.08
702.0,1.098
703.0,1.103
704.0,1.154
705.0,1.155
706.0,1.161
707.0,1.164
708.0,1.167
709.0,1.179
710.0,1.174
711.0,1.177
712.0,1.178
713.0,1.162
714.0,1.168
715.0,1.122
716.0,1.12
717.0,0.8811
718.0,0.8027
719.0,0.7288
720.0,0.754
721.0,0.8835
722.0,1.066
723.0,0.966
724.0,0.8369
725.0,0.8131
726.0,0.8537
727.0,0.8894
728.0,0.8077
729.0,0.8695
730.0,0.9126
731.0,0.8681
732.0,0.9622
733.0,1.049
734.0,1.084
735.0,1.057
736.0,1.054
737.0,1.059
738.0,1.101
739.0,1.08
740.0,1.116
741.0,1.109
742.0,1.116
743.0,1.146
744.0,1.146
745.0,1.149
746.0,1.154
747.0,1.158
748.0,1.156
749.0,1.144
750.0,1.143
751.0,1.132
752.0,1.138
753.0,1.144
754.0,1.147
755.0,1.141
756.0,1.141
757.0,1.143
758.0,1.128
759.0,1.09
760.0,0.03838
761.0,0.01149
762.0,0.318
763.0,0.08524
764.0,0.1841
765.0,0.3176
766.0,0.4836
767.0,0.7259
768.0,0.9458
769.0,0.9921
770.0,1.056
771.0,1.079
772.0,1.086
773.0,1.095
774.0,1.091
775.0,1.084
776.0,1.098
777.0,1.084
778.0,1.077
779.0,1.078
780.0,1.073
781.0,1.075
782.0,1.082
783.0,1.064
784.0,1.069
785.0,1.061
786.0,1.071
787.0,1.041
788.0,1.022
789.0,1.022
790.0,0.9788
791.0,1.004
792.0,0.9991
793.0,0.9815
794.0,1.015
795.0,1.028
796.0,0.9735
797.0,0.9729
798.0,1.025
799.0,1.014
800.0,0.9913
801.0,0.9828
802.0,0.9799
803.0,0.9696
804.0,0.9739
805.0,0.9779
806.0,1.017
807.0,1.003
808.0,1.005
809.0,0.9772
810.0,0.9641
811.0,0.954
812.0,0.9106
813.0,0.8859
814.0,0.7378
815.0,0.7366
816.0,0.6804
817.0,0.6954
818.0,0.6599
819.0,0.7733
820.0,0.7161
821.0,0.8908
822.0,0.8569
823.0,0.5038
824.0,0.8114
825.0,0.8765
826.0,0.8255
827.0,0.8893
828.0,0.7026
829.0,0.8247
830.0,0.8102
831.0,0.8132
832.0,0.7791
833.0,0.8524
834.0,0.8067
835.0,0.9245
836.0,0.8587
837.0,0.928
838.0,0.8858
839.0,0.9161
840.0,0.9397
841.0,0.9209
842.0,0.9319
843.0,0.9409
844.0,0.9231
845.0,0.9609
846.0,0.9586
847.0,0.9436
848.0,0.9339
849.0,0.9074
850.0,0.87
851.0,0.9169
852.0,0.9128
853.0,0.8822
854.0,0.7589
855.0,0.8381
856.0,0.9142
857.0,0.9376
858.0,0.9295
859.0,0.9324
860.0,0.9355
861.0,0.9301
862.0,0.9455
863.0,0.968
864.0,0.92
865.0,0.9124
866.0,0.8206
867.0,0.8566
868.0,0.9324
869.0,0.9134
870.0,0.9397
871.0,0.927
872.0,0.9241
873.0,0.9224
874.0,0.9116
875.0,0.8931
876.0,0.9023
877.0,0.9119
878.0,0.9211
879.0,0.9073
880.0,0.8881
881.0,0.8728
882.0,0.8909
883.0,0.8961
884.0,0.8912
885.0,0.898
886.0,0.8485
887.0,0.8636
888.0,0.8733
889.0,0.8894
890.0,0.8743
891.0,0.8769
892.0,0.8414
893.0,0.8059
894.0,0.7563
895.0,0.6887
896.0,0.6426
897.0,0.5231
898.0,0.5846
899.0,0.413
900.0,0.6178
901.0,0.4326
902.0,0.5502
903.0,0.5401
904.0,0.751
905.0,0.7163
906.0,0.6623
907.0,0.4902
908.0,0.5099
909.0,0.5702
910.0,0.4694
911.0,0.5277
912.0,0.553
913.0,0.4747
914.0,0.4782
915.0,0.5148
916.0,0.4317
917.0,0.5816
918.0,0.4396
919.0,0.6049
920.0,0.6384
921.0,0.6617
922.0,0.5659
923.0,0.6425
924.0,0.5723
925.0,0.562
926.0,0.5633
927.0,0.656
928.0,0.4084
929.0,0.3542
930.0,0.2492
931.0,0.2362
932.0,0.1425
933.0,0.1047
934.0,0.03668
935.0,0.1157
936.0,0.05782
937.0,0.05816
938.0,0.07643
939.0,0.2283
940.0,0.2962
941.0,0.197
942.0,0.2413
943.0,0.1392
944.0,0.1668
945.0,0.2092
946.0,0.0811
947.0,0.203
948.0,0.1469
949.0,0.2983
950.0,0.0497
951.0,0.2968
952.0,0.1279
953.0,0.1861
954.0,0.2524
955.0,0.1909
956.0,0.2119
957.0,0.1267
958.0,0.3266
959.0,0.2277
960.0,0.2553
961.0,0.312
962.0,0.2942
963.0,0.3618
964.0,0.3252
965.0,0.3594
966.0,0.3572
967.0,0.3521
968.0,0.5646
969.0,0.5749
970.0,0.5204
971.0,0.6368
972.0,0.5999
973.0,0.481
974.0,0.4538
975.0,0.484
976.0,0.4361
977.0,0.5457
978.0,0.4978
979.0,0.5326
980.0,0.4954
981.0,0.6347
982.0,0.5915
983.0,0.5599
984.0,0.6738
985.0,0.5885
986.0,0.6982
987.0,0.671
988.0,0.671
989.0,0.7045
990.0,0.6665
991.0,0.7052
992.0,0.7108
993.0,0.6813
994.0,0.7123
995.0,0.7136
996.0,0.7083
997.0,0.7104
998.0,0.7063
999.0,0.7044
1000.0,0.6961
1001.0,0.7087
1002.0,0.6749
1003.0,0.6955
1004.0,0.6747
1005.0,0.6552
1006.0,0.6783
1007.0,0.694
1008.0,0.6878
1009.0,0.6814
1010.0,0.6771
1011.0,0.6911
1012.0,0.6825
1013.0,0.6903
1014.0,0.6855
1015.0,0.6806
1016.0,0.6773
1017.0,0.6785
1018.0,0.6778
1019.0,0.6579
1020.0,0.6735
1021.0,0.6736
1022.0,0.6664
1023.0,0.6732
1024.0,0.6589
1025.0,0.6747
1026.0,0.6704
1027.0,0.6692
1028.0,0.6674
1029.0,0.659
1030.0,0.6655
1031.0,0.6621
1032.0,0.6609
1033.0,0.6509
1034.0,0.6511
1035.0,0.6532
1036.0,0.656
1037.0,0.6456
1038.0,0.6483
1039.0,0.6476
1040.0,0.6449
1041.0,0.647
1042.0,0.6425
1043.0,0.6402
1044.0,0.6421
1045.0,0.6331
1046.0,0.6258
1047.0,0.6311
1048.0,0.6341
1049.0,0.6314
1050.0,0.6281
1051.0,0.6267
1052.0,0.6236
1053.0,0.618
1054.0,0.6186
1055.0,0.6182
1056.0,0.615
1057.0,0.6124
1058.0,0.5967
1059.0,0.5964
1060.0,0.5951
1061.0,0.5939
1062.0,0.5961
1063.0,0.5896
1064.0,0.5969
1065.0,0.5905
1066.0,0.5805
1067.0,0.5875
1068.0,0.5732
1069.0,0.5568
1070.0,0.5744
1071.0,0.5882
1072.0,0.5778
1073.0,0.5702
1074.0,0.5905
1075.0,0.5473
1076.0,0.5893
1077.0,0.5712
1078.0,0.5566
1079.0,0.5825
1080.0,0.5627
1081.0,0.5375
1082.0,0.5581
1083.0,0.5632
1084.0,0.5338
1085.0,0.5652
1086.0,0.4979
1087.0,0.5256
1088.0,0.5605
1089.0,0.5296
1090.0,0.5117
1091.0,0.5553
1092.0,0.5562
1093.0,0.4371
1094.0,0.5046
1095.0,0.4569
1096.0,0.4283
1097.0,0.5438
1098.0,0.4162
1099.0,0.4392
1100.0,0.3956
1101.0,0.4053
1102.0,0.3776
1103.0,0.3674
1104.0,0.3689
1105.0,0.4263
1106.0,0.274
1107.0,0.3953
1108.0,0.3042
1109.0,0.3097
1110.0,0.385
1111.0,0.2203
1112.0,0.3093
1113.0,0.1588
1114.0,0.1788
1115.0,0.1451
1116.0,0.0971
1117.0,0.02095
1118.0,0.1097
1119.0,0.04023
1120.0,0.04846
1121.0,0.07121
1122.0,0.01981
1123.0,0.04436
1124.0,0.03724
1125.0,0.05211
1126.0,0.009118
1127.0,0.05971
1128.0,0.02477
1129.0,0.02721
1130.0,0.01628
1131.0,0.1469
1132.0,0.1083
1133.0,0.05104
1134.0,0.006837
1135.0,0.002973
1136.0,0.0371
1137.0,0.1372
1138.0,0.09317
1139.0,0.1815
1140.0,0.1351
1141.0,0.08914
1142.0,0.1098
1143.0,0.1751
1144.0,0.04359
1145.0,0.04911
1146.0,0.0528
1147.0,0.01002
1148.0,0.1486
1149.0,0.1072
1150.0,0.05087
1151.0,0.09258
1152.0,0.1277
1153.0,0.1359
1154.0,0.04909
1155.0,0.1889
1156.0,0.1611
1157.0,0.2003
1158.0,0.1973
1159.0,0.222
1160.0,0.1828
1161.0,0.2506
1162.0,0.249
1163.0,0.385
1164.0,0.3131
1165.0,0.2779
1166.0,0.2907
1167.0,0.3248
1168.0,0.3247
1169.0,0.3368
1170.0,0.3814
1171.0,0.3716
1172.0,0.3889
1173.0,0.3811
1174.0,0.2386
1175.0,0.3819
1176.0,0.4412
1177.0,0.4087
1178.0,0.2812
1179.0,0.4448
1180.0,0.3742
1181.0,0.3869
1182.0,0.2374
1183.0,0.3855
1184.0,0.3512
1185.0,0.3295
1186.0,0.4221
1187.0,0.3918
1188.0,0.2358
1189.0,0.3637
1190.0,0.415
1191.0,0.3734
1192.0,0.4228
1193.0,0.3983
1194.0,0.4151
1195.0,0.3785
1196.0,0.3571
1197.0,0.4209
1198.0,0.3791
1199.0,0.2941
1200.0,0.3931
1201.0,0.3685
1202.0,0.3756
1203.0,0.3666
1204.0,0.3092
1205.0,0.392
1206.0,0.4469
1207.0,0.3703
1208.0,0.3732
1209.0,0.3823
1210.0,0.4049
1211.0,0.3757
1212.0,0.3548
1213.0,0.4243
1214.0,0.3693
1215.0,0.3608
1216.0,0.4249
1217.0,0.4083
1218.0,0.4209
1219.0,0.4123
1220.0,0.422
1221.0,0.4297
1222.0,0.4163
1223.0,0.4098
1224.0,0.4013
1225.0,0.4259
1226.0,0.4333
1227.0,0.3844
1228.0,0.4388
1229.0,0.4334
1230.0,0.4232
1231.0,0.4452
1232.0,0.4422
1233.0,0.4137
1234.0,0.4478
1235.0,0.4429
1236.0,0.4478
1237.0,0.4363
1238.0,0.4464
1239.0,0.4406
1240.0,0.4429
1241.0,0.4374
1242.0,0.4395
1243.0,0.4362
1244.0,0.4382
1245.0,0.4407
1246.0,0.4383
1247.0,0.4357
1248.0,0.4336
1249.0,0.4365
1250.0,0.4328
1251.0,0.4251
1252.0,0.428
1253.0,0.4196
1254.0,0.4117
1255.0,0.4263
1256.0,0.4052
1257.0,0.4011
1258.0,0.4159
1259.0,0.3869
1260.0,0.3906
1261.0,0.3518
1262.0,0.3326
1263.0,0.3328
1264.0,0.2881
1265.0,0.331
1266.0,0.3071
1267.0,0.3204
1268.0,0.2914
1269.0,0.1161
1270.0,0.3161
1271.0,0.3529
1272.0,0.3558
1273.0,0.3501
1274.0,0.3539
1275.0,0.3621
1276.0,0.369
1277.0,0.3759
1278.0,0.3898
1279.0,0.3858
1280.0,0.3815
1281.0,0.3672
1282.0,0.3592
1283.0,0.3857
1284.0,0.394
1285.0,0.3975
1286.0,0.4058
1287.0,0.3941
1288.0,0.3958
1289.0,0.3726
1290.0,0.3928
1291.0,0.4003
1292.0,0.357
1293.0,0.3881
1294.0,0.3846
1295.0,0.3762
1296.0,0.3478
1297.0,0.3211
1298.0,0.3634
1299.0,0.3904
1300.0,0.3017
1301.0,0.3158
1302.0,0.3628
1303.0,0.3005
1304.0,0.2311
1305.0,0.3541
1306.0,0.351
1307.0,0.2454
1308.0,0.3055
1309.0,0.3437
1310.0,0.2383
1311.0,0.2868
1312.0,0.2758
1313.0,0.2639
1314.0,0.227
1315.0,0.2186
1316.0,0.2774
1317.0,0.259
1318.0,0.2926
1319.0,0.1987
1320.0,0.1982
1321.0,0.2416
1322.0,0.2382
1323.0,0.1557
1324.0,0.1963
1325.0,0.2699
1326.0,0.217
1327.0,0.2026
1328.0,0.1663
1329.0,0.1052
1330.0,0.1476
1331.0,0.06928
1332.0,0.07684
1333.0,0.1106
1334.0,0.1074
1335.0,0.1529
1336.0,0.109
1337.0,0.09377
1338.0,0.09996
1339.0,0.1021
1340.0,0.1053
1341.0,0.08849
1342.0,0.09494
1343.0,0.04412
1344.0,0.0284
1345.0,0.03918
1346.0,0.01094
1347.0,0.00983
1348.0,0.0001984
1349.0,0.0009216
1350.0,0.001139
1351.0,9.187e-05
1352.0,5.055e-06
1353.0,8.869e-08
1354.0,7.824e-07
1355.0,3.781e-10
1356.0,4.314e-08
1357.0,6.399e-08
1358.0,5.049e-10
1359.0,5.743e-12
1360.0,9.946e-11
1361.0,1.066e-15
1362.0,6.536e-19
1363.0,3.604e-11
1364.0,2.295e-11
1365.0,1.187e-20
1366.0,2.864e-10
1367.0,3.03e-10
1368.0,3.7910000000000003e-25
1369.0,8.836e-12
1370.0,1.539e-12
1371.0,3.484e-14
1372.0,1.882e-10
1373.0,1.445e-08
1374.0,1.834e-07
1375.0,2.274e-07
1376.0,7.633e-07
1377.0,3.002e-07
1378.0,3.078e-06
1379.0,1.363e-07
1380.0,8.727e-08
1381.0,1.783e-09
1382.0,1.236e-10
1383.0,1.249e-12
1384.0,6.09e-12
1385.0,4.262e-10
1386.0,4.905e-11
1387.0,6.978e-08
1388.0,3.075e-09
1389.0,9.565e-07
1390.0,6.88e-07
1391.0,4.572e-07
1392.0,3.104e-08
1393.0,2.533e-07
1394.0,1.788e-08
1395.0,7.123e-11
1396.0,3.166e-15
1397.0,7.05e-08
1398.0,2.831e-06
1399.0,2.01e-06
1400.0,3.35e-16
1401.0,8.982e-15
1402.0,3.215e-05
1403.0,2.773e-05
1404.0,6.821e-06
1405.0,1.478e-11
1406.0,9.484e-06
1407.0,2.103e-06
1408.0,8.901e-06
1409.0,1.231e-06
1410.0,2.529e-06
1411.0,2.66e-05
1412.0,5.492e-05
1413.0,0.001409
1414.0,2.336e-06
1415.0,7.929e-07
1416.0,0.00529
1417.0,0.0009111
1418.0,0.0006952
1419.0,9.46e-05
1420.0,0.0004169
1421.0,0.0006191
1422.0,0.00688
1423.0,0.001214
1424.0,0.002697
1425.0,0.00317
1426.0,0.005107
1427.0,0.01218
1428.0,0.0001609
1429.0,0.007132
1430.0,0.01792
1431.0,0.02115
1432.0,0.0001227
1433.0,0.01162
1434.0,0.005072
1435.0,0.00277
1436.0,0.008666
1437.0,0.006835
1438.0,0.00205
1439.0,0.01305
1440.0,0.01043
1441.0,0.005664
1442.0,0.005748
1443.0,0.01046
1444.0,0.01794
1445.0,0.01019
1446.0,0.003542
1447.0,0.006703
1448.0,0.0485
1449.0,0.03871
1450.0,0.005404
1451.0,0.001728
1452.0,0.01801
1453.0,0.02567
1454.0,0.06702
1455.0,0.02314
1456.0,0.02933
1457.0,0.05006
1458.0,0.07359
1459.0,0.08612
1460.0,0.03748
1461.0,0.0319
1462.0,0.06036
1463.0,0.01361
1464.0,0.08349
1465.0,0.04718
1466.0,0.01885
1467.0,0.007334
1468.0,0.02534
1469.0,0.037
1470.0,0.009589
1471.0,0.003465
1472.0,0.008977
1473.0,0.02098
1474.0,0.04419
1475.0,0.1085
1476.0,0.0244
1477.0,0.02201
1478.0,0.02621
1479.0,0.05992
1480.0,0.01901
1481.0,0.0533
1482.0,0.02252
1483.0,0.07892
1484.0,0.08072
1485.0,0.06698
1486.0,0.05922
1487.0,0.01851
1488.0,0.0483
1489.0,0.1233
1490.0,0.1184
1491.0,0.1437
1492.0,0.09634
1493.0,0.117
1494.0,0.1481
1495.0,0.1263
1496.0,0.1142
1497.0,0.1922
1498.0,0.1406
1499.0,0.1717
1500.0,0.2177
1501.0,0.2249
1502.0,0.1883
1503.0,0.1444
1504.0,0.1051
1505.0,0.1393
1506.0,0.2339
1507.0,0.2206
1508.0,0.2106
1509.0,0.1397
1510.0,0.2472
1511.0,0.2312
1512.0,0.2365
1513.0,0.2003
1514.0,0.1814
1515.0,0.2453
1516.0,0.2314
1517.0,0.2185
1518.0,0.2209
1519.0,0.2101
1520.0,0.2349
1521.0,0.2678
1522.0,0.2438
1523.0,0.2728
1524.0,0.2584
1525.0,0.238
1526.0,0.2436
1527.0,0.2435
1528.0,0.2704
1529.0,0.2522
1530.0,0.2444
1531.0,0.2533
1532.0,0.2722
1533.0,0.2738
1534.0,0.2677
1535.0,0.2637
1536.0,0.2714
1537.0,0.2634
1538.0,0.2699
1539.0,0.2636
1540.0,0.2667
1541.0,0.268
1542.0,0.2631
1543.0,0.2701
1544.0,0.2648
1545.0,0.2729
1546.0,0.2668
1547.0,0.2645
1548.0,0.2645
1549.0,0.2677
1550.0,0.2654
1551.0,0.2669
1552.0,0.2633
1553.0,0.2638
1554.0,0.261
1555.0,0.2623
1556.0,0.2619
1557.0,0.2653
1558.0,0.2638
1559.0,0.262
1560.0,0.2638
1561.0,0.2656
1562.0,0.2614
1563.0,0.2597
1564.0,0.2606
1565.0,0.2619
1566.0,0.258
1567.0,0.2588
1568.0,0.2557
1569.0,0.258
1570.0,0.26
1571.0,0.2618
1572.0,0.26
1573.0,0.2578
1574.0,0.2482
1575.0,0.2449
1576.0,0.2401
1577.0,0.2337
1578.0,0.2447
1579.0,0.2455
1580.0,0.2482
1581.0,0.2446
1582.0,0.24
1583.0,0.2407
1584.0,0.2472
1585.0,0.2504
1586.0,0.2469
1587.0,0.243
1588.0,0.2378
1589.0,0.2305
1590.0,0.2351
1591.0,0.2412
1592.0,0.2472
1593.0,0.2523
1594.0,0.251
1595.0,0.2484
1596.0,0.2407
1597.0,0.2458
1598.0,0.2507
1599.0,0.2479
1600.0,0.2467
1601.0,0.2428
1602.0,0.2429
1603.0,0.2464
1604.0,0.2444
1605.0,0.2444
1606.0,0.2416
1607.0,0.2438
1608.0,0.2427
1609.0,0.2369
1610.0,0.232
1611.0,0.2359
1612.0,0.2391
1613.0,0.2387
1614.0,0.2392
1615.0,0.234
1616.0,0.2302
1617.0,0.2341
1618.0,0.2388
1619.0,0.2334
1620.0,0.2296
1621.0,0.2319
1622.0,0.2355
1623.0,0.2391
1624.0,0.2357
1625.0,0.2348
1626.0,0.2352
1627.0,0.2373
1628.0,0.2361
1629.0,0.2346
1630.0,0.2329
1631.0,0.2303
1632.0,0.2305
1633.0,0.221
1634.0,0.2291
1635.0,0.2224
1636.0,0.2228
1637.0,0.2214
1638.0,0.2027
1639.0,0.2164
1640.0,0.2
1641.0,0.2141
1642.0,0.2198
1643.0,0.1978
1644.0,0.2203
1645.0,0.2082
1646.0,0.198
1647.0,0.2235
1648.0,0.1978
1649.0,0.216
1650.0,0.2183
1651.0,0.1912
1652.0,0.2143
1653.0,0.218
1654.0,0.198
1655.0,0.218
1656.0,0.211
1657.0,0.2141
1658.0,0.2198
1659.0,0.2175
1660.0,0.2195
1661.0,0.2176
1662.0,0.2087
1663.0,0.2181
1664.0,0.2151
1665.0,0.1953
1666.0,0.1361
1667.0,0.1935
1668.0,0.2083
1669.0,0.2091
1670.0,0.2148
1671.0,0.2071
1672.0,0.206
1673.0,0.2116
1674.0,0.2037
1675.0,0.2014
1676.0,0.2041
1677.0,0.2024
1678.0,0.1934
1679.0,0.2035
1680.0,0.1944
1681.0,0.1851
1682.0,0.1998
1683.0,0.2041
1684.0,0.1766
1685.0,0.2064
1686.0,0.2057
1687.0,0.1926
1688.0,0.2038
1689.0,0.2017
1690.0,0.1997
1691.0,0.1703
1692.0,0.1976
1693.0,0.2069
1694.0,0.1939
1695.0,0.2036
1696.0,0.2044
1697.0,0.153
1698.0,0.2013
1699.0,0.1985
1700.0,0.1905
1702.0,0.1967
1705.0,0.1871
1710.0,0.1751
1715.0,0.1767
1720.0,0.1761
1725.0,0.1584
1730.0,0.1581
1735.0,0.1475
1740.0,0.1484
1745.0,0.1379
1750.0,0.1485
1755.0,0.1333
1760.0,0.1408
1765.0,0.1078
1770.0,0.1147
1775.0,0.08422
1780.0,0.06753
1785.0,0.04417
1790.0,0.05327
1795.0,0.01461
1800.0,0.0122
1805.0,0.001717
1810.0,0.001517
1815.0,9.125e-05
1820.0,9.361e-06
1825.0,1.347e-05
1830.0,1.516e-09
1835.0,1.16e-08
1840.0,2.717e-12
1845.0,1.554e-10
1850.0,5.051e-11
1855.0,1.451e-11
1860.0,1.102e-08
1865.0,7.191e-09
1870.0,5.285e-17
1875.0,1.287e-16
1880.0,1.43e-07
1885.0,5.645e-08
1890.0,3.06e-07
1895.0,3.135e-07
1900.0,9.863e-11
1905.0,1.029e-10
1910.0,1.084e-08
1915.0,3.424e-08
1920.0,1.467e-06
1925.0,9.737e-06
1930.0,7.558e-06
1935.0,0.0001799
1940.0,0.0003511
1945.0,0.002223
1950.0,0.007146
1955.0,0.004639
1960.0,0.01443
1965.0,0.02787
1970.0,0.04675
1975.0,0.05563
1980.0,0.05805
1985.0,0.06542
1990.0,0.06806
1995.0,0.07473
2000.0,0.0814
2005.0,0.06326
2010.0,0.1074
2015.0,0.07498
2020.0,0.08377
2025.0,0.0971
2030.0,0.08526
2035.0,0.09984
2040.0,0.09182
2045.0,0.09627
2050.0,0.1007
2055.0,0.0942
2060.0,0.09014
2065.0,0.09339
2070.0,0.09176
2075.0,0.09644
2080.0,0.09384
2085.0,0.09336
2090.0,0.09522
2095.0,0.09183
2100.0,0.08257
2105.0,0.0928
2110.0,0.08709
2115.0,0.0913
2120.0,0.08336
2125.0,0.08578
2130.0,0.08812
2135.0,0.0891
2140.0,0.09034
2145.0,0.08933
2150.0,0.08051
2155.0,0.08072
2160.0,0.08059
2165.0,0.07278
2170.0,0.07899
2175.0,0.07506
2180.0,0.07898
2185.0,0.0676
2190.0,0.07543
2195.0,0.07434
2200.0,0.06005
2205.0,0.06716
2210.0,0.07709
2215.0,0.07169
2220.0,0.07432
2225.0,0.0714
2230.0,0.07203
2235.0,0.06951
2240.0,0.0687
2245.0,0.06416
2250.0,0.0676
2255.0,0.05998
2260.0,0.05863
2265.0,0.06213
2270.0,0.05557
2275.0,0.05432
2280.0,0.06025
2285.0,0.05345
2290.0,0.05377
2295.0,0.05205
2300.0,0.047
2305.0,0.04795
2310.0,0.05809
2315.0,0.04743
2320.0,0.03805
2325.0,0.04836
2330.0,0.04695
2335.0,0.04944
2340.0,0.03223
2345.0,0.03883
2350.0,0.02792
2355.0,0.03467
2360.0,0.03871
2365.0,0.03969
2370.0,0.01534
2375.0,0.03144
2380.0,0.03057
2385.0,0.01841
2390.0,0.02419
2395.0,0.02763
2400.0,0.0317
2405.0,0.02205
2410.0,0.0219
2415.0,0.01489
2420.0,0.01504
2425.0,0.0203
2430.0,0.03153
2435.0,0.006215
2440.0,0.03156
2445.0,0.01009
2450.0,0.005136
2455.0,0.01376
2460.0,0.01947
2465.0,0.01127
2470.0,0.005553
2475.0,0.005284
2480.0,0.001945
2485.0,0.000743
2490.0,0.0002587
2495.0,0.000231
2500.0,0.001068
2505.0,0.0001848
2510.0,0.0002918
2515.0,3.325e-05
2520.0,2.135e-06
2525.0,4.744e-07
2530.0,1.028e-11
2535.0,3.433e-13
2540.0,1.911e-12
2545.0,8.322e-18
2550.0,3.09e-21
2555.0,9.867e-17
2560.0,7.102e-18
2565.0,6.698999999999999e-24
2570.0,6.415e-32
2575.0,0.0
2580.0,2.465e-40
2585.0,0.0
2590.0,0.0
2595.0,0.0
2600.0,0.0
2605.0,0.0
2610.0,0.0
2615.0,0.0
2620.0,0.0
2625.0,0.0
2630.0,0.0
2635.0,2.325e-27
2640.0,1.298e-29
2645.0,3.954e-33
2650.0,2.6380000000000003e-36
2655.0,0.0
2660.0,3.391e-43
2665.0,0.0
2670.0,0.0
2675.0,0.0
2680.0,5.867999999999999e-41
2685.0,1.1640000000000001e-42
2690.0,5.605e-45
2695.0,8.408e-45
2700.0,3.1539999999999998e-40
2705.0,2.161e-37
2710.0,1.511e-40
2715.0,7.315e-43
2720.0,0.0
2725.0,1.811e-34
2730.0,2.974e-35
2735.0,2.81e-36
2740.0,9.073000000000001e-42
2745.0,2.536e-36
2750.0,1.185e-35
2755.0,2.8649999999999998e-37
2760.0,3.969e-30
2765.0,8.33e-39
2770.0,2.227e-35
2775.0,1.4260000000000001e-30
2780.0,2.312e-25
2785.0,1.646e-23
2790.0,1.343e-21
2795.0,7.025e-24
2800.0,1.244e-15
2805.0,7.847e-18
2810.0,5.47e-14
2815.0,1.615e-14
2820.0,7.265e-17
2825.0,1.718e-11
2830.0,3.018e-09
2835.0,8.679e-17
2840.0,3.591e-11
2845.0,2.084e-07
2850.0,1.906e-10
2855.0,1.287e-09
2860.0,6.623e-08
2865.0,1.064e-06
2870.0,3.621e-09
2875.0,6.346e-06
2880.0,8.962e-06
2885.0,6.821e-06
2890.0,6.756e-06
2895.0,0.0003122
2900.0,4.738e-05
2905.0,2.535e-06
2910.0,0.0003863
2915.0,0.0001038
2920.0,0.0003938
2925.0,0.0001347
2930.0,0.001464
2935.0,0.001623
2940.0,0.0002234
2945.0,0.0001171
2950.0,0.001117
2955.0,0.000537
2960.0,0.001237
2965.0,0.002744
2970.0,2.859e-05
2975.0,0.0001238
2980.0,0.0001907
2985.0,0.002533
2990.0,0.005238
2995.0,0.001042
3000.0,0.002941
3005.0,0.0006488
3010.0,0.002763
3015.0,0.001707
3020.0,2.755e-05
3025.0,0.0029
3030.0,0.00212
3035.0,0.0005026
3040.0,0.0003946
3045.0,0.000943
3050.0,0.0001486
3055.0,1.778e-05
3060.0,0.002326
3065.0,0.0006076
3070.0,0.0002283
3075.0,0.002092
3080.0,0.0009897
3085.0,0.0002459
3090.0,0.0003758
3095.0,4.827e-05
3100.0,0.001323
3105.0,0.0001415
3110.0,4.909e-05
3115.0,0.0003549
3120.0,0.004459
3125.0,0.001035
3130.0,0.002558
3135.0,0.005875
3140.0,0.0009328
3145.0,0.0009691
3150.0,0.002766
3155.0,0.002351
3160.0,0.004394
3165.0,0.009232
3170.0,0.008182
3175.0,0.004461
3180.0,0.006375
3185.0,0.002786
3190.0,0.001521
3195.0,0.0003654
3200.0,1.784e-05
3205.0,7.068e-06
3210.0,3.023e-06
3215.0,2.832e-05
3220.0,0.0001417
3225.0,1.326e-05
3230.0,1.849e-05
3235.0,0.00272
3240.0,0.0006355
3245.0,0.0001162
3250.0,0.0005406
3255.0,0.004643
3260.0,0.0001503
3265.0,0.0004421
3270.0,0.0001108
3275.0,0.001975
3280.0,0.0006074
3285.0,0.00627
3290.0,0.00368
3295.0,0.0002351
3300.0,0.0003527
3305.0,0.001044
3310.0,0.0008579
3315.0,3.013e-09
3320.0,4.778e-07
3325.0,0.0005947
3330.0,0.002204
3335.0,0.004404
3340.0,0.001393
3345.0,0.0009888
3350.0,0.004456
3355.0,0.001023
3360.0,0.002208
3365.0,0.004036
3370.0,0.0009783
3375.0,0.005237
3380.0,0.001587
3385.0,0.004175
3390.0,0.005641
3395.0,0.005987
3400.0,0.01009
3405.0,0.001279
3410.0,0.004239
3415.0,0.003162
3420.0,0.01139
3425.0,0.006062
3430.0,0.004423
3435.0,0.009497
3440.0,0.003879
3445.0,0.008575
3450.0,0.00809
3455.0,0.004747
3460.0,0.01078
3465.0,0.006071
3470.0,0.01058
3475.0,0.008048
3480.0,0.008464
3485.0,0.01012
3490.0,0.007267
3495.0,0.01051
3500.0,0.01001
3505.0,0.009887
3510.0,0.01023
3515.0,0.009414
3520.0,0.01069
3525.0,0.00958
3530.0,0.009056
3535.0,0.006362
3540.0,0.005834
3545.0,0.006445
3550.0,0.008354
3555.0,0.006264
3560.0,0.00888
3565.0,0.00878
3570.0,0.00567
3575.0,0.005593
3580.0,0.008145
3585.0,0.006499
3590.0,0.007155
3595.0,0.00784
3600.0,0.008727
3605.0,0.008398
3610.0,0.007279
3615.0,0.007762
3620.0,0.01086
3625.0,0.008346
3630.0,0.008305
3635.0,0.008726
3640.0,0.01076
3645.0,0.008942
3650.0,0.008456
3655.0,0.009886
3660.0,0.009893
3665.0,0.008507
3670.0,0.005706
3675.0,0.002258
3680.0,0.005838
3685.0,0.007421
3690.0,0.007822
3695.0,0.008772
3700.0,0.01024
3705.0,0.009955
3710.0,0.00772
3715.0,0.007715
3720.0,0.009538
3725.0,0.009994
3730.0,0.007874
3735.0,0.00679
3740.0,0.007262
3745.0,0.009466
3750.0,0.008114
3755.0,0.007705
3760.0,0.007274
3765.0,0.007025
3770.0,0.008016
3775.0,0.007895
3780.0,0.008687
3785.0,0.00735
3790.0,0.006067
3795.0,0.007724
3800.0,0.009362
3805.0,0.008424
3810.0,0.006684
3815.0,0.00616
3820.0,0.00912
3825.0,0.008791
3830.0,0.0091
3835.0,0.005916
3840.0,0.008026
3845.0,0.007636
3850.0,0.007733
3855.0,0.007178
3860.0,0.006203
3865.0,0.006332
3870.0,0.005169
3875.0,0.004226
3880.0,0.003935
3885.0,0.004287
3890.0,0.004434
3895.0,0.005441
3900.0,0.006242
3905.0,0.006245
3910.0,0.004944
3915.0,0.004713
3920.0,0.004734
3925.0,0.004595
3930.0,0.00496
3935.0,0.005462
3940.0,0.005635
3945.0,0.005895
3950.0,0.00615
3955.0,0.006331
3960.0,0.00648
3965.0,0.006612
3970.0,0.006494
3975.0,0.006176
3980.0,0.006029
3985.0,0.006129
3990.0,0.005999
3995.0,0.005765
4000.0,0.005443
