interpolation:linear
wavelength,value
280.0,0.0
280.5,0.0
281.0,0.0
281.5,0.0
282.0,0.0
282.5,0.0
283.0,2.803e-45
283.5,1.541e-44
284.0,8.139e-41
284.5,3.139e-39
285.0,1e-37
285.5,1.6630000000000002e-35
286.0,2.708e-34
286.5,2e-32
287.0,4.431e-31
287.5,2.4039999999999998e-29
288.0,2.436e-27
288.5,5.0570000000000004e-26
289.0,9.308000000000001e-25
289.5,2.2559999999999998e-23
290.0,3.3899999999999997e-22
290.5,2.827e-21
291.0,3.252e-20
291.5,7.722e-19
292.0,9.784e-18
292.5,3.643e-17
293.0,2.7e-16
293.5,3.504e-15
294.0,1.714e-14
294.5,6.776e-14
295.0,3.298e-13
295.5,2.804e-12
296.0,1.191e-11
296.5,3.509e-11
297.0,8.556e-11
297.5,5.175e-10
298.0,1.564e-09
298.5,2.549e-09
299.0,8.791e-09
299.5,2.926e-08
300.0,4.629e-08
300.5,9.523e-08
301.0,2.814e-07
301.5,6.608e-07
302.0,6.825e-07
302.5,1.946e-06
303.0,5.511e-06
303.5,8.979e-06
304.0,9.509e-06
304.5,1.841e-05
305.0,3.871e-05
305.5,5.408e-05
306.0,5.714e-05
306.5,8.065e-05
307.0,0.0001513
307.5,0.0002471
308.0,0.0002749
308.5,0.0003603
309.0,0.0003592
309.5,0.0005375
310.0,0.0006134
310.5,0.001068
311.0,0.001485
311.5,0.001517
312.0,0.001819
312.5,0.002493
313.0,0.002899
313.5,0.002749
314.0,0.003913
314.5,0.004037
315.0,0.005535
315.5,0.004452
316.0,0.00438
316.5,0.006929
317.0,0.008752
317.5,0.009093
318.0,0.007605
318.5,0.01049
319.0,0.01319
319.5,0.01029
320.0,0.01253
320.5,0.01731
321.0,0.01666
321.5,0.01637
322.0,0.01667
322.5,0.01482
323.0,0.01568
323.5,0.02087
324.0,0.02505
324.5,0.02517
325.0,0.02128
325.5,0.02868
326.0,0.03726
326.5,0.039
327.0,0.03917
327.5,0.03797
328.0,0.03282
328.5,0.037
329.0,0.04634
329.5,0.05379
330.0,0.05486
330.5,0.04369
331.0,0.04482
331.5,0.04713
332.0,0.05276
332.5,0.05331
333.0,0.05375
333.5,0.04871
334.0,0.05054
334.5,0.06014
335.0,0.05769
335.5,0.0669
336.0,0.04694
336.5,0.05689
337.0,0.04711
337.5,0.05932
338.0,0.05931
338.5,0.06838
339.0,0.06926
339.5,0.0672
340.0,0.08089
340.5,0.07395
341.0,0.07254
341.5,0.0684
342.0,0.08308
342.5,0.07899
343.0,0.08736
343.5,0.08278
344.0,0.06199
344.5,0.06262
345.0,0.08549
345.5,0.08896
346.0,0.07682
346.5,0.08824
347.0,0.0954
347.5,0.07793
348.0,0.09047
348.5,0.09171
349.0,0.08624
349.5,0.08642
350.0,0.1082
350.5,0.1154
351.0,0.104
351.5,0.1014
352.0,0.1108
352.5,0.08773
353.0,0.112
353.5,0.1212
354.0,0.1271
354.5,0.1302
355.0,0.131
355.5,0.1198
356.0,0.1267
356.5,0.1093
357.0,0.09109
357.5,0.1126
358.0,0.09012
358.5,0.07774
359.0,0.1097
359.5,0.1409
360.0,0.1508
360.5,0.1218
361.0,0.1122
361.5,0.1307
362.0,0.1144
362.5,0.1602
363.0,0.1454
363.5,0.1354
364.0,0.1673
364.5,0.1443
365.0,0.1483
365.5,0.1878
366.0,0.201
366.5,0.1907
367.0,0.1874
367.5,0.1961
368.0,0.1732
368.5,0.1763
369.0,0.1921
369.5,0.2066
370.0,0.2221
370.5,0.1739
371.0,0.1875
371.5,0.2364
372.0,0.1581
372.5,0.1912
373.0,0.1962
373.5,0.1287
374.0,0.1886
374.5,0.1575
375.0,0.1543
375.5,0.232
376.0,0.1937
376.5,0.2022
377.0,0.2158
377.5,0.2545
378.0,0.2777
378.5,0.2644
379.0,0.2196
379.5,0.2019
380.0,0.2115
380.5,0.2583
381.0,0.261
381.5,0.2087
382.0,0.1869
382.5,0.1607
383.0,0.15
383.5,0.1456
384.0,0.1617
384.5,0.2395
385.0,0.2392
385.5,0.2245
386.0,0.1936
386.5,0.2563
387.0,0.2143
387.5,0.2423
388.0,0.2253
388.5,0.2243
389.0,0.2436
389.5,0.2971
390.0,0.3002
390.5,0.2781
391.0,0.3295
391.5,0.3382
392.0,0.2866
392.5,0.2584
393.0,0.1447
393.5,0.1059
394.0,0.2168
394.5,0.2774
395.0,0.3405
395.5,0.3477
396.0,0.3033
396.5,0.1786
397.0,0.1349
397.5,0.2758
398.0,0.3882
398.5,0.4035
399.0,0.44
399.5,0.4411
400.0,0.4601
401.0,0.478
402.0,0.5104
403.0,0.4905
404.0,0.4879
405.0,0.4928
406.0,0.4903
407.0,0.4879
408.0,0.5114
409.0,0.5527
410.0,0.4878
411.0,0.5337
412.0,0.5793
413.0,0.5695
414.0,0.5821
415.0,0.5895
416.0,0.6061
417.0,0.5963
418.0,0.5904
419.0,0.6035
420.0,0.6059
421.0,0.6395
422.0,0.613
423.0,0.604
424.0,0.6438
425.0,0.6482
426.0,0.6376
427.0,0.6303
428.0,0.6181
429.0,0.5909
430.0,0.5212
431.0,0.5197
432.0,0.6771
433.0,0.686
434.0,0.6411
435.0,0.6735
436.0,0.7651
437.0,0.7611
438.0,0.6982
439.0,0.7246
440.0,0.7534
441.0,0.787
442.0,0.8497
443.0,0.831
444.0,0.855
445.0,0.8402
446.0,0.8083
447.0,0.8805
448.0,0.8975
449.0,0.9091
450.0,0.941
451.0,0.9815
452.0,0.9511
453.0,0.8997
454.0,0.9454
455.0,0.956
456.0,0.9844
457.0,1.006
458.0,0.9754
459.0,0.9762
460.0,0.9829
461.0,1.011
462.0,1.025
463.0,1.021
464.0,1.01
465.0,1.004
466.0,1.019
467.0,1.004
468.0,1.02
469.0,1.03
470.0,1.001
471.0,1.004
472.0,1.061
473.0,1.051
474.0,1.055
475.0,1.066
476.0,1.035
477.0,1.04
478.0,1.075
479.0,1.075
480.0,1.084
481.0,1.111
482.0,1.124
483.0,1.117
484.0,1.099
485.0,1.051
486.0,0.9235
487.0,0.9725
488.0,1.07
489.0,1.076
490.0,1.137
491.0,1.123
492.0,1.064
493.0,1.102
494.0,1.117
495.0,1.13
496.0,1.141
497.0,1.162
498.0,1.111
499.0,1.129
500.0,1.098
501.0,1.08
502.0,1.065
503.0,1.108
504.0,1.072
505.0,1.123
506.0,1.162
507.0,1.109
508.0,1.08
509.0,1.115
510.0,1.114
511.0,1.149
512.0,1.165
513.0,1.106
514.0,1.102
515.0,1.094
516.0,1.094
517.0,0.9749
518.0,1.027
519.0,1.08
520.0,1.121
521.0,1.134
522.0,1.137
523.0,1.118
524.0,1.159
525.0,1.173
526.0,1.122
527.0,1.058
528.0,1.12
529.0,1.182
530.0,1.166
531.0,1.185
532.0,1.146
533.0,1.115
534.0,1.151
535.0,1.18
536.0,1.194
537.0,1.15
538.0,1.173
539.0,1.165
540.0,1.118
541.0,1.124
542.0,1.16
543.0,1.153
544.0,1.172
545.0,1.171
546.0,1.175
547.0,1.179
548.0,1.168
549.0,1.175
550.0,1.191
551.0,1.179
552.0,1.189
553.0,1.169
554.0,1.199
555.0,1.202
556.0,1.188
557.0,1.152
558.0,1.144
559.0,1.122
560.0,1.137
561.0,1.152
562.0,1.144
563.0,1.174
564.0,1.142
565.0,1.132
566.0,1.115
567.0,1.136
568.0,1.121
569.0,1.084
570.0,1.087
571.0,1.085
572.0,1.105
573.0,1.116
574.0,1.112
575.0,1.09
576.0,1.081
577.0,1.095
578.0,1.083
579.0,1.094
580.0,1.125
581.0,1.138
582.0,1.167
583.0,1.175
584.0,1.19
585.0,1.164
586.0,1.141
587.0,1.164
588.0,1.122
589.0,0.9665
590.0,1.014
591.0,1.091
592.0,1.069
593.0,1.099
594.0,1.088
595.0,1.051
596.0,1.118
597.0,1.101
598.0,1.107
599.0,1.112
600.0,1.121
601.0,1.118
602.0,1.112
603.0,1.134
604.0,1.155
605.0,1.151
606.0,1.149
607.0,1.164
608.0,1.155
609.0,1.16
610.0,1.155
611.0,1.163
612.0,1.162
613.0,1.149
614.0,1.136
615.0,1.164
616.0,1.128
617.0,1.127
618.0,1.173
619.0,1.162
620.0,1.17
621.0,1.17
622.0,1.156
623.0,1.137
624.0,1.12
625.0,1.118
626.0,1.134
627.0,1.142
628.0,0.9991
629.0,1.092
630.0,1.065
631.0,1.113
632.0,1.105
633.0,1.149
634.0,1.146
635.0,1.168
636.0,1.158
637.0,1.181
638.0,1.198
639.0,1.188
640.0,1.181
641.0,1.183
642.0,1.181
643.0,1.198
644.0,1.198
645.0,1.198
646.0,1.163
647.0,1.13
648.0,1.133
649.0,1.109
650.0,1.14
651.0,1.194
652.0,1.121
653.0,1.181
654.0,1.17
655.0,1.115
656.0,0.9972
657.0,1.026
658.0,1.158
659.0,1.17
660.0,1.178
661.0,1.188
662.0,1.186
663.0,1.165
664.0,1.186
665.0,1.193
666.0,1.196
667.0,1.198
668.0,1.202
669.0,1.223
670.0,1.22
671.0,1.221
672.0,1.212
673.0,1.232
674.0,1.23
675.0,1.22
676.0,1.23
677.0,1.219
678.0,1.224
679.0,1.206
680.0,1.217
681.0,1.21
682.0,1.209
683.0,1.207
684.0,1.202
685.0,1.214
686.0,1.206
687.0,0.5247
688.0,0.7298
689.0,0.737
690.0,0.8169
691.0,0.9127
692.0,0.9908
693.0,0.9808
694.0,0.9808
695.0,1.058
696.0,1.063
697.0,1.169
698.0,1.15
699.0,1.095
700.0,1.08
701.0,1.058
702.0,1.077
703.0,1.083
704.0,1.135
705.0,1.137
706.0,1.143
707.0,1.147
708.0,1.149
709.0,1.163
710.0,1.157
711.0,1.16
712.0,1.163
713.0,1.146
714.0,1.153
715.0,1.105
716.0,1.103
717.0,0.8545
718.0,0.7779
719.0,0.7053
720.0,0.7279
721.0,0.8609
722.0,1.048
723.0,0.9453
724.0,0.8139
725.0,0.7894
726.0,0.829
727.0,0.8674
728.0,0.7837
729.0,0.8485
730.0,0.8887
731.0,0.845
732.0,0.9419
733.0,1.031
734.0,1.068
735.0,1.04
736.0,1.037
737.0,1.042
738.0,1.087
739.0,1.066
740.0,1.103
741.0,1.097
742.0,1.104
743.0,1.134
744.0,1.135
745.0,1.139
746.0,1.144
747.0,1.148
748.0,1.146
749.0,1.134
750.0,1.134
751.0,1.123
752.0,1.128
753.0,1.135
754.0,1.137
755.0,1.131
756.0,1.131
757.0,1.133
758.0,1.119
759.0,1.078
760.0,0.02891
761.0,0.007846
762.0,0.2849
763.0,0.06852
764.0,0.1576
765.0,0.2846
766.0,0.4498
767.0,0.696
768.0,0.9263
769.0,0.9762
770.0,1.045
771.0,1.07
772.0,1.077
773.0,1.086
774.0,1.083
775.0,1.076
776.0,1.089
777.0,1.076
778.0,1.069
779.0,1.07
780.0,1.065
781.0,1.067
782.0,1.074
783.0,1.056
784.0,1.062
785.0,1.053
786.0,1.064
787.0,1.031
788.0,1.012
789.0,1.012
790.0,0.9665
791.0,0.9938
792.0,0.9897
793.0,0.972
794.0,1.008
795.0,1.02
796.0,0.9622
797.0,0.9611
798.0,1.016
799.0,1.005
800.0,0.9816
801.0,0.9723
802.0,0.9692
803.0,0.9585
804.0,0.9633
805.0,0.9684
806.0,1.009
807.0,0.9947
808.0,0.9967
809.0,0.9679
810.0,0.9542
811.0,0.9429
812.0,0.8967
813.0,0.872
814.0,0.7205
815.0,0.7202
816.0,0.6641
817.0,0.6788
818.0,0.6427
819.0,0.7582
820.0,0.7008
821.0,0.88
822.0,0.8452
823.0,0.4862
824.0,0.7972
825.0,0.8662
826.0,0.813
827.0,0.8786
828.0,0.6865
829.0,0.8128
830.0,0.7982
831.0,0.8009
832.0,0.766
833.0,0.8414
834.0,0.7944
835.0,0.9164
836.0,0.8468
837.0,0.9198
838.0,0.8757
839.0,0.9078
840.0,0.9318
841.0,0.9123
842.0,0.9246
843.0,0.9351
844.0,0.9167
845.0,0.9553
846.0,0.9532
847.0,0.9388
848.0,0.9285
849.0,0.9022
850.0,0.8651
851.0,0.911
852.0,0.9074
853.0,0.8774
854.0,0.7544
855.0,0.8337
856.0,0.9092
857.0,0.9329
858.0,0.9246
859.0,0.9279
860.0,0.9311
861.0,0.9257
862.0,0.9412
863.0,0.9636
864.0,0.9158
865.0,0.9084
866.0,0.817
867.0,0.8528
868.0,0.9284
869.0,0.9095
870.0,0.9357
871.0,0.923
872.0,0.9202
873.0,0.9186
874.0,0.9079
875.0,0.8894
876.0,0.8985
877.0,0.9081
878.0,0.9172
879.0,0.9035
880.0,0.8844
881.0,0.8689
882.0,0.8867
883.0,0.8922
884.0,0.8873
885.0,0.894
886.0,0.8436
887.0,0.8595
888.0,0.8688
889.0,0.8857
890.0,0.8695
891.0,0.8726
892.0,0.8358
893.0,0.7993
894.0,0.747
895.0,0.6764
896.0,0.6304
897.0,0.5092
898.0,0.5707
899.0,0.3991
900.0,0.6058
901.0,0.418
902.0,0.5371
903.0,0.5252
904.0,0.7414
905.0,0.7062
906.0,0.6517
907.0,0.4755
908.0,0.4966
909.0,0.5574
910.0,0.4545
911.0,0.5155
912.0,0.5394
913.0,0.4595
914.0,0.464
915.0,0.4985
916.0,0.4178
917.0,0.5673
918.0,0.4249
919.0,0.5918
920.0,0.6292
921.0,0.6512
922.0,0.5538
923.0,0.6329
924.0,0.5585
925.0,0.5489
926.0,0.5492
927.0,0.6426
928.0,0.3911
929.0,0.3367
930.0,0.2327
931.0,0.2199
932.0,0.129
933.0,0.09341
934.0,0.03042
935.0,0.1043
936.0,0.05035
937.0,0.05072
938.0,0.06727
939.0,0.2124
940.0,0.279
941.0,0.182
942.0,0.2245
943.0,0.1269
944.0,0.1553
945.0,0.1942
946.0,0.07215
947.0,0.1876
948.0,0.1356
949.0,0.2797
950.0,0.04325
951.0,0.2782
952.0,0.1163
953.0,0.1721
954.0,0.2367
955.0,0.1771
956.0,0.2016
957.0,0.1152
958.0,0.3127
959.0,0.214
960.0,0.2401
961.0,0.2971
962.0,0.2802
963.0,0.3478
964.0,0.3119
965.0,0.3449
966.0,0.343
967.0,0.3374
968.0,0.5555
969.0,0.563
970.0,0.5091
971.0,0.6287
972.0,0.5907
973.0,0.4683
974.0,0.4418
975.0,0.4725
976.0,0.4224
977.0,0.5365
978.0,0.4864
979.0,0.5217
980.0,0.4848
981.0,0.6268
982.0,0.5821
983.0,0.55
984.0,0.6682
985.0,0.5788
986.0,0.6944
987.0,0.6659
988.0,0.666
989.0,0.7019
990.0,0.6616
991.0,0.7024
992.0,0.7082
993.0,0.6771
994.0,0.71
995.0,0.7116
996.0,0.7059
997.0,0.7083
998.0,0.704
999.0,0.7022
1000.0,0.6934
1001.0,0.7066
1002.0,0.6707
1003.0,0.6933
1004.0,0.6719
1005.0,0.6533
1006.0,0.6761
1007.0,0.6919
1008.0,0.6853
1009.0,0.6785
1010.0,0.674
1011.0,0.689
1012.0,0.6801
1013.0,0.6884
1014.0,0.6836
1015.0,0.6787
1016.0,0.6753
1017.0,0.6764
1018.0,0.676
1019.0,0.6553
1020.0,0.6715
1021.0,0.6718
1022.0,0.6643
1023.0,0.6711
1024.0,0.656
1025.0,0.6728
1026.0,0.6683
1027.0,0.6672
1028.0,0.6653
1029.0,0.6569
1030.0,0.6637
1031.0,0.6602
1032.0,0.659
1033.0,0.6491
1034.0,0.6494
1035.0,0.6514
1036.0,0.6541
1037.0,0.6438
1038.0,0.6464
1039.0,0.6457
1040.0,0.643
1041.0,0.645
1042.0,0.6405
1043.0,0.6382
1044.0,0.64
1045.0,0.631
1046.0,0.6237
1047.0,0.6289
1048.0,0.6318
1049.0,0.6291
1050.0,0.6257
1051.0,0.6241
1052.0,0.621
1053.0,0.6153
1054.0,0.6158
1055.0,0.6152
1056.0,0.612
1057.0,0.6093
1058.0,0.5934
1059.0,0.5931
1060.0,0.5917
1061.0,0.5904
1062.0,0.5925
1063.0,0.5859
1064.0,0.5932
1065.0,0.5865
1066.0,0.5769
1067.0,0.5837
1068.0,0.5693
1069.0,0.5532
1070.0,0.5705
1071.0,0.5849
1072.0,0.574
1073.0,0.5666
1074.0,0.5876
1075.0,0.5429
1076.0,0.5864
1077.0,0.5674
1078.0,0.5523
1079.0,0.58
1080.0,0.5589
1081.0,0.5328
1082.0,0.5549
1083.0,0.5605
1084.0,0.5288
1085.0,0.5615
1086.0,0.4924
1087.0,0.5212
1088.0,0.5576
1089.0,0.5247
1090.0,0.5064
1091.0,0.5519
1092.0,0.5531
1093.0,0.4303
1094.0,0.5012
1095.0,0.4495
1096.0,0.4203
1097.0,0.5407
1098.0,0.4074
1099.0,0.4306
1100.0,0.3863
1101.0,0.3966
1102.0,0.3681
1103.0,0.3572
1104.0,0.3589
1105.0,0.4175
1106.0,0.262
1107.0,0.3862
1108.0,0.2933
1109.0,0.2988
1110.0,0.3747
1111.0,0.209
1112.0,0.2986
1113.0,0.1487
1114.0,0.1674
1115.0,0.1352
1116.0,0.08816
1117.0,0.01767
1118.0,0.09989
1119.0,0.035
1120.0,0.04176
1121.0,0.06221
1122.0,0.01617
1123.0,0.03827
1124.0,0.0321
1125.0,0.04548
1126.0,0.007094
1127.0,0.05221
1128.0,0.02044
1129.0,0.02253
1130.0,0.0135
1131.0,0.1338
1132.0,0.09759
1133.0,0.04393
1134.0,0.005316
1135.0,0.002376
1136.0,0.0312
1137.0,0.1242
1138.0,0.08366
1139.0,0.1698
1140.0,0.1242
1141.0,0.08017
1142.0,0.09975
1143.0,0.1623
1144.0,0.03839
1145.0,0.04217
1146.0,0.04533
1147.0,0.007777
1148.0,0.137
1149.0,0.09735
1150.0,0.04563
1151.0,0.08319
1152.0,0.1168
1153.0,0.1259
1154.0,0.04276
1155.0,0.1768
1156.0,0.1496
1157.0,0.1894
1158.0,0.1865
1159.0,0.2106
1160.0,0.1733
1161.0,0.241
1162.0,0.239
1163.0,0.3767
1164.0,0.3042
1165.0,0.2679
1166.0,0.2824
1167.0,0.3166
1168.0,0.3161
1169.0,0.3283
1170.0,0.374
1171.0,0.3645
1172.0,0.383
1173.0,0.3736
1174.0,0.2301
1175.0,0.3761
1176.0,0.4377
1177.0,0.4033
1178.0,0.2744
1179.0,0.4411
1180.0,0.3679
1181.0,0.3804
1182.0,0.2296
1183.0,0.3797
1184.0,0.3445
1185.0,0.3219
1186.0,0.417
1187.0,0.3856
1188.0,0.2269
1189.0,0.3578
1190.0,0.4105
1191.0,0.3662
1192.0,0.4186
1193.0,0.3932
1194.0,0.4106
1195.0,0.3723
1196.0,0.3501
1197.0,0.4169
1198.0,0.375
1199.0,0.287
1200.0,0.3882
1201.0,0.3622
1202.0,0.371
1203.0,0.3607
1204.0,0.3029
1205.0,0.3882
1206.0,0.4444
1207.0,0.365
1208.0,0.3691
1209.0,0.3781
1210.0,0.4015
1211.0,0.3713
1212.0,0.3479
1213.0,0.4206
1214.0,0.363
1215.0,0.3546
1216.0,0.4216
1217.0,0.4044
1218.0,0.4175
1219.0,0.4084
1220.0,0.4187
1221.0,0.427
1222.0,0.4134
1223.0,0.4065
1224.0,0.397
1225.0,0.4229
1226.0,0.4311
1227.0,0.3801
1228.0,0.437
1229.0,0.4312
1230.0,0.4206
1231.0,0.4439
1232.0,0.4409
1233.0,0.4105
1234.0,0.447
1235.0,0.4418
1236.0,0.447
1237.0,0.4348
1238.0,0.4455
1239.0,0.4397
1240.0,0.4422
1241.0,0.4361
1242.0,0.4387
1243.0,0.4354
1244.0,0.4373
1245.0,0.4399
1246.0,0.4375
1247.0,0.4347
1248.0,0.4323
1249.0,0.4355
1250.0,0.4317
1251.0,0.4236
1252.0,0.4269
1253.0,0.4177
1254.0,0.4092
1255.0,0.425
1256.0,0.4024
1257.0,0.3981
1258.0,0.414
1259.0,0.3828
1260.0,0.3868
1261.0,0.3455
1262.0,0.3252
1263.0,0.3253
1264.0,0.2786
1265.0,0.3236
1266.0,0.2984
1267.0,0.3127
1268.0,0.2823
1269.0,0.1043
1270.0,0.308
1271.0,0.347
1272.0,0.3502
1273.0,0.3442
1274.0,0.3484
1275.0,0.3569
1276.0,0.3643
1277.0,0.372
1278.0,0.3868
1279.0,0.383
1280.0,0.3786
1281.0,0.365
1282.0,0.3579
1283.0,0.3842
1284.0,0.3923
1285.0,0.3959
1286.0,0.4046
1287.0,0.3922
1288.0,0.3941
1289.0,0.3693
1290.0,0.3912
1291.0,0.399
1292.0,0.3529
1293.0,0.3863
1294.0,0.3827
1295.0,0.3731
1296.0,0.3433
1297.0,0.3158
1298.0,0.3601
1299.0,0.3887
1300.0,0.2966
1301.0,0.3109
1302.0,0.3597
1303.0,0.2956
1304.0,0.2239
1305.0,0.3508
1306.0,0.3472
1307.0,0.2391
1308.0,0.3011
1309.0,0.3391
1310.0,0.2317
1311.0,0.2819
1312.0,0.2708
1313.0,0.2578
1314.0,0.2203
1315.0,0.2115
1316.0,0.2719
1317.0,0.2531
1318.0,0.2876
1319.0,0.1914
1320.0,0.1915
1321.0,0.2352
1322.0,0.231
1323.0,0.1477
1324.0,0.1893
1325.0,0.2637
1326.0,0.2101
1327.0,0.1955
1328.0,0.1591
1329.0,0.09789
1330.0,0.1393
1331.0,0.06286
1332.0,0.07033
1333.0,0.1018
1334.0,0.1013
1335.0,0.1444
1336.0,0.1013
1337.0,0.0871
1338.0,0.09252
1339.0,0.09471
1340.0,0.09859
1341.0,0.08079
1342.0,0.0871
1343.0,0.03826
1344.0,0.02492
1345.0,0.03387
1346.0,0.008637
1347.0,0.007583
1348.0,0.0001305
1349.0,0.0006196
1350.0,0.000774
1351.0,5.339e-05
1352.0,2.191e-06
1353.0,3.422e-08
1354.0,3.51e-07
1355.0,1.104e-10
1356.0,1.686e-08
1357.0,2.468e-08
1358.0,1.502e-10
1359.0,1.134e-12
1360.0,2.568e-11
1361.0,1.323e-16
1362.0,6.869e-20
1363.0,6.82e-12
1364.0,5.069e-12
1365.0,7.360999999999999e-22
1366.0,5.974e-11
1367.0,8.008e-11
1368.0,9.183e-27
1369.0,2.004e-12
1370.0,2.91e-13
1371.0,5.882e-15
1372.0,5.153e-11
1373.0,4.773e-09
1374.0,7.083e-08
1375.0,7.846e-08
1376.0,3.479e-07
1377.0,1.35e-07
1378.0,1.308e-06
1379.0,6.305e-08
1380.0,3.46e-08
1381.0,7.157e-10
1382.0,3.195e-11
1383.0,3.229e-13
1384.0,1.254e-12
1385.0,1.399e-10
1386.0,1.089e-11
1387.0,2.167e-08
1388.0,1.226e-09
1389.0,3.857e-07
1390.0,2.626e-07
1391.0,1.805e-07
1392.0,1.305e-08
1393.0,1.12e-07
1394.0,5.487e-09
1395.0,2.155e-11
1396.0,4.462e-16
1397.0,2.966e-08
1398.0,1.153e-06
1399.0,8.416e-07
1400.0,3.684e-17
1401.0,1.362e-15
1402.0,1.871e-05
1403.0,1.497e-05
1404.0,3.484e-06
1405.0,3.879e-12
1406.0,4.299e-06
1407.0,1.203e-06
1408.0,4.152e-06
1409.0,4.938e-07
1410.0,1.254e-06
1411.0,1.463e-05
1412.0,3.25e-05
1413.0,0.0009299
1414.0,1.197e-06
1415.0,3.865e-07
1416.0,0.004038
1417.0,0.0006552
1418.0,0.0004506
1419.0,6.038e-05
1420.0,0.0002698
1421.0,0.0004407
1422.0,0.005236
1423.0,0.0009213
1424.0,0.002129
1425.0,0.002389
1426.0,0.004085
1427.0,0.009951
1428.0,0.0001029
1429.0,0.005608
1430.0,0.01503
1431.0,0.0179
1432.0,7.834e-05
1433.0,0.009642
1434.0,0.004119
1435.0,0.002064
1436.0,0.006943
1437.0,0.005491
1438.0,0.001587
1439.0,0.01053
1440.0,0.008589
1441.0,0.004422
1442.0,0.004346
1443.0,0.008387
1444.0,0.01501
1445.0,0.008098
1446.0,0.002679
1447.0,0.005322
1448.0,0.04266
1449.0,0.03383
1450.0,0.004375
1451.0,0.001364
1452.0,0.01508
1453.0,0.02173
1454.0,0.06055
1455.0,0.01994
1456.0,0.02519
1457.0,0.04435
1458.0,0.06732
1459.0,0.07892
1460.0,0.03345
1461.0,0.02748
1462.0,0.05436
1463.0,0.01167
1464.0,0.07667
1465.0,0.04286
1466.0,0.01578
1467.0,0.005944
1468.0,0.02164
1469.0,0.03256
1470.0,0.007543
1471.0,0.002812
1472.0,0.007037
1473.0,0.01766
1474.0,0.03945
1475.0,0.1006
1476.0,0.02114
1477.0,0.01871
1478.0,0.02324
1479.0,0.05434
1480.0,0.01616
1481.0,0.0477
1482.0,0.0198
1483.0,0.07236
1484.0,0.07495
1485.0,0.06181
1486.0,0.05346
1487.0,0.01586
1488.0,0.04388
1489.0,0.1163
1490.0,0.1124
1491.0,0.1374
1492.0,0.08943
1493.0,0.1106
1494.0,0.1424
1495.0,0.1206
1496.0,0.1084
1497.0,0.1878
1498.0,0.1355
1499.0,0.1665
1500.0,0.2141
1501.0,0.2203
1502.0,0.1845
1503.0,0.1395
1504.0,0.1
1505.0,0.1347
1506.0,0.2306
1507.0,0.2169
1508.0,0.2071
1509.0,0.1349
1510.0,0.2445
1511.0,0.2273
1512.0,0.2339
1513.0,0.1958
1514.0,0.1764
1515.0,0.243
1516.0,0.2287
1517.0,0.2147
1518.0,0.2177
1519.0,0.206
1520.0,0.2315
1521.0,0.267
1522.0,0.2413
1523.0,0.2721
1524.0,0.257
1525.0,0.2349
1526.0,0.2407
1527.0,0.2412
1528.0,0.2694
1529.0,0.2509
1530.0,0.2423
1531.0,0.2515
1532.0,0.2717
1533.0,0.2735
1534.0,0.2672
1535.0,0.2628
1536.0,0.2708
1537.0,0.2625
1538.0,0.2695
1539.0,0.263
1540.0,0.2664
1541.0,0.2676
1542.0,0.2624
1543.0,0.2697
1544.0,0.264
1545.0,0.2727
1546.0,0.2662
1547.0,0.2642
1548.0,0.2642
1549.0,0.2675
1550.0,0.2652
1551.0,0.2666
1552.0,0.2628
1553.0,0.2636
1554.0,0.2607
1555.0,0.2622
1556.0,0.2617
1557.0,0.2652
1558.0,0.2636
1559.0,0.2618
1560.0,0.2635
1561.0,0.2654
1562.0,0.261
1563.0,0.2594
1564.0,0.2603
1565.0,0.2617
1566.0,0.2577
1567.0,0.2586
1568.0,0.2554
1569.0,0.2578
1570.0,0.2599
1571.0,0.2616
1572.0,0.2598
1573.0,0.2576
1574.0,0.2479
1575.0,0.2445
1576.0,0.2395
1577.0,0.233
1578.0,0.2439
1579.0,0.2445
1580.0,0.2472
1581.0,0.2437
1582.0,0.2392
1583.0,0.2398
1584.0,0.2467
1585.0,0.25
1586.0,0.2463
1587.0,0.2425
1588.0,0.2376
1589.0,0.2304
1590.0,0.2349
1591.0,0.241
1592.0,0.2468
1593.0,0.2521
1594.0,0.2507
1595.0,0.2482
1596.0,0.2405
1597.0,0.2454
1598.0,0.2505
1599.0,0.2478
1600.0,0.2466
1601.0,0.2426
1602.0,0.2426
1603.0,0.2463
1604.0,0.2443
1605.0,0.2443
1606.0,0.2415
1607.0,0.2437
1608.0,0.2425
1609.0,0.2368
1610.0,0.2318
1611.0,0.2357
1612.0,0.239
1613.0,0.2385
1614.0,0.239
1615.0,0.2339
1616.0,0.2301
1617.0,0.2338
1618.0,0.2387
1619.0,0.2331
1620.0,0.2295
1621.0,0.2317
1622.0,0.2354
1623.0,0.2389
1624.0,0.2355
1625.0,0.2346
1626.0,0.2349
1627.0,0.2371
1628.0,0.2358
1629.0,0.2343
1630.0,0.2326
1631.0,0.2298
1632.0,0.2301
1633.0,0.2201
1634.0,0.2288
1635.0,0.2215
1636.0,0.2223
1637.0,0.2211
1638.0,0.2014
1639.0,0.2161
1640.0,0.1984
1641.0,0.2136
1642.0,0.2196
1643.0,0.1958
1644.0,0.2201
1645.0,0.207
1646.0,0.196
1647.0,0.2233
1648.0,0.1958
1649.0,0.2154
1650.0,0.2179
1651.0,0.1887
1652.0,0.2136
1653.0,0.2175
1654.0,0.1961
1655.0,0.2175
1656.0,0.2099
1657.0,0.2133
1658.0,0.2195
1659.0,0.217
1660.0,0.219
1661.0,0.2171
1662.0,0.2076
1663.0,0.2178
1664.0,0.2146
1665.0,0.1935
1666.0,0.1309
1667.0,0.1917
1668.0,0.2077
1669.0,0.2084
1670.0,0.2145
1671.0,0.2064
1672.0,0.2057
1673.0,0.2114
1674.0,0.2029
1675.0,0.2007
1676.0,0.2036
1677.0,0.2017
1678.0,0.1922
1679.0,0.2033
1680.0,0.1941
1681.0,0.1842
1682.0,0.1996
1683.0,0.2039
1684.0,0.1746
1685.0,0.2062
1686.0,0.2054
1687.0,0.1914
1688.0,0.2034
1689.0,0.2013
1690.0,0.199
1691.0,0.1679
1692.0,0.1968
1693.0,0.2066
1694.0,0.1928
1695.0,0.2032
1696.0,0.2041
1697.0,0.1499
1698.0,0.2008
1699.0,0.1981
1700.0,0.1895
1702.0,0.1963
1705.0,0.186
1710.0,0.1738
1715.0,0.1756
1720.0,0.1751
1725.0,0.1566
1730.0,0.1565
1735.0,0.146
1740.0,0.1466
1745.0,0.1361
1750.0,0.1466
1755.0,0.1311
1760.0,0.1387
1765.0,0.1051
1770.0,0.1118
1775.0,0.08098
1780.0,0.06427
1785.0,0.04117
1790.0,0.04997
1795.0,0.01239
1800.0,0.01069
1805.0,0.001256
1810.0,0.001196
1815.0,5.386e-05
1820.0,4.753e-06
1825.0,6.949e-06
1830.0,5.094e-10
1835.0,5.095e-09
1840.0,7.367e-13
1845.0,3.287e-11
1850.0,1.009e-11
1855.0,3.915e-12
1860.0,4.43e-09
1865.0,2.489e-09
1870.0,6.764e-18
1875.0,1.714e-17
1880.0,6.093e-08
1885.0,2.298e-08
1890.0,1.164e-07
1895.0,1.376e-07
1900.0,2.959e-11
1905.0,3.35e-11
1910.0,3.779e-09
1915.0,1.482e-08
1920.0,6.338e-07
1925.0,5.002e-06
1930.0,4.259e-06
1935.0,0.0001201
1940.0,0.0002637
1945.0,0.001739
1950.0,0.00612
1955.0,0.003735
1960.0,0.01274
1965.0,0.0259
1970.0,0.04455
1975.0,0.05334
1980.0,0.05594
1985.0,0.06351
1990.0,0.06613
1995.0,0.07299
2000.0,0.07997
2005.0,0.06131
2010.0,0.1068
2015.0,0.07325
2020.0,0.08232
2025.0,0.09632
2030.0,0.08394
2035.0,0.0994
2040.0,0.09089
2045.0,0.09546
2050.0,0.1003
2055.0,0.09345
2060.0,0.08925
2065.0,0.09271
2070.0,0.09099
2075.0,0.09607
2080.0,0.09346
2085.0,0.09298
2090.0,0.09498
2095.0,0.09151
2100.0,0.08181
2105.0,0.09249
2110.0,0.0865
2115.0,0.09103
2120.0,0.08274
2125.0,0.08534
2130.0,0.08788
2135.0,0.08892
2140.0,0.09025
2145.0,0.08923
2150.0,0.07989
2155.0,0.08012
2160.0,0.08012
2165.0,0.07226
2170.0,0.07864
2175.0,0.0744
2180.0,0.07859
2185.0,0.0668
2190.0,0.07494
2195.0,0.07378
2200.0,0.0587
2205.0,0.06635
2210.0,0.07685
2215.0,0.07115
2220.0,0.0739
2225.0,0.07089
2230.0,0.07154
2235.0,0.06891
2240.0,0.06809
2245.0,0.06327
2250.0,0.06699
2255.0,0.05892
2260.0,0.05751
2265.0,0.06128
2270.0,0.05433
2275.0,0.05304
2280.0,0.05941
2285.0,0.05222
2290.0,0.05259
2295.0,0.05086
2300.0,0.04554
2305.0,0.04656
2310.0,0.05736
2315.0,0.04611
2320.0,0.03646
2325.0,0.0474
2330.0,0.04574
2335.0,0.04839
2340.0,0.03073
2345.0,0.03734
2350.0,0.02648
2355.0,0.03318
2360.0,0.03736
2365.0,0.03857
2370.0,0.01395
2375.0,0.03001
2380.0,0.0293
2385.0,0.01723
2390.0,0.02293
2395.0,0.02632
2400.0,0.03039
2405.0,0.02092
2410.0,0.02077
2415.0,0.0137
2420.0,0.01393
2425.0,0.019
2430.0,0.03007
2435.0,0.005518
2440.0,0.03022
2445.0,0.009144
2450.0,0.004499
2455.0,0.01273
2460.0,0.01806
2465.0,0.01012
2470.0,0.004739
2475.0,0.004504
2480.0,0.001612
2485.0,0.0005546
2490.0,0.0001772
2495.0,0.0001589
2500.0,0.0008244
2505.0,0.0001414
2510.0,0.0002258
2515.0,2.349e-05
2520.0,9.998e-07
2525.0,2.623e-07
2530.0,2.177e-12
2535.0,4.986e-14
2540.0,3.201e-13
2545.0,1.031e-18
2550.0,2.39e-22
2555.0,1.042e-17
2560.0,9.467e-19
2565.0,3.8070000000000002e-25
2570.0,1.002e-33
2575.0,0.0
2580.0,7.455e-43
2585.0,0.0
2590.0,0.0
2595.0,0.0
2600.0,0.0
2605.0,0.0
2610.0,0.0
2615.0,0.0
2620.0,0.0
2625.0,0.0
2630.0,0.0
2635.0,7.159e-29
2640.0,1.7750000000000002e-31
2645.0,4.2780000000000003e-35
2650.0,9.82e-39
2655.0,0.0
2660.0,1.4009999999999999e-45
2665.0,0.0
2670.0,0.0
2675.0,0.0
2680.0,3.251e-43
2685.0,5.605e-45
2690.0,0.0
2695.0,0.0
2700.0,1.101e-42
2705.0,7.759e-40
2710.0,1.574e-42
2715.0,1.4009999999999999e-45
2720.0,0.0
2725.0,3.136e-36
2730.0,1.087e-37
2735.0,1.749e-38
2740.0,7.987e-44
2745.0,1.732e-38
2750.0,7.513e-38
2755.0,2.581e-39
2760.0,6.535e-32
2765.0,6.675e-41
2770.0,2.1679999999999998e-37
2775.0,3.95e-32
2780.0,1.0700000000000001e-26
2785.0,1.053e-24
2790.0,9.193999999999999e-23
2795.0,2.258e-25
2800.0,3.28e-16
2805.0,1.31e-18
2810.0,8.128e-15
2815.0,2.415e-15
2820.0,1.069e-17
2825.0,4.153e-12
2830.0,9.58e-10
2835.0,1.077e-17
2840.0,1.109e-11
2845.0,8.67e-08
2850.0,4.854e-11
2855.0,5.897e-10
2860.0,2.859e-08
2865.0,4.906e-07
2870.0,1.315e-09
2875.0,3.39e-06
2880.0,5.69e-06
2885.0,3.658e-06
2890.0,4.377e-06
2895.0,0.0002288
2900.0,3.114e-05
2905.0,1.529e-06
2910.0,0.0002899
2915.0,7.369e-05
2920.0,0.0002928
2925.0,0.0001024
2930.0,0.001195
2935.0,0.001319
2940.0,0.0001726
2945.0,8.062e-05
2950.0,0.000888
2955.0,0.0004326
2960.0,0.001031
2965.0,0.002367
2970.0,1.984e-05
2975.0,9.659e-05
2980.0,0.0001482
2985.0,0.002195
2990.0,0.004756
2995.0,0.0008481
3000.0,0.002545
3005.0,0.0005299
3010.0,0.002418
3015.0,0.001446
3020.0,1.729e-05
3025.0,0.002512
3030.0,0.001818
3035.0,0.0003965
3040.0,0.0003181
3045.0,0.0007601
3050.0,0.0001142
3055.0,1.243e-05
3060.0,0.002012
3065.0,0.0004913
3070.0,0.0001729
3075.0,0.001792
3080.0,0.0008171
3085.0,0.000186
3090.0,0.0002912
3095.0,3.402e-05
3100.0,0.001111
3105.0,0.0001111
3110.0,3.219e-05
3115.0,0.0002692
3120.0,0.003973
3125.0,0.0008992
3130.0,0.002264
3135.0,0.0053
3140.0,0.0007775
3145.0,0.0008135
3150.0,0.002444
3155.0,0.002076
3160.0,0.003949
3165.0,0.008637
3170.0,0.007671
3175.0,0.004
3180.0,0.005893
3185.0,0.002376
3190.0,0.001313
3195.0,0.000274
3200.0,1.114e-05
3205.0,4.05e-06
3210.0,1.812e-06
3215.0,1.96e-05
3220.0,9.915e-05
3225.0,9.371e-06
3230.0,1.255e-05
3235.0,0.00235
3240.0,0.0004909
3245.0,9.188e-05
3250.0,0.0004317
3255.0,0.004138
3260.0,0.0001134
3265.0,0.0003437
3270.0,7.816e-05
3275.0,0.001684
3280.0,0.0004869
3285.0,0.005755
3290.0,0.003242
3295.0,0.0001902
3300.0,0.000279
3305.0,0.0008612
3310.0,0.0006887
3315.0,8.774e-10
3320.0,2.488e-07
3325.0,0.0004587
3330.0,0.001978
3335.0,0.003952
3340.0,0.001235
3345.0,0.0008218
3350.0,0.004078
3355.0,0.0008581
3360.0,0.001943
3365.0,0.003705
3370.0,0.0007992
3375.0,0.004897
3380.0,0.00134
3385.0,0.003841
3390.0,0.005177
3395.0,0.005589
3400.0,0.009746
3405.0,0.001069
3410.0,0.003952
3415.0,0.002796
3420.0,0.01111
3425.0,0.005617
3430.0,0.003995
3435.0,0.009203
3440.0,0.003479
3445.0,0.008224
3450.0,0.007687
3455.0,0.004371
3460.0,0.01051
3465.0,0.005643
3470.0,0.01032
3475.0,0.007671
3480.0,0.008094
3485.0,0.009834
3490.0,0.006877
3495.0,0.01024
3500.0,0.009724
3505.0,0.009602
3510.0,0.009964
3515.0,0.009122
3520.0,0.01047
3525.0,0.00933
3530.0,0.00877
3535.0,0.006006
3540.0,0.005478
3545.0,0.006083
3550.0,0.008077
3555.0,0.005948
3560.0,0.008627
3565.0,0.008503
3570.0,0.005379
3575.0,0.005252
3580.0,0.00788
3585.0,0.006185
3590.0,0.006877
3595.0,0.007621
3600.0,0.008526
3605.0,0.008139
3610.0,0.007009
3615.0,0.007555
3620.0,0.01073
3625.0,0.008103
3630.0,0.008096
3635.0,0.008523
3640.0,0.01065
3645.0,0.00872
3650.0,0.008247
3655.0,0.009736
3660.0,0.009754
3665.0,0.00828
3670.0,0.005474
3675.0,0.002053
3680.0,0.005565
3685.0,0.007179
3690.0,0.00758
3695.0,0.008604
3700.0,0.01016
3705.0,0.009853
3710.0,0.007525
3715.0,0.007544
3720.0,0.009427
3725.0,0.009898
3730.0,0.007709
3735.0,0.006595
3740.0,0.007096
3745.0,0.009371
3750.0,0.007977
3755.0,0.007556
3760.0,0.007081
3765.0,0.006848
3770.0,0.007881
3775.0,0.007758
3780.0,0.008574
3785.0,0.007176
3790.0,0.005879
3795.0,0.007589
3800.0,0.009281
3805.0,0.008308
3810.0,0.006492
3815.0,0.005984
3820.0,0.009039
3825.0,0.008697
3830.0,0.009026
3835.0,0.005711
3840.0,0.007893
3845.0,0.007482
3850.0,0.007581
3855.0,0.007006
3860.0,0.005983
3865.0,0.006115
3870.0,0.004914
3875.0,0.003954
3880.0,0.00366
3885.0,0.004016
3890.0,0.004167
3895.0,0.0052
3900.0,0.006036
3905.0,0.006041
3910.0,0.004693
3915.0,0.004458
3920.0,0.004482
3925.0,0.004342
3930.0,0.004716
3935.0,0.005237
3940.0,0.005418
3945.0,0.005693
3950.0,0.005963
3955.0,0.006157
3960.0,0.006314
3965.0,0.006455
3970.0,0.006332
3975.0,0.006001
3980.0,0.005848
3985.0,0.005958
3990.0,0.005825
3995.0,0.005582
4000.0,0.005256
