interpolation:linear
wavelength,value
280.0,0.0
280.5,0.0
281.0,0.0
281.5,0.0
282.0,0.0
282.5,0.0
283.0,0.0
283.5,0.0
284.0,0.0
284.5,0.0
285.0,0.0
285.5,0.0
286.0,8.408e-45
286.5,2.4680000000000003e-42
287.0,1.427e-40
287.5,2.726e-38
288.0,1.347e-35
288.5,6.496000000000001e-34
289.0,2.85e-32
289.5,1.797e-30
290.0,5.901999999999999e-29
290.5,9.473e-28
291.0,2.3970000000000002e-26
291.5,1.551e-24
292.0,4.4439999999999996e-23
292.5,2.621e-22
293.0,3.504e-21
293.5,1.015e-19
294.0,8.55e-19
294.5,5.092e-18
295.0,4.15e-17
295.5,6.67e-16
296.0,4.383e-15
296.5,1.953e-14
297.0,6.618e-14
297.5,6.338e-13
298.0,2.774e-12
298.5,5.965e-12
299.0,2.664e-11
299.5,1.338e-10
300.0,2.625e-10
300.5,6.674e-10
301.0,2.676e-09
301.5,8.052e-09
302.0,9.377e-09
302.5,3.309e-08
303.0,1.215e-07
303.5,2.298e-07
304.0,2.622e-07
304.5,6.032e-07
305.0,1.585e-06
305.5,2.536e-06
306.0,2.836e-06
306.5,4.358e-06
307.0,9.678e-06
307.5,1.84e-05
308.0,2.114e-05
308.5,2.985e-05
309.0,3.16e-05
309.5,5.528e-05
310.0,6.79e-05
310.5,0.000123
311.0,0.0001817
311.5,0.0001915
312.0,0.0002569
312.5,0.0003793
313.0,0.0004598
313.5,0.0004265
314.0,0.0006601
314.5,0.0007543
315.0,0.00106
315.5,0.0008227
316.0,0.0008778
316.5,0.001486
317.0,0.001889
317.5,0.001946
318.0,0.001706
318.5,0.002549
319.0,0.00334
319.5,0.002485
320.0,0.003024
320.5,0.00451
321.0,0.004625
321.5,0.004605
322.0,0.004449
322.5,0.003998
323.0,0.004436
323.5,0.006333
324.0,0.007721
324.5,0.007638
325.0,0.006232
325.5,0.008717
326.0,0.01188
326.5,0.01284
327.0,0.01287
327.5,0.01241
328.0,0.01039
328.5,0.01234
329.0,0.01601
329.5,0.01885
330.0,0.01923
330.5,0.01509
331.0,0.01545
331.5,0.01664
332.0,0.01916
332.5,0.01964
333.0,0.01982
333.5,0.01779
334.0,0.01853
334.5,0.02258
335.0,0.02198
335.5,0.02576
336.0,0.01818
336.5,0.02198
337.0,0.01818
337.5,0.02297
338.0,0.0234
338.5,0.02726
339.0,0.02782
339.5,0.02713
340.0,0.03264
340.5,0.03003
341.0,0.02978
341.5,0.0283
342.0,0.03458
342.5,0.03307
343.0,0.03671
343.5,0.03492
344.0,0.02611
344.5,0.02663
345.0,0.03669
345.5,0.03844
346.0,0.03339
346.5,0.03857
347.0,0.04187
347.5,0.03436
348.0,0.04013
348.5,0.04088
349.0,0.03865
349.5,0.03893
350.0,0.049
350.5,0.0525
351.0,0.0475
351.5,0.04644
352.0,0.05103
352.5,0.04062
353.0,0.05214
353.5,0.05666
354.0,0.05969
354.5,0.06136
355.0,0.062
355.5,0.05696
356.0,0.06053
356.5,0.05238
357.0,0.04381
357.5,0.05435
358.0,0.04367
358.5,0.03781
359.0,0.05354
359.5,0.06898
360.0,0.07412
360.5,0.06006
361.0,0.05559
361.5,0.06512
362.0,0.0573
362.5,0.08062
363.0,0.07356
363.5,0.06879
364.0,0.08536
364.5,0.07391
365.0,0.07624
365.5,0.09694
366.0,0.1042
366.5,0.09927
367.0,0.09788
367.5,0.1028
368.0,0.0911
368.5,0.0931
369.0,0.1018
369.5,0.1099
370.0,0.1186
370.5,0.09318
371.0,0.1008
371.5,0.1275
372.0,0.08555
372.5,0.1038
373.0,0.1069
373.5,0.07039
374.0,0.1034
374.5,0.0867
375.0,0.08519
375.5,0.1285
376.0,0.1076
376.5,0.1126
377.0,0.1206
377.5,0.1426
378.0,0.156
378.5,0.1489
379.0,0.124
379.5,0.1143
380.0,0.12
380.5,0.1471
381.0,0.1492
381.5,0.1197
382.0,0.1076
382.5,0.0929
383.0,0.08699
383.5,0.08468
384.0,0.09435
384.5,0.1402
385.0,0.1404
385.5,0.1321
386.0,0.1143
386.5,0.1518
387.0,0.1273
387.5,0.1443
388.0,0.1345
388.5,0.1343
389.0,0.1463
389.5,0.1788
390.0,0.1812
390.5,0.1683
391.0,0.2
391.5,0.2057
392.0,0.1748
392.5,0.158
393.0,0.08878
393.5,0.06513
394.0,0.1337
394.5,0.1715
395.0,0.2109
395.5,0.2159
396.0,0.1888
396.5,0.1115
397.0,0.0844
397.5,0.173
398.0,0.2439
398.5,0.2541
399.0,0.278
399.5,0.2793
400.0,0.2918
401.0,0.3047
402.0,0.327
403.0,0.3158
404.0,0.3154
405.0,0.3198
406.0,0.3198
407.0,0.3197
408.0,0.3363
409.0,0.3649
410.0,0.3234
411.0,0.3553
412.0,0.3875
413.0,0.3821
414.0,0.3922
415.0,0.3989
416.0,0.4119
417.0,0.4067
418.0,0.404
419.0,0.4146
420.0,0.4175
421.0,0.4424
422.0,0.4255
423.0,0.4208
424.0,0.4498
425.0,0.4546
426.0,0.4491
427.0,0.4452
428.0,0.4378
429.0,0.4203
430.0,0.3719
431.0,0.3717
432.0,0.4861
433.0,0.4941
434.0,0.4629
435.0,0.4873
436.0,0.5557
437.0,0.5549
438.0,0.5107
439.0,0.5304
440.0,0.5533
441.0,0.5801
442.0,0.628
443.0,0.6149
444.0,0.6346
445.0,0.6245
446.0,0.603
447.0,0.6592
448.0,0.6726
449.0,0.6842
450.0,0.7103
451.0,0.7426
452.0,0.7213
453.0,0.684
454.0,0.7209
455.0,0.7304
456.0,0.7539
457.0,0.7723
458.0,0.7494
459.0,0.7519
460.0,0.7582
461.0,0.7814
462.0,0.7941
463.0,0.7922
464.0,0.7863
465.0,0.7836
466.0,0.7977
467.0,0.7863
468.0,0.8007
469.0,0.8099
470.0,0.7877
471.0,0.7913
472.0,0.8374
473.0,0.8305
474.0,0.8332
475.0,0.8419
476.0,0.8174
477.0,0.8217
478.0,0.851
479.0,0.8538
480.0,0.8633
481.0,0.8883
482.0,0.9012
483.0,0.8983
484.0,0.8854
485.0,0.8488
486.0,0.7473
487.0,0.7886
488.0,0.8686
489.0,0.8742
490.0,0.9261
491.0,0.9161
492.0,0.8693
493.0,0.9019
494.0,0.9149
495.0,0.9272
496.0,0.9369
497.0,0.9555
498.0,0.915
499.0,0.9299
500.0,0.9052
501.0,0.8904
502.0,0.8772
503.0,0.9121
504.0,0.8775
505.0,0.9253
506.0,0.9581
507.0,0.9152
508.0,0.8938
509.0,0.9252
510.0,0.926
511.0,0.9571
512.0,0.9725
513.0,0.9242
514.0,0.9226
515.0,0.9167
516.0,0.9169
517.0,0.8182
518.0,0.8625
519.0,0.9073
520.0,0.9428
521.0,0.9545
522.0,0.9573
523.0,0.942
524.0,0.9761
525.0,0.9869
526.0,0.9449
527.0,0.8906
528.0,0.9429
529.0,0.9948
530.0,0.9821
531.0,0.9983
532.0,0.9661
533.0,0.9404
534.0,0.9719
535.0,0.9975
536.0,1.011
537.0,0.9748
538.0,0.9954
539.0,0.9891
540.0,0.9497
541.0,0.9532
542.0,0.9834
543.0,0.9797
544.0,0.9946
545.0,0.9949
546.0,0.9978
547.0,1.003
548.0,0.9957
549.0,1.002
550.0,1.017
551.0,1.007
552.0,1.017
553.0,0.9998
554.0,1.026
555.0,1.029
556.0,1.017
557.0,0.9863
558.0,0.9788
559.0,0.9603
560.0,0.9729
561.0,0.9854
562.0,0.9776
563.0,1.003
564.0,0.9747
565.0,0.9657
566.0,0.951
567.0,0.9675
568.0,0.9519
569.0,0.9148
570.0,0.9182
571.0,0.9185
572.0,0.9312
573.0,0.9406
574.0,0.9364
575.0,0.9161
576.0,0.9092
577.0,0.9219
578.0,0.914
579.0,0.9267
580.0,0.958
581.0,0.9737
582.0,1.002
583.0,1.012
584.0,1.027
585.0,1.006
586.0,0.9871
587.0,1.005
588.0,0.961
589.0,0.813
590.0,0.854
591.0,0.9297
592.0,0.9052
593.0,0.9388
594.0,0.927
595.0,0.8891
596.0,0.9602
597.0,0.9418
598.0,0.9518
599.0,0.9585
600.0,0.9698
601.0,0.9697
602.0,0.9656
603.0,0.9862
604.0,1.005
605.0,1.003
606.0,1.003
607.0,1.018
608.0,1.011
609.0,1.017
610.0,1.014
611.0,1.022
612.0,1.022
613.0,1.012
614.0,1.002
615.0,1.028
616.0,0.9974
617.0,0.998
618.0,1.039
619.0,1.03
620.0,1.038
621.0,1.037
622.0,1.024
623.0,1.008
624.0,0.9931
625.0,0.9907
626.0,1.005
627.0,1.008
628.0,0.843
629.0,0.9502
630.0,0.9251
631.0,0.9806
632.0,0.9762
633.0,1.02
634.0,1.023
635.0,1.045
636.0,1.038
637.0,1.061
638.0,1.08
639.0,1.073
640.0,1.068
641.0,1.072
642.0,1.072
643.0,1.088
644.0,1.089
645.0,1.089
646.0,1.052
647.0,1.011
648.0,1.017
649.0,0.9919
650.0,1.035
651.0,1.086
652.0,1.008
653.0,1.076
654.0,1.067
655.0,1.011
656.0,0.9085
657.0,0.9363
658.0,1.062
659.0,1.075
660.0,1.083
661.0,1.094
662.0,1.091
663.0,1.072
664.0,1.095
665.0,1.104
666.0,1.109
667.0,1.112
668.0,1.117
669.0,1.138
670.0,1.135
671.0,1.138
672.0,1.13
673.0,1.15
674.0,1.148
675.0,1.14
676.0,1.15
677.0,1.141
678.0,1.146
679.0,1.129
680.0,1.14
681.0,1.134
682.0,1.133
683.0,1.132
684.0,1.127
685.0,1.139
686.0,1.131
687.0,0.368
688.0,0.5757
689.0,0.5837
690.0,0.6719
691.0,0.7822
692.0,0.8768
693.0,0.8686
694.0,0.8779
695.0,0.9682
696.0,0.9744
697.0,1.093
698.0,1.075
699.0,1.008
700.0,0.9942
701.0,0.9656
702.0,0.9897
703.0,0.9989
704.0,1.057
705.0,1.058
706.0,1.066
707.0,1.072
708.0,1.074
709.0,1.094
710.0,1.084
711.0,1.09
712.0,1.097
713.0,1.077
714.0,1.085
715.0,1.033
716.0,1.03
717.0,0.7465
718.0,0.6788
719.0,0.6112
720.0,0.6239
721.0,0.7678
722.0,0.967
723.0,0.8588
724.0,0.7198
725.0,0.694
726.0,0.7295
727.0,0.7769
728.0,0.6873
729.0,0.7625
730.0,0.7906
731.0,0.7504
732.0,0.858
733.0,0.9551
734.0,0.996
735.0,0.9662
736.0,0.961
737.0,0.9671
738.0,1.026
739.0,1.008
740.0,1.047
741.0,1.045
742.0,1.055
743.0,1.084
744.0,1.087
745.0,1.093
746.0,1.098
747.0,1.102
748.0,1.101
749.0,1.089
750.0,1.089
751.0,1.079
752.0,1.085
753.0,1.091
754.0,1.094
755.0,1.088
756.0,1.088
757.0,1.09
758.0,1.076
759.0,1.024
760.0,0.007902
761.0,0.00137
762.0,0.1725
763.0,0.02523
764.0,0.07747
765.0,0.1721
766.0,0.3231
767.0,0.5743
768.0,0.8423
769.0,0.907
770.0,0.9937
771.0,1.028
772.0,1.039
773.0,1.048
774.0,1.046
775.0,1.039
776.0,1.053
777.0,1.04
778.0,1.034
779.0,1.035
780.0,1.03
781.0,1.032
782.0,1.04
783.0,1.022
784.0,1.029
785.0,1.019
786.0,1.029
787.0,0.9884
788.0,0.9665
789.0,0.967
790.0,0.914
791.0,0.9506
792.0,0.9486
793.0,0.9308
794.0,0.9749
795.0,0.9836
796.0,0.9131
797.0,0.9098
798.0,0.9782
799.0,0.9654
800.0,0.9395
801.0,0.9263
802.0,0.9224
803.0,0.9099
804.0,0.9167
805.0,0.9265
806.0,0.9744
807.0,0.9588
808.0,0.9609
809.0,0.9267
810.0,0.9109
811.0,0.8969
812.0,0.8372
813.0,0.8135
814.0,0.6513
815.0,0.6544
816.0,0.5982
817.0,0.6106
818.0,0.5735
819.0,0.6948
820.0,0.6378
821.0,0.8335
822.0,0.7953
823.0,0.417
824.0,0.7372
825.0,0.8224
826.0,0.7599
827.0,0.833
828.0,0.6201
829.0,0.7627
830.0,0.7484
831.0,0.7495
832.0,0.7112
833.0,0.7943
834.0,0.7434
835.0,0.8831
836.0,0.7963
837.0,0.8852
838.0,0.8343
839.0,0.8713
840.0,0.8968
841.0,0.8741
842.0,0.8922
843.0,0.9094
844.0,0.8882
845.0,0.93
846.0,0.9294
847.0,0.9172
848.0,0.9043
849.0,0.8789
850.0,0.8429
851.0,0.8846
852.0,0.8829
853.0,0.856
854.0,0.734
855.0,0.8142
856.0,0.8868
857.0,0.9119
858.0,0.9029
859.0,0.9075
860.0,0.9117
861.0,0.9062
862.0,0.9218
863.0,0.9438
864.0,0.8972
865.0,0.8903
866.0,0.8007
867.0,0.836
868.0,0.9102
869.0,0.8919
870.0,0.9177
871.0,0.9053
872.0,0.9027
873.0,0.9012
874.0,0.8908
875.0,0.8726
876.0,0.8814
877.0,0.8911
878.0,0.8995
879.0,0.8862
880.0,0.8676
881.0,0.851
882.0,0.8678
883.0,0.8749
884.0,0.8694
885.0,0.876
886.0,0.8222
887.0,0.8413
888.0,0.8487
889.0,0.8689
890.0,0.8479
891.0,0.8536
892.0,0.8114
893.0,0.7712
894.0,0.7077
895.0,0.6259
896.0,0.5799
897.0,0.4539
898.0,0.514
899.0,0.3444
900.0,0.5558
901.0,0.3612
902.0,0.4826
903.0,0.4647
904.0,0.7005
905.0,0.6637
906.0,0.6072
907.0,0.4164
908.0,0.4433
909.0,0.5044
910.0,0.3962
911.0,0.4675
912.0,0.4845
913.0,0.3997
914.0,0.408
915.0,0.4344
916.0,0.3634
917.0,0.5097
918.0,0.3672
919.0,0.5382
920.0,0.5908
921.0,0.6072
922.0,0.5053
923.0,0.5926
924.0,0.5028
925.0,0.4955
926.0,0.4919
927.0,0.5865
928.0,0.3248
929.0,0.2716
930.0,0.1721
931.0,0.1597
932.0,0.08262
933.0,0.05603
934.0,0.01311
935.0,0.06506
936.0,0.02714
937.0,0.02761
938.0,0.03806
939.0,0.1539
940.0,0.2137
941.0,0.128
942.0,0.1624
943.0,0.08402
944.0,0.1127
945.0,0.1397
946.0,0.04282
947.0,0.1321
948.0,0.09488
949.0,0.2111
950.0,0.02361
951.0,0.2084
952.0,0.07692
953.0,0.1221
954.0,0.1775
955.0,0.1274
956.0,0.1638
957.0,0.07654
958.0,0.2576
959.0,0.1631
960.0,0.1838
961.0,0.2397
962.0,0.2268
963.0,0.2931
964.0,0.2603
965.0,0.2873
966.0,0.2881
967.0,0.2807
968.0,0.5176
969.0,0.5135
970.0,0.463
971.0,0.5941
972.0,0.5516
973.0,0.417
974.0,0.3942
975.0,0.4251
976.0,0.3672
977.0,0.4992
978.0,0.4401
979.0,0.4765
980.0,0.4416
981.0,0.5928
982.0,0.5436
983.0,0.5097
984.0,0.6439
985.0,0.5387
986.0,0.6772
987.0,0.6453
988.0,0.6466
989.0,0.6903
990.0,0.6411
991.0,0.6899
992.0,0.6965
993.0,0.6605
994.0,0.6994
995.0,0.7025
996.0,0.6954
997.0,0.6984
998.0,0.6936
999.0,0.6923
1000.0,0.6814
1001.0,0.6969
1002.0,0.6518
1003.0,0.6833
1004.0,0.6596
1005.0,0.6449
1006.0,0.666
1007.0,0.6821
1008.0,0.6742
1009.0,0.6656
1010.0,0.6604
1011.0,0.6796
1012.0,0.6693
1013.0,0.6797
1014.0,0.6749
1015.0,0.6698
1016.0,0.6663
1017.0,0.6669
1018.0,0.6678
1019.0,0.6436
1020.0,0.6629
1021.0,0.6639
1022.0,0.655
1023.0,0.6617
1024.0,0.6431
1025.0,0.6646
1026.0,0.6591
1027.0,0.6583
1028.0,0.6562
1029.0,0.6473
1030.0,0.6555
1031.0,0.6516
1032.0,0.6508
1033.0,0.6409
1034.0,0.6414
1035.0,0.6434
1036.0,0.6456
1037.0,0.6356
1038.0,0.638
1039.0,0.637
1040.0,0.6343
1041.0,0.636
1042.0,0.6314
1043.0,0.629
1044.0,0.6306
1045.0,0.6215
1046.0,0.614
1047.0,0.6188
1048.0,0.6214
1049.0,0.6184
1050.0,0.6147
1051.0,0.6128
1052.0,0.6093
1053.0,0.6032
1054.0,0.6032
1055.0,0.602
1056.0,0.5981
1057.0,0.595
1058.0,0.5789
1059.0,0.5779
1060.0,0.5763
1061.0,0.5747
1062.0,0.5761
1063.0,0.5692
1064.0,0.5764
1065.0,0.5685
1066.0,0.5603
1067.0,0.5666
1068.0,0.5516
1069.0,0.537
1070.0,0.553
1071.0,0.5701
1072.0,0.5572
1073.0,0.5504
1074.0,0.5747
1075.0,0.5249
1076.0,0.573
1077.0,0.5512
1078.0,0.5341
1079.0,0.5687
1080.0,0.5422
1081.0,0.5134
1082.0,0.5409
1083.0,0.5486
1084.0,0.5079
1085.0,0.5453
1086.0,0.4693
1087.0,0.5028
1088.0,0.545
1089.0,0.5039
1090.0,0.484
1091.0,0.5372
1092.0,0.5392
1093.0,0.4023
1094.0,0.4863
1095.0,0.4189
1096.0,0.3876
1097.0,0.5272
1098.0,0.3721
1099.0,0.3951
1100.0,0.3488
1101.0,0.3618
1102.0,0.3304
1103.0,0.3167
1104.0,0.3193
1105.0,0.3808
1106.0,0.2169
1107.0,0.3492
1108.0,0.2512
1109.0,0.2558
1110.0,0.3326
1111.0,0.1658
1112.0,0.2562
1113.0,0.1117
1114.0,0.1251
1115.0,0.09842
1116.0,0.05735
1117.0,0.008469
1118.0,0.06552
1119.0,0.0188
1120.0,0.02138
1121.0,0.03367
1122.0,0.006385
1123.0,0.01962
1124.0,0.0164
1125.0,0.02468
1126.0,0.002246
1127.0,0.02849
1128.0,0.008573
1129.0,0.009575
1130.0,0.005984
1131.0,0.08788
1132.0,0.06108
1133.0,0.02236
1134.0,0.001693
1135.0,0.0008619
1136.0,0.01427
1137.0,0.07988
1138.0,0.05143
1139.0,0.1256
1140.0,0.08528
1141.0,0.04971
1142.0,0.0646
1143.0,0.1154
1144.0,0.02181
1145.0,0.0211
1146.0,0.02267
1147.0,0.002438
1148.0,0.09457
1149.0,0.06298
1150.0,0.02838
1151.0,0.05144
1152.0,0.078
1153.0,0.08913
1154.0,0.02335
1155.0,0.1311
1156.0,0.1071
1157.0,0.1483
1158.0,0.1459
1159.0,0.1664
1160.0,0.1379
1161.0,0.2037
1162.0,0.2002
1163.0,0.3423
1164.0,0.2685
1165.0,0.2291
1166.0,0.2494
1167.0,0.2833
1168.0,0.2828
1169.0,0.2947
1170.0,0.3436
1171.0,0.335
1172.0,0.3585
1173.0,0.3433
1174.0,0.1976
1175.0,0.3525
1176.0,0.4222
1177.0,0.381
1178.0,0.2479
1179.0,0.4248
1180.0,0.3421
1181.0,0.3539
1182.0,0.1986
1183.0,0.3555
1184.0,0.3168
1185.0,0.2911
1186.0,0.3954
1187.0,0.3596
1188.0,0.1922
1189.0,0.3331
1190.0,0.3915
1191.0,0.3369
1192.0,0.4005
1193.0,0.3716
1194.0,0.3913
1195.0,0.3464
1196.0,0.3217
1197.0,0.3994
1198.0,0.3581
1199.0,0.258
1200.0,0.3679
1201.0,0.3362
1202.0,0.3521
1203.0,0.3363
1204.0,0.2773
1205.0,0.3719
1206.0,0.4333
1207.0,0.3434
1208.0,0.3524
1209.0,0.3605
1210.0,0.3872
1211.0,0.3535
1212.0,0.3197
1213.0,0.4042
1214.0,0.337
1215.0,0.3293
1216.0,0.4074
1217.0,0.3878
1218.0,0.4031
1219.0,0.3917
1220.0,0.4046
1221.0,0.4162
1222.0,0.401
1223.0,0.3928
1224.0,0.3788
1225.0,0.4104
1226.0,0.4219
1227.0,0.3618
1228.0,0.4289
1229.0,0.4223
1230.0,0.41
1231.0,0.4382
1232.0,0.4349
1233.0,0.3978
1234.0,0.4435
1235.0,0.4367
1236.0,0.443
1237.0,0.4287
1238.0,0.4417
1239.0,0.4358
1240.0,0.4388
1241.0,0.4303
1242.0,0.4351
1243.0,0.432
1244.0,0.433
1245.0,0.4361
1246.0,0.4338
1247.0,0.4302
1248.0,0.4266
1249.0,0.431
1250.0,0.4263
1251.0,0.4167
1252.0,0.4221
1253.0,0.4091
1254.0,0.3981
1255.0,0.4192
1256.0,0.39
1257.0,0.3844
1258.0,0.4054
1259.0,0.3645
1260.0,0.3696
1261.0,0.3183
1262.0,0.2936
1263.0,0.2934
1264.0,0.239
1265.0,0.2921
1266.0,0.2617
1267.0,0.2797
1268.0,0.2444
1269.0,0.06385
1270.0,0.2734
1271.0,0.3218
1272.0,0.3254
1273.0,0.3185
1274.0,0.3244
1275.0,0.3344
1276.0,0.3439
1277.0,0.3548
1278.0,0.3735
1279.0,0.3705
1280.0,0.3659
1281.0,0.3552
1282.0,0.3522
1283.0,0.3772
1284.0,0.3846
1285.0,0.3889
1286.0,0.3995
1287.0,0.3834
1288.0,0.3869
1289.0,0.355
1290.0,0.3841
1291.0,0.3932
1292.0,0.3358
1293.0,0.3781
1294.0,0.3742
1295.0,0.3596
1296.0,0.3244
1297.0,0.294
1298.0,0.3459
1299.0,0.3813
1300.0,0.2757
1301.0,0.2906
1302.0,0.3467
1303.0,0.2754
1304.0,0.1961
1305.0,0.3371
1306.0,0.3307
1307.0,0.214
1308.0,0.2826
1309.0,0.3193
1310.0,0.2051
1311.0,0.2612
1312.0,0.2508
1313.0,0.2327
1314.0,0.1929
1315.0,0.1833
1316.0,0.2494
1317.0,0.2291
1318.0,0.267
1319.0,0.1627
1320.0,0.1645
1321.0,0.2093
1322.0,0.202
1323.0,0.1172
1324.0,0.162
1325.0,0.2379
1326.0,0.1827
1327.0,0.1672
1328.0,0.1308
1329.0,0.07106
1330.0,0.1085
1331.0,0.04098
1332.0,0.04731
1333.0,0.07043
1334.0,0.07858
1335.0,0.1119
1336.0,0.07276
1337.0,0.06305
1338.0,0.06596
1339.0,0.06789
1340.0,0.07351
1341.0,0.05367
1342.0,0.05934
1343.0,0.02059
1344.0,0.014
1345.0,0.01749
1346.0,0.002992
1347.0,0.002353
1348.0,2.104e-05
1349.0,0.0001053
1350.0,0.0001315
1351.0,4.761e-06
1352.0,4.721e-08
1353.0,5.059e-10
1354.0,1.02e-08
1355.0,4.937e-13
1356.0,2.735e-10
1357.0,3.691e-10
1358.0,7.314e-13
1359.0,8.248e-16
1360.0,6.509e-14
1361.0,1.299e-20
1362.0,3.81e-24
1363.0,3.295e-15
1364.0,6.177e-15
1365.0,3.387e-27
1366.0,4.503e-14
1367.0,2.186e-13
1368.0,5.381e-34
1369.0,2.898e-15
1370.0,1.799e-16
1371.0,2.376e-18
1372.0,1.715e-13
1373.0,3.449e-11
1374.0,1.019e-09
1375.0,5.941e-10
1376.0,1.096e-08
1377.0,4.112e-09
1378.0,2.6e-08
1379.0,2.255e-09
1380.0,5.862e-10
1381.0,1.446e-11
1382.0,8.059e-14
1383.0,9.479e-16
1384.0,1.129e-15
1385.0,1.112e-12
1386.0,1.315e-14
1387.0,1.009e-10
1388.0,2.363e-11
1389.0,6.405e-09
1390.0,3.17e-09
1391.0,2.789e-09
1392.0,3.059e-10
1393.0,3.141e-09
1394.0,2.67e-11
1395.0,1.212e-13
1396.0,7.951000000000001e-20
1397.0,6.799e-10
1398.0,1.866e-08
1399.0,1.562e-08
1400.0,2.04e-21
1401.0,3.362e-19
1402.0,1.747e-06
1403.0,9.587e-07
1404.0,1.623e-07
1405.0,1.138e-14
1406.0,1.135e-07
1407.0,1.112e-07
1408.0,1.259e-07
1409.0,7.449e-09
1410.0,5.759e-08
1411.0,1.033e-06
1412.0,3.228e-06
1413.0,0.0001377
1414.0,6.483e-08
1415.0,1.694e-08
1416.0,0.001186
1417.0,0.0001566
1418.0,6.177e-05
1419.0,7.756e-06
1420.0,3.682e-05
1421.0,0.0001027
1422.0,0.001531
1423.0,0.0002664
1424.0,0.0007713
1425.0,0.0006872
1426.0,0.001553
1427.0,0.003947
1428.0,1.447e-05
1429.0,0.00187
1430.0,0.006809
1431.0,0.008398
1432.0,1.106e-05
1433.0,0.00414
1434.0,0.001608
1435.0,0.0005639
1436.0,0.002612
1437.0,0.002056
1438.0,0.0005273
1439.0,0.004043
1440.0,0.003685
1441.0,0.001484
1442.0,0.001205
1443.0,0.00304
1444.0,0.00677
1445.0,0.00291
1446.0,0.0007434
1447.0,0.001929
1448.0,0.02377
1449.0,0.01854
1450.0,0.001758
1451.0,0.0004991
1452.0,0.006756
1453.0,0.01022
1454.0,0.03828
1455.0,0.0102
1456.0,0.01281
1457.0,0.02569
1458.0,0.04503
1459.0,0.0536
1460.0,0.02014
1461.0,0.01401
1462.0,0.03425
1463.0,0.005939
1464.0,0.05223
1465.0,0.02777
1466.0,0.007091
1467.0,0.002377
1468.0,0.01064
1469.0,0.0184
1470.0,0.002507
1471.0,0.001156
1472.0,0.002302
1473.0,0.008067
1474.0,0.02373
1475.0,0.07144
1476.0,0.01113
1477.0,0.009006
1478.0,0.01359
1479.0,0.03504
1480.0,0.007798
1481.0,0.02883
1482.0,0.01119
1483.0,0.04929
1484.0,0.05381
1485.0,0.04353
1486.0,0.03375
1487.0,0.008038
1488.0,0.02872
1489.0,0.08987
1490.0,0.08984
1491.0,0.1122
1492.0,0.06426
1493.0,0.08696
1494.0,0.1209
1495.0,0.09851
1496.0,0.0861
1497.0,0.1697
1498.0,0.1157
1499.0,0.1458
1500.0,0.1994
1501.0,0.2019
1502.0,0.1688
1503.0,0.1201
1504.0,0.08075
1505.0,0.117
1506.0,0.2167
1507.0,0.2022
1508.0,0.1927
1509.0,0.1163
1510.0,0.2328
1511.0,0.2114
1512.0,0.2235
1513.0,0.1779
1514.0,0.157
1515.0,0.2334
1516.0,0.2179
1517.0,0.1991
1518.0,0.2048
1519.0,0.1894
1520.0,0.2176
1521.0,0.2633
1522.0,0.231
1523.0,0.2691
1524.0,0.2519
1525.0,0.2223
1526.0,0.2281
1527.0,0.2313
1528.0,0.2653
1529.0,0.2462
1530.0,0.2326
1531.0,0.2437
1532.0,0.2692
1533.0,0.2721
1534.0,0.2649
1535.0,0.2586
1536.0,0.2683
1537.0,0.2584
1538.0,0.2681
1539.0,0.2602
1540.0,0.2654
1541.0,0.266
1542.0,0.2591
1543.0,0.268
1544.0,0.2608
1545.0,0.2716
1546.0,0.2636
1547.0,0.2628
1548.0,0.2629
1549.0,0.2669
1550.0,0.2642
1551.0,0.2653
1552.0,0.2602
1553.0,0.2627
1554.0,0.2594
1555.0,0.2613
1556.0,0.2606
1557.0,0.2643
1558.0,0.2628
1559.0,0.2608
1560.0,0.2625
1561.0,0.2645
1562.0,0.2593
1563.0,0.258
1564.0,0.2587
1565.0,0.2609
1566.0,0.2565
1567.0,0.2576
1568.0,0.2542
1569.0,0.2572
1570.0,0.259
1571.0,0.2607
1572.0,0.2589
1573.0,0.2563
1574.0,0.2463
1575.0,0.2427
1576.0,0.2368
1577.0,0.23
1578.0,0.2402
1579.0,0.2397
1580.0,0.2429
1581.0,0.2395
1582.0,0.2355
1583.0,0.2356
1584.0,0.2444
1585.0,0.248
1586.0,0.244
1587.0,0.2403
1588.0,0.2369
1589.0,0.2299
1590.0,0.2338
1591.0,0.2402
1592.0,0.245
1593.0,0.2513
1594.0,0.2492
1595.0,0.2473
1596.0,0.2393
1597.0,0.2433
1598.0,0.2497
1599.0,0.247
1600.0,0.2462
1601.0,0.2417
1602.0,0.2412
1603.0,0.2458
1604.0,0.2438
1605.0,0.2439
1606.0,0.241
1607.0,0.2433
1608.0,0.2412
1609.0,0.2362
1610.0,0.2312
1611.0,0.2349
1612.0,0.2386
1613.0,0.2375
1614.0,0.2383
1615.0,0.2334
1616.0,0.2295
1617.0,0.2327
1618.0,0.2382
1619.0,0.2316
1620.0,0.229
1621.0,0.231
1622.0,0.2346
1623.0,0.2383
1624.0,0.2343
1625.0,0.2335
1626.0,0.2335
1627.0,0.236
1628.0,0.2342
1629.0,0.2333
1630.0,0.2312
1631.0,0.2275
1632.0,0.2283
1633.0,0.2163
1634.0,0.2274
1635.0,0.2173
1636.0,0.22
1637.0,0.2197
1638.0,0.1954
1639.0,0.2145
1640.0,0.1911
1641.0,0.2114
1642.0,0.2186
1643.0,0.187
1644.0,0.2195
1645.0,0.2017
1646.0,0.1867
1647.0,0.2225
1648.0,0.1869
1649.0,0.2128
1650.0,0.2159
1651.0,0.1781
1652.0,0.2103
1653.0,0.2153
1654.0,0.1874
1655.0,0.2153
1656.0,0.2049
1657.0,0.2096
1658.0,0.218
1659.0,0.2149
1660.0,0.217
1661.0,0.2146
1662.0,0.2027
1663.0,0.2164
1664.0,0.2124
1665.0,0.1852
1666.0,0.1097
1667.0,0.1835
1668.0,0.2052
1669.0,0.2055
1670.0,0.213
1671.0,0.2037
1672.0,0.2041
1673.0,0.2103
1674.0,0.1992
1675.0,0.1977
1676.0,0.2017
1677.0,0.1986
1678.0,0.1867
1679.0,0.2023
1680.0,0.1925
1681.0,0.1798
1682.0,0.1986
1683.0,0.2029
1684.0,0.1664
1685.0,0.2051
1686.0,0.2042
1687.0,0.1862
1688.0,0.2015
1689.0,0.1997
1690.0,0.1963
1691.0,0.1584
1692.0,0.1932
1693.0,0.2055
1694.0,0.1878
1695.0,0.2012
1696.0,0.2029
1697.0,0.1374
1698.0,0.1984
1699.0,0.196
1700.0,0.1854
1702.0,0.194
1705.0,0.1812
1710.0,0.1682
1715.0,0.1705
1720.0,0.171
1725.0,0.1492
1730.0,0.1497
1735.0,0.1396
1740.0,0.1391
1745.0,0.1286
1750.0,0.1385
1755.0,0.1219
1760.0,0.1299
1765.0,0.09393
1770.0,0.09979
1775.0,0.06833
1780.0,0.0518
1785.0,0.03034
1790.0,0.03788
1795.0,0.005883
1800.0,0.00588
1805.0,0.0002992
1810.0,0.0004245
1815.0,4.791e-06
1820.0,2.117e-07
1825.0,3.329e-07
1830.0,4.249e-12
1835.0,1.423e-10
1840.0,2.606e-15
1845.0,2.631e-14
1850.0,6.222e-15
1855.0,1.283e-14
1860.0,8.371e-11
1865.0,2.261e-11
1870.0,8.348999999999999e-22
1875.0,2.503e-21
1880.0,1.404e-09
1885.0,4.367e-10
1890.0,1.375e-09
1895.0,3.568e-09
1900.0,1.535e-13
1905.0,2.587e-13
1910.0,3.486e-11
1915.0,3.886e-10
1920.0,1.345e-08
1925.0,2.357e-07
1930.0,3.441e-07
1935.0,2.024e-05
1940.0,7.64e-05
1945.0,0.0005664
1950.0,0.003091
1955.0,0.001409
1960.0,0.007311
1965.0,0.01893
1970.0,0.03621
1975.0,0.04446
1980.0,0.04758
1985.0,0.05581
1990.0,0.05841
1995.0,0.06584
2000.0,0.07413
2005.0,0.05357
2010.0,0.1044
2015.0,0.06635
2020.0,0.07648
2025.0,0.09301
2030.0,0.07856
2035.0,0.09755
2040.0,0.08719
2045.0,0.09206
2050.0,0.09875
2055.0,0.09026
2060.0,0.08549
2065.0,0.08974
2070.0,0.08759
2075.0,0.09451
2080.0,0.09188
2085.0,0.09136
2090.0,0.09398
2095.0,0.0901
2100.0,0.07873
2105.0,0.09107
2110.0,0.08397
2115.0,0.0898
2120.0,0.08007
2125.0,0.08347
2130.0,0.08685
2135.0,0.08816
2140.0,0.08984
2145.0,0.08875
2150.0,0.07723
2155.0,0.07756
2160.0,0.07807
2165.0,0.07003
2170.0,0.07709
2175.0,0.0716
2180.0,0.07686
2185.0,0.0635
2190.0,0.07285
2195.0,0.0714
2200.0,0.05302
2205.0,0.0629
2210.0,0.07581
2215.0,0.06884
2220.0,0.07201
2225.0,0.0686
2230.0,0.06933
2235.0,0.06622
2240.0,0.06536
2245.0,0.05937
2250.0,0.06429
2255.0,0.0543
2260.0,0.05267
2265.0,0.05753
2270.0,0.04899
2275.0,0.04756
2280.0,0.05573
2285.0,0.04693
2290.0,0.04746
2295.0,0.04573
2300.0,0.03942
2305.0,0.04068
2310.0,0.05416
2315.0,0.04055
2320.0,0.03002
2325.0,0.04338
2330.0,0.04065
2335.0,0.0439
2340.0,0.02484
2345.0,0.03129
2350.0,0.02088
2355.0,0.0272
2360.0,0.03183
2365.0,0.03398
2370.0,0.009097
2375.0,0.02432
2380.0,0.02424
2385.0,0.01286
2390.0,0.01807
2395.0,0.02117
2400.0,0.02514
2405.0,0.01662
2410.0,0.01652
2415.0,0.009429
2420.0,0.00987
2425.0,0.01406
2430.0,0.02419
2435.0,0.003236
2440.0,0.02476
2445.0,0.005882
2450.0,0.002489
2455.0,0.009012
2460.0,0.01278
2465.0,0.006205
2470.0,0.002292
2475.0,0.002192
2480.0,0.000705
2485.0,0.0001453
2490.0,3.117e-05
2495.0,2.856e-05
2500.0,0.0002587
2505.0,4.431e-05
2510.0,7.497e-05
2515.0,5.315e-06
2520.0,3.077e-08
2525.0,1.941e-08
2530.0,2.2e-15
2535.0,7.121e-18
2540.0,8.804e-17
2545.0,1.109e-22
2550.0,2.319e-27
2555.0,4.532999999999999e-22
2560.0,1.4689999999999999e-22
2565.0,1.3750000000000001e-30
2570.0,1.1059999999999999e-41
2575.0,0.0
2580.0,0.0
2585.0,0.0
2590.0,0.0
2595.0,0.0
2600.0,0.0
2605.0,0.0
2610.0,0.0
2615.0,0.0
2620.0,0.0
2625.0,0.0
2630.0,0.0
2635.0,1.608e-35
2640.0,5.243e-40
2645.0,8.127999999999999e-44
2650.0,0.0
2655.0,0.0
2660.0,0.0
2665.0,0.0
2670.0,0.0
2675.0,0.0
2680.0,0.0
2685.0,0.0
2690.0,0.0
2695.0,0.0
2700.0,0.0
2705.0,0.0
2710.0,0.0
2715.0,0.0
2720.0,0.0
2725.0,7.005999999999999e-44
2730.0,0.0
2735.0,0.0
2740.0,0.0
2745.0,0.0
2750.0,0.0
2755.0,0.0
2760.0,7.909e-40
2765.0,0.0
2770.0,0.0
2775.0,4.198e-38
2780.0,1.545e-32
2785.0,4.085e-30
2790.0,1.4829999999999999e-27
2795.0,6.951000000000001e-32
2800.0,4.56e-18
2805.0,6.001e-22
2810.0,1.31e-18
2815.0,4.062e-19
2820.0,2.475e-21
2825.0,9.67e-15
2830.0,5.895e-12
2835.0,1.06e-21
2840.0,9.628e-14
2845.0,1.552e-09
2850.0,9.15e-14
2855.0,2.151e-11
2860.0,7.619e-10
2865.0,1.407e-08
2870.0,1.809e-11
2875.0,1.91e-07
2880.0,7.716e-07
2885.0,2.102e-07
2890.0,6.728e-07
2895.0,5.602e-05
2900.0,4.546e-06
2905.0,1.674e-07
2910.0,7.765e-05
2915.0,1.625e-05
2920.0,7.523e-05
2925.0,3.142e-05
2930.0,0.0004781
2935.0,0.0005158
2940.0,5.682e-05
2945.0,1.456e-05
2950.0,0.0003132
2955.0,0.0001613
2960.0,0.000462
2965.0,0.001214
2970.0,3.766e-06
2975.0,3.352e-05
2980.0,5.067e-05
2985.0,0.001168
2990.0,0.003104
2995.0,0.0003394
3000.0,0.001328
3005.0,0.0002198
3010.0,0.001332
3015.0,0.0006958
3020.0,2.041e-06
3025.0,0.001307
3030.0,0.0009092
3035.0,0.0001338
3040.0,0.0001253
3045.0,0.0002888
3050.0,3.547e-05
3055.0,2.672e-06
3060.0,0.001039
3065.0,0.0001936
3070.0,5.1e-05
3075.0,0.0008891
3080.0,0.0003398
3085.0,5.259e-05
3090.0,9.432e-05
3095.0,7.377e-06
3100.0,0.0005036
3105.0,3.941e-05
3110.0,4.645e-06
3115.0,7.581e-05
3120.0,0.002358
3125.0,0.0004928
3130.0,0.0013
3135.0,0.003312
3140.0,0.0003447
3145.0,0.0003707
3150.0,0.001411
3155.0,0.001194
3160.0,0.002465
3165.0,0.00636
3170.0,0.005735
3175.0,0.002433
3180.0,0.004121
3185.0,0.001146
3190.0,0.0006787
3195.0,7.441e-05
3200.0,1.279e-06
3205.0,3.145e-07
3210.0,1.92e-07
3215.0,4.033e-06
3220.0,1.926e-05
3225.0,2.123e-06
3230.0,2.304e-06
3235.0,0.001204
3240.0,0.000151
3245.0,3.374e-05
3250.0,0.0001547
3255.0,0.002432
3260.0,3.269e-05
3265.0,0.0001084
3270.0,1.58e-05
3275.0,0.0008162
3280.0,0.0001798
3285.0,0.003881
3290.0,0.001816
3295.0,7.566e-05
3300.0,9.554e-05
3305.0,0.0003593
3310.0,0.0002532
3315.0,3.096e-12
3320.0,1.369e-08
3325.0,0.0001399
3330.0,0.001213
3335.0,0.002409
3340.0,0.0007323
3345.0,0.0003547
3350.0,0.002728
3355.0,0.0003918
3360.0,0.001092
3365.0,0.002518
3370.0,0.0003192
3375.0,0.003659
3380.0,0.0006228
3385.0,0.002655
3390.0,0.003492
3395.0,0.004098
3400.0,0.008346
3405.0,0.0004741
3410.0,0.002914
3415.0,0.001598
3420.0,0.009889
3425.0,0.003964
3430.0,0.002505
3435.0,0.008003
3440.0,0.002116
3445.0,0.00685
3450.0,0.006082
3455.0,0.003008
3460.0,0.009436
3465.0,0.004035
3470.0,0.009259
3475.0,0.006164
3480.0,0.006597
3485.0,0.008638
3490.0,0.005361
3495.0,0.009121
3500.0,0.008543
3505.0,0.008409
3510.0,0.00884
3515.0,0.007941
3520.0,0.0095
3525.0,0.008317
3530.0,0.007593
3535.0,0.004644
3540.0,0.004137
3545.0,0.004684
3550.0,0.006964
3555.0,0.004743
3560.0,0.007594
3565.0,0.007351
3570.0,0.004281
3575.0,0.003972
3580.0,0.006796
3585.0,0.004959
3590.0,0.005779
3595.0,0.006744
3600.0,0.007698
3605.0,0.00707
3610.0,0.00594
3615.0,0.006725
3620.0,0.01019
3625.0,0.007104
3630.0,0.007245
3635.0,0.007686
3640.0,0.01015
3645.0,0.007775
3650.0,0.007384
3655.0,0.009087
3660.0,0.009164
3665.0,0.007317
3670.0,0.00459
3675.0,0.001379
3680.0,0.00451
3685.0,0.006203
3690.0,0.006567
3695.0,0.007899
3700.0,0.00979
3705.0,0.0094
3710.0,0.00672
3715.0,0.00686
3720.0,0.008948
3725.0,0.00947
3730.0,0.007033
3735.0,0.00581
3740.0,0.00643
3745.0,0.00895
3750.0,0.007401
3755.0,0.006942
3760.0,0.006293
3765.0,0.00613
3770.0,0.007321
3775.0,0.007187
3780.0,0.008089
3785.0,0.006471
3790.0,0.005135
3795.0,0.007036
3800.0,0.008921
3805.0,0.007817
3810.0,0.005722
3815.0,0.005297
3820.0,0.00868
3825.0,0.008297
3830.0,0.008694
3835.0,0.004907
3840.0,0.007322
3845.0,0.006822
3850.0,0.006934
3855.0,0.006286
3860.0,0.005087
3865.0,0.005214
3870.0,0.003901
3875.0,0.002922
3880.0,0.002629
3885.0,0.002981
3890.0,0.003134
3895.0,0.004222
3900.0,0.005186
3905.0,0.005187
3910.0,0.003694
3915.0,0.003455
3920.0,0.003487
3925.0,0.00335
3930.0,0.003744
3935.0,0.004318
3940.0,0.004525
3945.0,0.004849
3950.0,0.005178
3955.0,0.005413
3960.0,0.005605
3965.0,0.005777
3970.0,0.005639
3975.0,0.005254
3980.0,0.005084
3985.0,0.005227
3990.0,0.005081
3995.0,0.004809
4000.0,0.004477
