interpolation:linear
wavelength,value
280.0,0.0
280.5,0.0
281.0,0.0
281.5,0.0
282.0,0.0
282.5,0.0
283.0,0.0
283.5,0.0
284.0,0.0
284.5,0.0
285.0,0.0
285.5,0.0
286.0,0.0
286.5,0.0
287.0,0.0
287.5,0.0
288.0,0.0
288.5,0.0
289.0,0.0
289.5,3.363e-44
290.0,4.903e-42
290.5,2.748e-40
291.0,3.135e-38
291.5,1.375e-35
292.0,1.87e-33
292.5,2.658e-32
293.0,1.097e-30
293.5,1.474e-28
294.0,3.5e-27
294.5,4.5680000000000005e-26
295.0,9.980000000000001e-25
295.5,5.415e-23
296.0,8.184999999999999e-22
296.5,8.053e-21
297.0,5.1240000000000005e-20
297.5,1.182e-18
298.0,1.05e-17
298.5,3.838e-17
299.0,2.815e-16
299.5,3.104e-15
300.0,9.205e-15
300.5,3.514e-14
301.0,2.528e-13
301.5,1.223e-12
302.0,1.794e-12
302.5,9.534e-12
303.0,5.763e-11
303.5,1.452e-10
304.0,1.913e-10
304.5,6.129e-10
305.0,2.471e-09
305.5,5.135e-09
306.0,6.408e-09
306.5,1.16e-08
307.0,3.567e-08
307.5,9.079e-08
308.0,1.111e-07
308.5,1.813e-07
309.0,2.158e-07
309.5,5.097e-07
310.0,7.221e-07
310.5,1.414e-06
311.0,2.348e-06
311.5,2.632e-06
312.0,4.389e-06
312.5,7.48e-06
313.0,9.841e-06
313.5,8.771e-06
314.0,1.596e-05
314.5,2.221e-05
315.0,3.276e-05
315.5,2.383e-05
316.0,2.974e-05
316.5,5.739e-05
317.0,7.398e-05
317.5,7.514e-05
318.0,7.229e-05
318.5,0.0001258
319.0,0.0001789
319.5,0.0001219
320.0,0.0001484
320.5,0.0002567
321.0,0.0002977
321.5,0.0003046
322.0,0.0002667
322.5,0.0002451
323.0,0.0002982
323.5,0.0004875
324.0,0.0006136
324.5,0.0005903
325.0,0.0004509
325.5,0.0006781
326.0,0.001014
326.5,0.001167
327.0,0.001168
327.5,0.001117
328.0,0.0008829
328.5,0.001159
329.0,0.001611
329.5,0.001951
330.0,0.001997
330.5,0.001524
331.0,0.001559
331.5,0.001759
332.0,0.002142
332.5,0.002262
333.0,0.00229
333.5,0.002021
334.0,0.002123
334.5,0.002712
335.0,0.00272
335.5,0.003255
336.0,0.002326
336.5,0.002804
337.0,0.002319
337.5,0.002953
338.0,0.003122
338.5,0.003715
339.0,0.003852
339.5,0.003798
340.0,0.00457
340.5,0.004264
341.0,0.004324
341.5,0.004177
342.0,0.005168
342.5,0.005005
343.0,0.005604
343.5,0.005373
344.0,0.004012
344.5,0.004176
345.0,0.005862
345.5,0.006231
346.0,0.005482
346.5,0.006407
347.0,0.007017
347.5,0.005818
348.0,0.006882
348.5,0.007085
349.0,0.006778
349.5,0.006905
350.0,0.008783
350.5,0.009506
351.0,0.008675
351.5,0.008539
352.0,0.009499
352.5,0.007649
353.0,0.009927
353.5,0.01089
354.0,0.01158
354.5,0.012
355.0,0.01223
355.5,0.01136
356.0,0.01218
356.5,0.01063
357.0,0.008956
357.5,0.0112
358.0,0.009071
358.5,0.007915
359.0,0.01129
359.5,0.01465
360.0,0.01587
360.5,0.01297
361.0,0.01212
361.5,0.01436
362.0,0.01279
362.5,0.01819
363.0,0.01677
363.5,0.01584
364.0,0.01984
364.5,0.01732
365.0,0.01801
365.5,0.0231
366.0,0.02505
366.5,0.02408
367.0,0.02393
367.5,0.02532
368.0,0.02262
368.5,0.0233
369.0,0.02569
369.5,0.02793
370.0,0.03038
370.5,0.02406
371.0,0.02624
371.5,0.03342
372.0,0.02257
372.5,0.02759
373.0,0.02864
373.5,0.01901
374.0,0.02812
374.5,0.02375
375.0,0.0235
375.5,0.03565
376.0,0.03004
376.5,0.03163
377.0,0.03412
377.5,0.04062
378.0,0.04469
378.5,0.0429
379.0,0.03592
379.5,0.03327
380.0,0.03515
380.5,0.0434
381.0,0.04437
381.5,0.0359
382.0,0.03252
382.5,0.0283
383.0,0.02669
383.5,0.02616
384.0,0.02934
384.5,0.04387
385.0,0.04422
385.5,0.04189
386.0,0.03648
386.5,0.04877
387.0,0.04111
387.5,0.04687
388.0,0.04395
388.5,0.04416
389.0,0.04837
389.5,0.0595
390.0,0.06065
390.5,0.05665
391.0,0.06772
391.5,0.07004
392.0,0.05981
392.5,0.05441
393.0,0.03076
393.5,0.0227
394.0,0.04683
394.5,0.06042
395.0,0.0747
395.5,0.07681
396.0,0.06753
396.5,0.04013
397.0,0.03055
397.5,0.06296
398.0,0.0891
398.5,0.09328
399.0,0.1028
399.5,0.1037
400.0,0.1088
401.0,0.1148
402.0,0.1245
403.0,0.1215
404.0,0.1225
405.0,0.1253
406.0,0.1266
407.0,0.1279
408.0,0.1355
409.0,0.1483
410.0,0.1327
411.0,0.1471
412.0,0.1621
413.0,0.1609
414.0,0.1666
415.0,0.1711
416.0,0.1783
417.0,0.1774
418.0,0.1776
419.0,0.1837
420.0,0.1864
421.0,0.199
422.0,0.1929
423.0,0.1922
424.0,0.2069
425.0,0.2107
426.0,0.2101
427.0,0.2096
428.0,0.2074
429.0,0.2008
430.0,0.179
431.0,0.1798
432.0,0.2371
433.0,0.2427
434.0,0.2286
435.0,0.2418
436.0,0.2779
437.0,0.2798
438.0,0.2593
439.0,0.2699
440.0,0.2836
441.0,0.2996
442.0,0.3261
443.0,0.3201
444.0,0.3327
445.0,0.3285
446.0,0.3197
447.0,0.3522
448.0,0.3602
449.0,0.3698
450.0,0.3863
451.0,0.406
452.0,0.3964
453.0,0.3779
454.0,0.4008
455.0,0.4079
456.0,0.423
457.0,0.4354
458.0,0.4237
459.0,0.4274
460.0,0.4325
461.0,0.4478
462.0,0.4576
463.0,0.4579
464.0,0.4572
465.0,0.4584
466.0,0.4693
467.0,0.4636
468.0,0.4739
469.0,0.481
470.0,0.4689
471.0,0.4728
472.0,0.5016
473.0,0.4987
474.0,0.5007
475.0,0.5059
476.0,0.4906
477.0,0.4936
478.0,0.5139
479.0,0.5192
480.0,0.5286
481.0,0.5479
482.0,0.5596
483.0,0.5613
484.0,0.5556
485.0,0.5347
486.0,0.4731
487.0,0.5015
488.0,0.5538
489.0,0.5586
490.0,0.5945
491.0,0.5904
492.0,0.562
493.0,0.5849
494.0,0.5949
495.0,0.6047
496.0,0.6128
497.0,0.6271
498.0,0.6019
499.0,0.6128
500.0,0.5973
501.0,0.5878
502.0,0.5782
503.0,0.6003
504.0,0.5709
505.0,0.6108
506.0,0.6338
507.0,0.6067
508.0,0.5955
509.0,0.6194
510.0,0.6231
511.0,0.6477
512.0,0.6605
513.0,0.6293
514.0,0.6299
515.0,0.6271
516.0,0.6285
517.0,0.5619
518.0,0.5933
519.0,0.6252
520.0,0.6506
521.0,0.6598
522.0,0.6627
523.0,0.6529
524.0,0.676
525.0,0.6828
526.0,0.6547
527.0,0.6169
528.0,0.6541
529.0,0.6905
530.0,0.6817
531.0,0.6932
532.0,0.6717
533.0,0.6549
534.0,0.679
535.0,0.6998
536.0,0.7111
537.0,0.6879
538.0,0.7032
539.0,0.6994
540.0,0.6715
541.0,0.6717
542.0,0.6928
543.0,0.6939
544.0,0.7029
545.0,0.7052
546.0,0.7062
547.0,0.7143
548.0,0.711
549.0,0.7168
550.0,0.7285
551.0,0.7235
552.0,0.7316
553.0,0.7202
554.0,0.7397
555.0,0.7427
556.0,0.735
557.0,0.7129
558.0,0.7073
559.0,0.6936
560.0,0.7026
561.0,0.7107
562.0,0.7042
563.0,0.7217
564.0,0.7003
565.0,0.6933
566.0,0.6825
567.0,0.6923
568.0,0.6765
569.0,0.642
570.0,0.6457
571.0,0.6488
572.0,0.6521
573.0,0.6578
574.0,0.6538
575.0,0.6383
576.0,0.634
577.0,0.6442
578.0,0.6419
579.0,0.6561
580.0,0.6866
581.0,0.7044
582.0,0.7304
583.0,0.7427
584.0,0.7568
585.0,0.7436
586.0,0.7308
587.0,0.7416
588.0,0.6987
589.0,0.5702
590.0,0.6001
591.0,0.6691
592.0,0.6436
593.0,0.6785
594.0,0.6682
595.0,0.63
596.0,0.7034
597.0,0.6834
598.0,0.6986
599.0,0.7064
600.0,0.719
601.0,0.7234
602.0,0.7223
603.0,0.7412
604.0,0.7577
605.0,0.7576
606.0,0.7596
607.0,0.7724
608.0,0.7685
609.0,0.7751
610.0,0.7745
611.0,0.7839
612.0,0.7859
613.0,0.7795
614.0,0.7741
615.0,0.796
616.0,0.7735
617.0,0.7749
618.0,0.8081
619.0,0.8028
620.0,0.8098
621.0,0.8086
622.0,0.8008
623.0,0.7904
624.0,0.7789
625.0,0.7739
626.0,0.7834
627.0,0.7801
628.0,0.5921
629.0,0.7125
630.0,0.6906
631.0,0.7538
632.0,0.7551
633.0,0.7976
634.0,0.8065
635.0,0.8276
636.0,0.8265
637.0,0.8482
638.0,0.8692
639.0,0.8664
640.0,0.8665
641.0,0.8721
642.0,0.8755
643.0,0.8889
644.0,0.8934
645.0,0.8916
646.0,0.8541
647.0,0.8017
648.0,0.8136
649.0,0.786
650.0,0.8466
651.0,0.8923
652.0,0.8104
653.0,0.8881
654.0,0.8809
655.0,0.8251
656.0,0.748
657.0,0.7736
658.0,0.8862
659.0,0.9004
660.0,0.9116
661.0,0.9296
662.0,0.928
663.0,0.911
664.0,0.9328
665.0,0.9434
666.0,0.947
667.0,0.9511
668.0,0.9584
669.0,0.9776
670.0,0.9768
671.0,0.9807
672.0,0.9751
673.0,0.9934
674.0,0.9932
675.0,0.9877
676.0,0.9976
677.0,0.9908
678.0,0.9966
679.0,0.9834
680.0,0.9936
681.0,0.9886
682.0,0.989
683.0,0.9883
684.0,0.9837
685.0,0.9963
686.0,0.9872
687.0,0.1709
688.0,0.3452
689.0,0.353
690.0,0.441
691.0,0.5615
692.0,0.6749
693.0,0.6725
694.0,0.7009
695.0,0.8067
696.0,0.8153
697.0,0.9496
698.0,0.933
699.0,0.8499
700.0,0.8376
701.0,0.7987
702.0,0.8291
703.0,0.8469
704.0,0.9118
705.0,0.9097
706.0,0.9219
707.0,0.9307
708.0,0.9303
709.0,0.9616
710.0,0.9444
711.0,0.9552
712.0,0.9683
713.0,0.9438
714.0,0.9551
715.0,0.8973
716.0,0.8925
717.0,0.5691
718.0,0.5169
719.0,0.459
720.0,0.457
721.0,0.6077
722.0,0.817
723.0,0.7052
724.0,0.5613
725.0,0.5365
726.0,0.5659
727.0,0.6223
728.0,0.5292
729.0,0.6149
730.0,0.6253
731.0,0.5903
732.0,0.7116
733.0,0.8149
734.0,0.8623
735.0,0.8303
736.0,0.8203
737.0,0.8281
738.0,0.9082
739.0,0.8959
740.0,0.9385
741.0,0.9407
742.0,0.9559
743.0,0.9847
744.0,0.9911
745.0,1.0
746.0,1.005
747.0,1.01
748.0,1.009
749.0,0.9995
750.0,1.0
751.0,0.9908
752.0,0.9967
753.0,1.003
754.0,1.006
755.0,1.0
756.0,1.002
757.0,1.003
758.0,0.9895
759.0,0.9179
760.0,0.0004739
761.0,3.108e-05
762.0,0.05813
763.0,0.00289
764.0,0.0166
765.0,0.0578
766.0,0.1576
767.0,0.3788
768.0,0.6857
769.0,0.7735
770.0,0.8917
771.0,0.9432
772.0,0.96
773.0,0.9711
774.0,0.9703
775.0,0.9659
776.0,0.9796
777.0,0.9678
778.0,0.9622
779.0,0.9636
780.0,0.9598
781.0,0.9619
782.0,0.9692
783.0,0.9539
784.0,0.9606
785.0,0.9503
786.0,0.9578
787.0,0.9032
788.0,0.8768
789.0,0.8802
790.0,0.8161
791.0,0.8666
792.0,0.8687
793.0,0.8509
794.0,0.9082
795.0,0.9115
796.0,0.8185
797.0,0.8112
798.0,0.9026
799.0,0.8875
800.0,0.8571
801.0,0.8375
802.0,0.8305
803.0,0.8143
804.0,0.8251
805.0,0.8434
806.0,0.9038
807.0,0.8876
808.0,0.8885
809.0,0.8444
810.0,0.8268
811.0,0.8085
812.0,0.7261
813.0,0.7081
814.0,0.536
815.0,0.5452
816.0,0.4871
817.0,0.4944
818.0,0.4582
819.0,0.58
820.0,0.5295
821.0,0.7453
822.0,0.7007
823.0,0.3074
824.0,0.6288
825.0,0.7407
826.0,0.6614
827.0,0.7465
828.0,0.5047
829.0,0.6703
830.0,0.6582
831.0,0.6555
832.0,0.6124
833.0,0.7063
834.0,0.6547
835.0,0.8197
836.0,0.7049
837.0,0.8187
838.0,0.7615
839.0,0.7987
840.0,0.8268
841.0,0.7985
842.0,0.8267
843.0,0.8569
844.0,0.8312
845.0,0.8775
846.0,0.8804
847.0,0.8723
848.0,0.8545
849.0,0.831
850.0,0.7971
851.0,0.8308
852.0,0.833
853.0,0.8118
854.0,0.6925
855.0,0.7735
856.0,0.8404
857.0,0.8682
858.0,0.8579
859.0,0.8653
860.0,0.8712
861.0,0.8653
862.0,0.8814
863.0,0.9024
864.0,0.8583
865.0,0.8523
866.0,0.7667
867.0,0.8007
868.0,0.8721
869.0,0.8549
870.0,0.88
871.0,0.868
872.0,0.8661
873.0,0.8648
874.0,0.855
875.0,0.8374
876.0,0.8454
877.0,0.8553
878.0,0.8624
879.0,0.85
880.0,0.8324
881.0,0.8138
882.0,0.8284
883.0,0.8387
884.0,0.8321
885.0,0.838
886.0,0.7804
887.0,0.8036
888.0,0.8078
889.0,0.8337
890.0,0.8042
891.0,0.8142
892.0,0.7646
893.0,0.7185
894.0,0.6375
895.0,0.5401
896.0,0.4913
897.0,0.3636
898.0,0.4178
899.0,0.258
900.0,0.4657
901.0,0.2724
902.0,0.3855
903.0,0.3632
904.0,0.6233
905.0,0.5858
906.0,0.5264
907.0,0.3196
908.0,0.3555
909.0,0.4117
910.0,0.3033
911.0,0.3891
912.0,0.3929
913.0,0.3053
914.0,0.3195
915.0,0.334
916.0,0.2775
917.0,0.4148
918.0,0.2765
919.0,0.4447
920.0,0.521
921.0,0.5283
922.0,0.4241
923.0,0.519
924.0,0.4112
925.0,0.4044
926.0,0.3978
927.0,0.4902
928.0,0.2261
929.0,0.1795
930.0,0.09288
931.0,0.08131
932.0,0.03262
933.0,0.01918
934.0,0.002206
935.0,0.02361
936.0,0.007427
937.0,0.007828
938.0,0.01148
939.0,0.07803
940.0,0.1218
941.0,0.06126
942.0,0.08155
943.0,0.03523
944.0,0.05687
945.0,0.06995
946.0,0.01437
947.0,0.06343
948.0,0.04517
949.0,0.1191
950.0,0.007039
951.0,0.1135
952.0,0.03367
953.0,0.06048
954.0,0.09679
955.0,0.06619
956.0,0.1092
957.0,0.03429
958.0,0.1715
959.0,0.09372
960.0,0.1078
961.0,0.1552
962.0,0.1483
963.0,0.2081
964.0,0.1814
965.0,0.1972
966.0,0.2046
967.0,0.1955
968.0,0.4499
969.0,0.4275
970.0,0.3846
971.0,0.5286
972.0,0.4788
973.0,0.331
974.0,0.316
975.0,0.3434
976.0,0.2782
977.0,0.4342
978.0,0.3613
979.0,0.3972
980.0,0.3676
981.0,0.529
982.0,0.477
983.0,0.4402
984.0,0.5964
985.0,0.4678
986.0,0.6423
987.0,0.6045
988.0,0.6125
989.0,0.6658
990.0,0.5992
991.0,0.664
992.0,0.672
993.0,0.6287
994.0,0.6771
995.0,0.6832
996.0,0.6733
997.0,0.6776
998.0,0.6718
999.0,0.6715
1000.0,0.6567
1001.0,0.6767
1002.0,0.6135
1003.0,0.6626
1004.0,0.634
1005.0,0.627
1006.0,0.6452
1007.0,0.6616
1008.0,0.6513
1009.0,0.6396
1010.0,0.6331
1011.0,0.6596
1012.0,0.647
1013.0,0.6613
1014.0,0.6565
1015.0,0.6512
1016.0,0.6473
1017.0,0.647
1018.0,0.6504
1019.0,0.6192
1020.0,0.6446
1021.0,0.6469
1022.0,0.6355
1023.0,0.6422
1024.0,0.6169
1025.0,0.647
1026.0,0.6394
1027.0,0.6397
1028.0,0.637
1029.0,0.6273
1030.0,0.638
1031.0,0.6332
1032.0,0.6332
1033.0,0.6235
1034.0,0.6243
1035.0,0.6263
1036.0,0.6274
1037.0,0.6182
1038.0,0.6202
1039.0,0.6187
1040.0,0.6159
1041.0,0.6168
1042.0,0.6123
1043.0,0.6095
1044.0,0.6105
1045.0,0.6012
1046.0,0.5935
1047.0,0.5975
1048.0,0.5994
1049.0,0.5958
1050.0,0.5915
1051.0,0.5888
1052.0,0.5846
1053.0,0.5778
1054.0,0.5767
1055.0,0.5742
1056.0,0.5691
1057.0,0.565
1058.0,0.5487
1059.0,0.5463
1060.0,0.5442
1061.0,0.5419
1062.0,0.542
1063.0,0.5345
1064.0,0.5417
1065.0,0.5313
1066.0,0.5259
1067.0,0.5313
1068.0,0.5151
1069.0,0.5036
1070.0,0.5176
1071.0,0.5393
1072.0,0.5229
1073.0,0.5171
1074.0,0.5475
1075.0,0.4919
1076.0,0.5453
1077.0,0.5214
1078.0,0.5004
1079.0,0.5449
1080.0,0.5087
1081.0,0.4787
1082.0,0.5126
1083.0,0.524
1084.0,0.4688
1085.0,0.5132
1086.0,0.4268
1087.0,0.4695
1088.0,0.5195
1089.0,0.464
1090.0,0.4427
1091.0,0.5078
1092.0,0.5103
1093.0,0.3538
1094.0,0.4567
1095.0,0.365
1096.0,0.3316
1097.0,0.4994
1098.0,0.3135
1099.0,0.3339
1100.0,0.285
1101.0,0.3039
1102.0,0.2687
1103.0,0.2504
1104.0,0.2558
1105.0,0.3151
1106.0,0.1525
1107.0,0.2878
1108.0,0.1872
1109.0,0.1868
1110.0,0.2609
1111.0,0.1026
1112.0,0.188
1113.0,0.06276
1114.0,0.06905
1115.0,0.05083
1116.0,0.02315
1117.0,0.001999
1118.0,0.02669
1119.0,0.005082
1120.0,0.005153
1121.0,0.008875
1122.0,0.0008136
1123.0,0.004598
1124.0,0.003847
1125.0,0.006743
1126.0,0.0001751
1127.0,0.00772
1128.0,0.001327
1129.0,0.001503
1130.0,0.001196
1131.0,0.03573
1132.0,0.02231
1133.0,0.00533
1134.0,0.0001367
1135.0,9.346e-05
1136.0,0.002673
1137.0,0.03179
1138.0,0.01804
1139.0,0.0653
1140.0,0.03807
1141.0,0.01794
1142.0,0.02545
1143.0,0.05591
1144.0,0.006734
1145.0,0.004678
1146.0,0.005041
1147.0,0.0001865
1148.0,0.04248
1149.0,0.02469
1150.0,0.01075
1151.0,0.01851
1152.0,0.03294
1153.0,0.04252
1154.0,0.006882
1155.0,0.06918
1156.0,0.05309
1157.0,0.0898
1158.0,0.08892
1159.0,0.101
1160.0,0.08774
1161.0,0.1456
1162.0,0.1409
1163.0,0.2815
1164.0,0.2093
1165.0,0.1702
1166.0,0.1956
1167.0,0.2273
1168.0,0.2305
1169.0,0.2415
1170.0,0.2928
1171.0,0.2837
1172.0,0.3148
1173.0,0.2917
1174.0,0.1487
1175.0,0.3106
1176.0,0.3926
1177.0,0.3421
1178.0,0.2048
1179.0,0.3926
1180.0,0.2969
1181.0,0.3074
1182.0,0.1487
1183.0,0.3126
1184.0,0.2687
1185.0,0.239
1186.0,0.3554
1187.0,0.3122
1188.0,0.138
1189.0,0.2881
1190.0,0.356
1191.0,0.2872
1192.0,0.367
1193.0,0.3322
1194.0,0.3556
1195.0,0.3018
1196.0,0.2733
1197.0,0.3655
1198.0,0.3275
1199.0,0.2097
1200.0,0.3315
1201.0,0.2898
1202.0,0.319
1203.0,0.2929
1204.0,0.2344
1205.0,0.3422
1206.0,0.4115
1207.0,0.306
1208.0,0.3226
1209.0,0.3275
1210.0,0.3603
1211.0,0.3225
1212.0,0.2719
1213.0,0.3731
1214.0,0.2923
1215.0,0.2861
1216.0,0.3813
1217.0,0.3579
1218.0,0.3767
1219.0,0.3609
1220.0,0.3782
1221.0,0.3988
1222.0,0.3781
1223.0,0.3679
1224.0,0.346
1225.0,0.3883
1226.0,0.406
1227.0,0.3288
1228.0,0.4129
1229.0,0.4059
1230.0,0.3919
1231.0,0.4261
1232.0,0.4225
1233.0,0.3749
1234.0,0.4357
1235.0,0.4258
1236.0,0.4347
1237.0,0.4159
1238.0,0.4334
1239.0,0.4275
1240.0,0.4316
1241.0,0.4181
1242.0,0.4273
1243.0,0.4246
1244.0,0.4238
1245.0,0.4279
1246.0,0.4259
1247.0,0.4207
1248.0,0.4145
1249.0,0.4212
1250.0,0.4149
1251.0,0.402
1252.0,0.4118
1253.0,0.3912
1254.0,0.3752
1255.0,0.407
1256.0,0.3645
1257.0,0.3563
1258.0,0.3873
1259.0,0.3278
1260.0,0.335
1261.0,0.2663
1262.0,0.2351
1263.0,0.2346
1264.0,0.1712
1265.0,0.2337
1266.0,0.1968
1267.0,0.2197
1268.0,0.1786
1269.0,0.022
1270.0,0.211
1271.0,0.2739
1272.0,0.2775
1273.0,0.2692
1274.0,0.2782
1275.0,0.2903
1276.0,0.3035
1277.0,0.3208
1278.0,0.3461
1279.0,0.3458
1280.0,0.3401
1281.0,0.3352
1282.0,0.34
1283.0,0.3624
1284.0,0.3688
1285.0,0.3746
1286.0,0.3885
1287.0,0.3658
1288.0,0.3726
1289.0,0.3284
1290.0,0.3695
1291.0,0.3812
1292.0,0.3058
1293.0,0.3625
1294.0,0.358
1295.0,0.3342
1296.0,0.2923
1297.0,0.2567
1298.0,0.3188
1299.0,0.366
1300.0,0.2401
1301.0,0.254
1302.0,0.3233
1303.0,0.2399
1304.0,0.1526
1305.0,0.3105
1306.0,0.2986
1307.0,0.1722
1308.0,0.2481
1309.0,0.2828
1310.0,0.1612
1311.0,0.2247
1312.0,0.2172
1313.0,0.1892
1314.0,0.1462
1315.0,0.1375
1316.0,0.2105
1317.0,0.1881
1318.0,0.2299
1319.0,0.1182
1320.0,0.1203
1321.0,0.1654
1322.0,0.1536
1323.0,0.07299
1324.0,0.1195
1325.0,0.1917
1326.0,0.138
1327.0,0.1218
1328.0,0.0866
1329.0,0.03622
1330.0,0.06558
1331.0,0.01718
1332.0,0.02034
1333.0,0.03285
1334.0,0.04677
1335.0,0.06502
1336.0,0.03622
1337.0,0.03263
1338.0,0.03332
1339.0,0.03382
1340.0,0.03944
1341.0,0.02249
1342.0,0.02648
1343.0,0.00605
1344.0,0.004214
1345.0,0.004188
1346.0,0.0003283
1347.0,0.0001983
1348.0,5.475e-07
1349.0,2.547e-06
1350.0,2.571e-06
1351.0,3.023e-08
1352.0,9.375e-12
1353.0,8.384e-14
1354.0,7.09e-12
1355.0,8.056e-18
1356.0,6.308e-14
1357.0,6.576e-14
1358.0,1.426e-17
1359.0,2.234e-22
1360.0,2.981e-19
1361.0,6.884e-29
1362.0,1.209e-32
1363.0,1.4269999999999998e-22
1364.0,5.233e-21
1365.0,3.37e-38
1366.0,5.223e-21
1367.0,1.03e-18
1368.0,0.0
1369.0,4.378e-21
1370.0,3.883e-23
1371.0,2.914e-25
1372.0,1.443e-18
1373.0,1.151e-15
1374.0,1.4e-13
1375.0,1.154e-14
1376.0,9.332e-12
1377.0,3.618e-12
1378.0,4.437e-12
1379.0,3.198e-12
1380.0,1.374e-13
1381.0,7.795e-15
1382.0,3.516e-19
1383.0,1.0240000000000001e-20
1384.0,5.276999999999999e-22
1385.0,7.425e-17
1386.0,9.578e-21
1387.0,6.598e-16
1388.0,1.089e-14
1389.0,9.632e-13
1390.0,1.744e-13
1391.0,3.953e-13
1392.0,1.811e-13
1393.0,2.293e-12
1394.0,2.945e-16
1395.0,4.201e-18
1396.0,1.663e-27
1397.0,3.489e-13
1398.0,1.945e-12
1399.0,2.279e-12
1400.0,2.859e-30
1401.0,1.402e-26
1402.0,1.432e-08
1403.0,3.031e-09
1404.0,1.861e-10
1405.0,9.486000000000001e-20
1406.0,3.501e-11
1407.0,1.156e-09
1408.0,5.398e-11
1409.0,6.665e-13
1410.0,1.085e-10
1411.0,4.231e-09
1412.0,2.875e-08
1413.0,1.964e-06
1414.0,1.862e-10
1415.0,3.262e-11
1416.0,8.121e-05
1417.0,8.573e-06
1418.0,7.508e-07
1419.0,8.249e-08
1420.0,4.446e-07
1421.0,5.904e-06
1422.0,0.0001146
1423.0,1.811e-05
1424.0,0.0001074
1425.0,5.337e-05
1426.0,0.0002282
1427.0,0.0005104
1428.0,2.697e-07
1429.0,0.0001653
1430.0,0.001269
1431.0,0.001629
1432.0,2.157e-07
1433.0,0.0006504
1434.0,0.000206
1435.0,3.91e-05
1436.0,0.0003515
1437.0,0.0002472
1438.0,6.134e-05
1439.0,0.0005537
1440.0,0.0006707
1441.0,0.0001576
1442.0,6.972e-05
1443.0,0.0003181
1444.0,0.001277
1445.0,0.0003549
1446.0,4.285e-05
1447.0,0.0002438
1448.0,0.006595
1449.0,0.005127
1450.0,0.0002925
1451.0,7.33e-05
1452.0,0.001198
1453.0,0.002035
1454.0,0.01425
1455.0,0.002449
1456.0,0.003148
1457.0,0.007989
1458.0,0.01902
1459.0,0.02396
1460.0,0.006954
1461.0,0.003287
1462.0,0.01313
1463.0,0.001509
1464.0,0.02273
1465.0,0.01088
1466.0,0.001305
1467.0,0.0003785
1468.0,0.002344
1469.0,0.005441
1470.0,0.0002167
1471.0,0.0002099
1472.0,0.000192
1473.0,0.001465
1474.0,0.008138
1475.0,0.03417
1476.0,0.002917
1477.0,0.001907
1478.0,0.004386
1479.0,0.01373
1480.0,0.00167
1481.0,0.009635
1482.0,0.003379
1483.0,0.02215
1484.0,0.02675
1485.0,0.02106
1486.0,0.01265
1487.0,0.002011
1488.0,0.01198
1489.0,0.05288
1490.0,0.05742
1491.0,0.07276
1492.0,0.03233
1493.0,0.05495
1494.0,0.08873
1495.0,0.06528
1496.0,0.05366
1497.0,0.137
1498.0,0.08461
1499.0,0.1119
1500.0,0.1734
1501.0,0.1727
1502.0,0.1414
1503.0,0.08972
1504.0,0.0521
1505.0,0.08986
1506.0,0.1912
1507.0,0.1771
1508.0,0.167
1509.0,0.08832
1510.0,0.2111
1511.0,0.1846
1512.0,0.2049
1513.0,0.1512
1514.0,0.127
1515.0,0.2165
1516.0,0.1989
1517.0,0.1718
1518.0,0.1832
1519.0,0.1616
1520.0,0.1943
1521.0,0.2558
1522.0,0.214
1523.0,0.2631
1524.0,0.2413
1525.0,0.2012
1526.0,0.2038
1527.0,0.2138
1528.0,0.2566
1529.0,0.2376
1530.0,0.2134
1531.0,0.2303
1532.0,0.2641
1533.0,0.2691
1534.0,0.2603
1535.0,0.2506
1536.0,0.2631
1537.0,0.2504
1538.0,0.2649
1539.0,0.2546
1540.0,0.2631
1541.0,0.2624
1542.0,0.2527
1543.0,0.2645
1544.0,0.2547
1545.0,0.2692
1546.0,0.2581
1547.0,0.2599
1548.0,0.2602
1549.0,0.2657
1550.0,0.2621
1551.0,0.2623
1552.0,0.2551
1553.0,0.2608
1554.0,0.2565
1555.0,0.2596
1556.0,0.2584
1557.0,0.2625
1558.0,0.2609
1559.0,0.2588
1560.0,0.2602
1561.0,0.2623
1562.0,0.2558
1563.0,0.255
1564.0,0.2553
1565.0,0.2591
1566.0,0.2538
1567.0,0.2554
1568.0,0.2514
1569.0,0.2558
1570.0,0.2573
1571.0,0.2586
1572.0,0.2569
1573.0,0.2536
1574.0,0.243
1575.0,0.2387
1576.0,0.2309
1577.0,0.2237
1578.0,0.2325
1579.0,0.2298
1580.0,0.2338
1581.0,0.2307
1582.0,0.2276
1583.0,0.227
1584.0,0.2393
1585.0,0.2439
1586.0,0.239
1587.0,0.2356
1588.0,0.2354
1589.0,0.2288
1590.0,0.2314
1591.0,0.2384
1592.0,0.2413
1593.0,0.2495
1594.0,0.2461
1595.0,0.2453
1596.0,0.2367
1597.0,0.2388
1598.0,0.2479
1599.0,0.2453
1600.0,0.2452
1601.0,0.2399
1602.0,0.2383
1603.0,0.2448
1604.0,0.2426
1605.0,0.243
1606.0,0.24
1607.0,0.2424
1608.0,0.2386
1609.0,0.2348
1610.0,0.2298
1611.0,0.2331
1612.0,0.2377
1613.0,0.2353
1614.0,0.2368
1615.0,0.2322
1616.0,0.2282
1617.0,0.2301
1618.0,0.237
1619.0,0.2285
1620.0,0.2281
1621.0,0.2294
1622.0,0.2329
1623.0,0.2369
1624.0,0.2318
1625.0,0.231
1626.0,0.2307
1627.0,0.2337
1628.0,0.2309
1629.0,0.231
1630.0,0.2284
1631.0,0.2224
1632.0,0.2246
1633.0,0.2081
1634.0,0.2245
1635.0,0.2084
1636.0,0.215
1637.0,0.2167
1638.0,0.1829
1639.0,0.2111
1640.0,0.1765
1641.0,0.2066
1642.0,0.2164
1643.0,0.1691
1644.0,0.2183
1645.0,0.1905
1646.0,0.168
1647.0,0.2207
1648.0,0.1689
1649.0,0.2073
1650.0,0.2117
1651.0,0.1568
1652.0,0.2043
1653.0,0.211
1654.0,0.1698
1655.0,0.2106
1656.0,0.1945
1657.0,0.2017
1658.0,0.215
1659.0,0.2105
1660.0,0.2127
1661.0,0.2095
1662.0,0.1928
1663.0,0.2135
1664.0,0.208
1665.0,0.1683
1666.0,0.07478
1667.0,0.1669
1668.0,0.1997
1669.0,0.1996
1670.0,0.2098
1671.0,0.198
1672.0,0.2009
1673.0,0.208
1674.0,0.1913
1675.0,0.1915
1676.0,0.198
1677.0,0.1922
1678.0,0.1757
1679.0,0.2004
1680.0,0.1893
1681.0,0.1708
1682.0,0.1965
1683.0,0.2008
1684.0,0.15
1685.0,0.2028
1686.0,0.2017
1687.0,0.1757
1688.0,0.1976
1689.0,0.1964
1690.0,0.1906
1691.0,0.1431
1692.0,0.1859
1693.0,0.2031
1694.0,0.1777
1695.0,0.197
1696.0,0.2004
1697.0,0.1182
1698.0,0.1933
1699.0,0.1917
1700.0,0.1771
1702.0,0.1893
1705.0,0.1717
1710.0,0.1579
1715.0,0.1609
1720.0,0.1631
1725.0,0.1358
1730.0,0.1372
1735.0,0.1277
1740.0,0.1254
1745.0,0.1154
1750.0,0.1229
1755.0,0.1054
1760.0,0.1134
1765.0,0.075
1770.0,0.07947
1775.0,0.04896
1780.0,0.0338
1785.0,0.01662
1790.0,0.02181
1795.0,0.001201
1800.0,0.00159
1805.0,1.234e-05
1810.0,5.414e-05
1815.0,2.212e-08
1820.0,2.1e-10
1825.0,3.897e-10
1830.0,2.518e-16
1835.0,1.234e-13
1840.0,3.7710000000000005e-20
1845.0,3.467e-21
1850.0,4.578999999999999e-22
1855.0,1.285e-19
1860.0,2.984e-14
1865.0,1.332e-15
1870.0,1.042e-29
1875.0,4.224e-29
1880.0,5.955e-13
1885.0,1.284e-13
1890.0,7.175e-14
1895.0,1.823e-12
1900.0,3.797e-18
1905.0,1.693e-17
1910.0,1.984e-15
1915.0,2.704e-13
1920.0,2.575e-12
1925.0,2.664e-10
1930.0,2.077e-09
1935.0,5.203e-07
1940.0,6.635e-06
1945.0,4.766e-05
1950.0,0.0007588
1955.0,0.0001797
1960.0,0.002255
1965.0,0.01043
1970.0,0.02426
1975.0,0.03111
1980.0,0.03412
1985.0,0.04285
1990.0,0.04587
1995.0,0.05342
2000.0,0.06395
2005.0,0.04103
2010.0,0.09941
2015.0,0.05492
2020.0,0.0667
2025.0,0.08674
2030.0,0.06943
2035.0,0.09398
2040.0,0.08145
2045.0,0.08623
2050.0,0.09574
2055.0,0.08455
2060.0,0.07879
2065.0,0.08386
2070.0,0.08087
2075.0,0.09155
2080.0,0.0889
2085.0,0.08821
2090.0,0.09201
2095.0,0.08732
2100.0,0.07335
2105.0,0.0881
2110.0,0.07913
2115.0,0.08726
2120.0,0.07494
2125.0,0.0799
2130.0,0.08484
2135.0,0.08669
2140.0,0.08893
2145.0,0.0877
2150.0,0.07224
2155.0,0.07283
2160.0,0.07406
2165.0,0.06579
2170.0,0.07402
2175.0,0.0664
2180.0,0.07337
2185.0,0.05752
2190.0,0.06905
2195.0,0.06701
2200.0,0.0428
2205.0,0.05654
2210.0,0.07374
2215.0,0.06455
2220.0,0.0681
2225.0,0.06394
2230.0,0.06474
2235.0,0.06076
2240.0,0.05979
2245.0,0.05171
2250.0,0.05875
2255.0,0.04543
2260.0,0.04348
2265.0,0.05014
2270.0,0.03911
2275.0,0.03749
2280.0,0.04846
2285.0,0.03718
2290.0,0.03796
2295.0,0.03626
2300.0,0.02881
2305.0,0.03035
2310.0,0.0479
2315.0,0.0307
2320.0,0.01978
2325.0,0.03613
2330.0,0.03163
2335.0,0.03563
2340.0,0.01591
2345.0,0.02137
2350.0,0.01268
2355.0,0.01775
2360.0,0.02255
2365.0,0.0261
2370.0,0.003682
2375.0,0.01556
2380.0,0.01641
2385.0,0.007099
2390.0,0.01094
2395.0,0.01337
2400.0,0.01673
2405.0,0.01042
2410.0,0.01046
2415.0,0.004298
2420.0,0.00472
2425.0,0.007338
2430.0,0.01497
2435.0,0.001048
2440.0,0.01591
2445.0,0.002301
2450.0,0.0007184
2455.0,0.004424
2460.0,0.005965
2465.0,0.002146
2470.0,0.0004592
2475.0,0.0004772
2480.0,0.0001326
2485.0,7.447e-06
2490.0,6.573e-07
2495.0,6.317e-07
2500.0,2.191e-05
2505.0,4.407e-06
2510.0,8.744e-06
2515.0,3.15e-07
2520.0,1.348e-11
2525.0,9.543e-11
2530.0,1.883e-21
2535.0,2.0400000000000003e-26
2540.0,1.086e-24
2545.0,1.0700000000000001e-30
2550.0,3.626e-38
2555.0,2.961e-31
2560.0,3.564e-30
2565.0,1.487e-41
2570.0,0.0
2575.0,0.0
2580.0,0.0
2585.0,0.0
2590.0,0.0
2595.0,0.0
2600.0,0.0
2605.0,0.0
2610.0,0.0
2615.0,0.0
2620.0,0.0
2625.0,0.0
2630.0,0.0
2635.0,0.0
2640.0,0.0
2645.0,0.0
2650.0,0.0
2655.0,0.0
2660.0,0.0
2665.0,0.0
2670.0,0.0
2675.0,0.0
2680.0,0.0
2685.0,0.0
2690.0,0.0
2695.0,0.0
2700.0,0.0
2705.0,0.0
2710.0,0.0
2715.0,0.0
2720.0,0.0
2725.0,0.0
2730.0,0.0
2735.0,0.0
2740.0,0.0
2745.0,0.0
2750.0,0.0
2755.0,0.0
2760.0,0.0
2765.0,0.0
2770.0,0.0
2775.0,2.3819999999999997e-44
2780.0,2.522e-44
2785.0,6.234e-42
2790.0,6.653e-35
2795.0,2.522e-44
2800.0,2.018e-17
2805.0,1.887e-28
2810.0,5.104e-27
2815.0,1.793e-27
2820.0,1.194e-28
2825.0,2.054e-19
2830.0,2.054e-16
2835.0,5.686e-30
2840.0,1.182e-16
2845.0,2.05e-13
2850.0,8.146000000000001e-20
2855.0,4.359e-14
2860.0,9.618e-13
2865.0,5.363e-12
2870.0,1.169e-14
2875.0,3.224e-10
2880.0,1.309e-08
2885.0,3.734e-10
2890.0,1.813e-08
2895.0,2.673e-06
2900.0,6.353e-08
2905.0,1.99e-09
2910.0,4.136e-06
2915.0,7.295e-07
2920.0,3.686e-06
2925.0,3.093e-06
2930.0,6.817e-05
2935.0,6.804e-05
2940.0,6.317e-06
2945.0,3.26e-07
2950.0,3.314e-05
2955.0,1.828e-05
2960.0,8.857e-05
2965.0,0.0002915
2970.0,9.673e-08
2975.0,4.296e-06
2980.0,6.458e-06
2985.0,0.0003202
2990.0,0.001277
2995.0,5.195e-05
3000.0,0.0003366
3005.0,3.79e-05
3010.0,0.00038
3015.0,0.0001555
3020.0,1.771e-08
3025.0,0.0003156
3030.0,0.0002105
3035.0,1.201e-05
3040.0,1.994e-05
3045.0,3.801e-05
3050.0,2.938e-06
3055.0,1.373e-07
3060.0,0.0002431
3065.0,2.938e-05
3070.0,4.215e-06
3075.0,0.0001962
3080.0,4.856e-05
3085.0,3.338e-06
3090.0,9.228e-06
3095.0,3.402e-07
3100.0,9.076e-05
3105.0,5.336e-06
3110.0,6.288e-08
3115.0,4.536e-06
3120.0,0.0007511
3125.0,0.0001557
3130.0,0.0003874
3135.0,0.001189
3140.0,6.339e-05
3145.0,7.047e-05
3150.0,0.000441
3155.0,0.0003753
3160.0,0.0009382
3165.0,0.003225
3170.0,0.003069
3175.0,0.0008245
3180.0,0.001886
3185.0,0.0002321
3190.0,0.0001704
3195.0,4.566e-06
3200.0,1.051e-08
3205.0,1.085e-09
3210.0,2.026e-09
3215.0,1.781e-07
3220.0,5.166e-07
3225.0,1.206e-07
3230.0,7.622e-08
3235.0,0.0002752
3240.0,1.16e-05
3245.0,4.909e-06
3250.0,1.641e-05
3255.0,0.0007382
3260.0,2.649e-06
3265.0,8.373e-06
3270.0,4.681e-07
3275.0,0.0001719
3280.0,2.196e-05
3285.0,0.001624
3290.0,0.00051
3295.0,1.199e-05
3300.0,8.991e-06
3305.0,5.424e-05
3310.0,2.898e-05
3315.0,1.443e-17
3320.0,3.395e-11
3325.0,1.05e-05
3330.0,0.000423
3335.0,0.0008188
3340.0,0.0002643
3345.0,5.787e-05
3350.0,0.001142
3355.0,7.703e-05
3360.0,0.0003171
3365.0,0.001106
3370.0,4.437e-05
3375.0,0.002027
3380.0,0.0001202
3385.0,0.001244
3390.0,0.001477
3395.0,0.002119
3400.0,0.005988
3405.0,8.333e-05
3410.0,0.001577
3415.0,0.0004758
3420.0,0.007677
3425.0,0.001864
3430.0,0.0009056
3435.0,0.005976
3440.0,0.0007235
3445.0,0.004795
3450.0,0.003648
3455.0,0.001358
3460.0,0.007618
3465.0,0.001943
3470.0,0.007358
3475.0,0.003842
3480.0,0.004224
3485.0,0.006634
3490.0,0.003189
3495.0,0.007086
3500.0,0.006467
3505.0,0.006359
3510.0,0.006819
3515.0,0.006066
3520.0,0.007705
3525.0,0.006697
3530.0,0.005619
3535.0,0.002727
3540.0,0.002326
3545.0,0.002693
3550.0,0.005166
3555.0,0.003023
3560.0,0.005871
3565.0,0.005371
3570.0,0.002719
3575.0,0.002243
3580.0,0.004976
3585.0,0.003123
3590.0,0.004064
3595.0,0.005305
3600.0,0.006258
3605.0,0.005239
3610.0,0.004251
3615.0,0.005346
3620.0,0.009113
3625.0,0.005408
3630.0,0.005797
3635.0,0.006244
3640.0,0.009166
3645.0,0.006066
3650.0,0.005902
3655.0,0.007878
3660.0,0.008108
3665.0,0.005599
3670.0,0.003281
3675.0,0.0006653
3680.0,0.002979
3685.0,0.004657
3690.0,0.004819
3695.0,0.006641
3700.0,0.009036
3705.0,0.008502
3710.0,0.005337
3715.0,0.005718
3720.0,0.008031
3725.0,0.008597
3730.0,0.005864
3735.0,0.00451
3740.0,0.00533
3745.0,0.008098
3750.0,0.00635
3755.0,0.005848
3760.0,0.004975
3765.0,0.004915
3770.0,0.006301
3775.0,0.006152
3780.0,0.007177
3785.0,0.005309
3790.0,0.003943
3795.0,0.006063
3800.0,0.008172
3805.0,0.00691
3810.0,0.004494
3815.0,0.00423
3820.0,0.007945
3825.0,0.00757
3830.0,0.008017
3835.0,0.003677
3840.0,0.006263
3845.0,0.005618
3850.0,0.005761
3855.0,0.005012
3860.0,0.003636
3865.0,0.003687
3870.0,0.002366
3875.0,0.001537
3880.0,0.001292
3885.0,0.001557
3890.0,0.001685
3895.0,0.002676
3900.0,0.003781
3905.0,0.00372
3910.0,0.002189
3915.0,0.001979
3920.0,0.002015
3925.0,0.001904
3930.0,0.002259
3935.0,0.002828
3940.0,0.003046
3945.0,0.003406
3950.0,0.003793
3955.0,0.004071
3960.0,0.004305
3965.0,0.004515
3970.0,0.004357
3975.0,0.003911
3980.0,0.003726
3985.0,0.003907
3990.0,0.003749
3995.0,0.00345
4000.0,0.003132
