interpolation:linear
wavelength,value
280.0,0.0
280.5,0.0
281.0,0.0
281.5,2.242e-44
282.0,2.044e-42
282.5,4.123e-41
283.0,1.1279999999999999e-39
283.5,5.281e-39
284.0,9.160000000000001e-36
284.5,2.152e-34
285.0,4.0099999999999995e-33
285.5,3.544e-31
286.0,4.469e-30
286.5,1.9520000000000002e-28
287.0,2.936e-27
287.5,9.582000000000001e-26
288.0,5.117e-24
288.5,7.56e-23
289.0,9.8e-22
289.5,1.615e-20
290.0,1.769e-19
290.5,1.133e-18
291.0,9.477e-18
291.5,1.501e-16
292.0,1.368e-15
292.5,4.231e-15
293.0,2.471e-14
293.5,2.319e-13
294.0,9.112e-13
294.5,3.052e-12
295.0,1.206e-11
295.5,7.931e-11
296.0,2.826e-10
296.5,7.043e-10
297.0,1.504e-09
297.5,7.557e-09
298.0,1.966e-08
298.5,2.867e-08
299.0,8.908e-08
299.5,2.511e-07
300.0,3.642e-07
300.5,6.88e-07
301.0,1.797e-06
301.5,3.82e-06
302.0,3.759e-06
302.5,9.834e-06
303.0,2.508e-05
303.5,3.848e-05
304.0,3.955e-05
304.5,7.145e-05
305.0,0.0001373
305.5,0.0001816
306.0,0.0001876
306.5,0.0002559
307.0,0.0004483
307.5,0.0006888
308.0,0.0007566
308.5,0.0009623
309.0,0.0009365
309.5,0.001316
310.0,0.001458
310.5,0.002497
311.0,0.003392
311.5,0.003423
312.0,0.00392
312.5,0.005215
313.0,0.005964
313.5,0.005707
314.0,0.007855
314.5,0.007777
315.0,0.01056
315.5,0.008617
316.0,0.008205
316.5,0.01263
317.0,0.01592
317.5,0.0166
318.0,0.01362
318.5,0.0182
319.0,0.02251
319.5,0.01789
320.0,0.0218
320.5,0.0292
321.0,0.02739
321.5,0.02677
322.0,0.02786
322.5,0.02467
323.0,0.02561
323.5,0.03314
324.0,0.03953
324.5,0.03997
325.0,0.03429
325.5,0.04554
326.0,0.05802
326.5,0.05996
327.0,0.06028
327.5,0.05855
328.0,0.05126
328.5,0.05661
329.0,0.0699
329.5,0.08069
330.0,0.08229
330.5,0.06594
331.0,0.06771
331.5,0.07052
332.0,0.07805
332.5,0.07841
333.0,0.07904
333.5,0.07192
334.0,0.07453
334.5,0.08783
335.0,0.08377
335.5,0.09674
336.0,0.06773
336.5,0.08218
337.0,0.06808
337.5,0.08562
338.0,0.08496
338.5,0.09756
339.0,0.09852
339.5,0.09541
340.0,0.1149
340.5,0.1048
341.0,0.1023
341.5,0.09619
342.0,0.1166
342.5,0.1106
343.0,0.1221
343.5,0.1156
344.0,0.0866
344.5,0.08714
345.0,0.1185
345.5,0.123
346.0,0.106
346.5,0.1215
347.0,0.1311
347.5,0.1069
348.0,0.1239
348.5,0.1253
349.0,0.1176
349.5,0.1176
350.0,0.147
350.5,0.1565
351.0,0.1408
351.5,0.1371
352.0,0.1495
352.5,0.1181
353.0,0.1505
353.5,0.1625
354.0,0.1703
354.5,0.1741
355.0,0.175
355.5,0.1597
356.0,0.1686
356.5,0.1452
357.0,0.1209
357.5,0.1492
358.0,0.1192
358.5,0.1027
359.0,0.1448
359.5,0.1857
360.0,0.1985
360.5,0.16
361.0,0.1472
361.5,0.1711
362.0,0.1495
362.5,0.2088
363.0,0.1892
363.5,0.1759
364.0,0.2169
364.5,0.1868
365.0,0.1917
365.5,0.2425
366.0,0.2591
366.5,0.2455
367.0,0.2408
367.5,0.2517
368.0,0.222
368.5,0.2257
369.0,0.2455
369.5,0.2636
370.0,0.2831
370.5,0.2214
371.0,0.2383
371.5,0.3001
372.0,0.2005
372.5,0.2421
373.0,0.2481
373.5,0.1626
374.0,0.2378
374.5,0.1984
375.0,0.1941
375.5,0.2915
376.0,0.2432
376.5,0.2535
377.0,0.2703
377.5,0.3183
378.0,0.347
378.5,0.33
379.0,0.2739
379.5,0.2516
380.0,0.2632
380.5,0.321
381.0,0.324
381.5,0.2587
382.0,0.2313
382.5,0.1986
383.0,0.1851
383.5,0.1794
384.0,0.1991
384.5,0.2946
385.0,0.2939
385.5,0.2755
386.0,0.2373
386.5,0.3138
387.0,0.2621
387.5,0.2961
388.0,0.2749
388.5,0.2734
389.0,0.2968
389.5,0.3615
390.0,0.3649
390.5,0.3376
391.0,0.3997
391.5,0.4098
392.0,0.347
392.5,0.3124
393.0,0.1748
393.5,0.1278
394.0,0.2614
394.5,0.3341
395.0,0.4097
395.5,0.4181
396.0,0.3643
396.5,0.2142
397.0,0.1616
397.5,0.3303
398.0,0.4645
398.5,0.4824
399.0,0.5255
399.5,0.5262
400.0,0.5486
401.0,0.5689
402.0,0.6062
403.0,0.5815
404.0,0.5775
405.0,0.5823
406.0,0.5784
407.0,0.5744
408.0,0.6014
409.0,0.6489
410.0,0.5717
411.0,0.6245
412.0,0.6767
413.0,0.6645
414.0,0.6781
415.0,0.6856
416.0,0.7036
417.0,0.6913
418.0,0.6836
419.0,0.6978
420.0,0.6996
421.0,0.7374
422.0,0.7059
423.0,0.6946
424.0,0.7395
425.0,0.7435
426.0,0.73
427.0,0.7209
428.0,0.7063
429.0,0.674
430.0,0.5938
431.0,0.5916
432.0,0.7696
433.0,0.7788
434.0,0.7271
435.0,0.7632
436.0,0.8657
437.0,0.8599
438.0,0.7879
439.0,0.8175
440.0,0.8489
441.0,0.8855
442.0,0.9551
443.0,0.9337
444.0,0.9595
445.0,0.9423
446.0,0.9052
447.0,0.9848
448.0,1.003
449.0,1.015
450.0,1.049
451.0,1.093
452.0,1.058
453.0,1.0
454.0,1.05
455.0,1.061
456.0,1.091
457.0,1.115
458.0,1.08
459.0,1.08
460.0,1.087
461.0,1.117
462.0,1.131
463.0,1.126
464.0,1.113
465.0,1.105
466.0,1.121
467.0,1.103
468.0,1.121
469.0,1.131
470.0,1.098
471.0,1.101
472.0,1.163
473.0,1.152
474.0,1.155
475.0,1.167
476.0,1.134
477.0,1.14
478.0,1.176
479.0,1.175
480.0,1.183
481.0,1.212
482.0,1.224
483.0,1.215
484.0,1.195
485.0,1.142
486.0,1.002
487.0,1.055
488.0,1.16
489.0,1.166
490.0,1.232
491.0,1.215
492.0,1.151
493.0,1.192
494.0,1.207
495.0,1.221
496.0,1.231
497.0,1.254
498.0,1.199
499.0,1.217
500.0,1.184
501.0,1.164
502.0,1.148
503.0,1.195
504.0,1.159
505.0,1.211
506.0,1.253
507.0,1.195
508.0,1.162
509.0,1.199
510.0,1.197
511.0,1.233
512.0,1.25
513.0,1.186
514.0,1.181
515.0,1.172
516.0,1.171
517.0,1.044
518.0,1.099
519.0,1.155
520.0,1.199
521.0,1.213
522.0,1.216
523.0,1.195
524.0,1.239
525.0,1.254
526.0,1.2
527.0,1.131
528.0,1.198
529.0,1.264
530.0,1.247
531.0,1.267
532.0,1.226
533.0,1.192
534.0,1.23
535.0,1.259
536.0,1.274
537.0,1.226
538.0,1.25
539.0,1.242
540.0,1.192
541.0,1.199
542.0,1.237
543.0,1.228
544.0,1.249
545.0,1.247
546.0,1.253
547.0,1.256
548.0,1.244
549.0,1.25
550.0,1.267
551.0,1.253
552.0,1.264
553.0,1.243
554.0,1.274
555.0,1.278
556.0,1.262
557.0,1.224
558.0,1.215
559.0,1.193
560.0,1.209
561.0,1.225
562.0,1.216
563.0,1.249
564.0,1.215
565.0,1.205
566.0,1.187
567.0,1.21
568.0,1.195
569.0,1.159
570.0,1.161
571.0,1.158
572.0,1.181
573.0,1.194
574.0,1.19
575.0,1.167
576.0,1.157
577.0,1.172
578.0,1.158
579.0,1.168
580.0,1.198
581.0,1.21
582.0,1.239
583.0,1.246
584.0,1.261
585.0,1.232
586.0,1.208
587.0,1.233
588.0,1.192
589.0,1.035
590.0,1.085
591.0,1.163
592.0,1.141
593.0,1.17
594.0,1.159
595.0,1.123
596.0,1.187
597.0,1.171
598.0,1.175
599.0,1.179
600.0,1.187
601.0,1.182
602.0,1.175
603.0,1.198
604.0,1.219
605.0,1.215
606.0,1.213
607.0,1.227
608.0,1.217
609.0,1.221
610.0,1.215
611.0,1.223
612.0,1.221
613.0,1.208
614.0,1.194
615.0,1.222
616.0,1.184
617.0,1.183
618.0,1.23
619.0,1.219
620.0,1.227
621.0,1.227
622.0,1.212
623.0,1.193
624.0,1.175
625.0,1.173
626.0,1.19
627.0,1.2
628.0,1.068
629.0,1.154
630.0,1.126
631.0,1.17
632.0,1.16
633.0,1.204
634.0,1.198
635.0,1.221
636.0,1.208
637.0,1.231
638.0,1.248
639.0,1.237
640.0,1.228
641.0,1.23
642.0,1.227
643.0,1.244
644.0,1.243
645.0,1.244
646.0,1.209
647.0,1.181
648.0,1.183
649.0,1.158
650.0,1.184
651.0,1.239
652.0,1.169
653.0,1.225
654.0,1.213
655.0,1.159
656.0,1.034
657.0,1.064
658.0,1.199
659.0,1.21
660.0,1.217
661.0,1.227
662.0,1.226
663.0,1.204
664.0,1.224
665.0,1.23
666.0,1.233
667.0,1.234
668.0,1.237
669.0,1.258
670.0,1.255
671.0,1.256
672.0,1.246
673.0,1.266
674.0,1.263
675.0,1.253
676.0,1.263
677.0,1.251
678.0,1.256
679.0,1.237
680.0,1.248
681.0,1.24
682.0,1.24
683.0,1.238
684.0,1.232
685.0,1.244
686.0,1.236
687.0,0.6019
688.0,0.8
689.0,0.8066
690.0,0.8811
691.0,0.9689
692.0,1.039
693.0,1.029
694.0,1.025
695.0,1.096
696.0,1.1
697.0,1.2
698.0,1.181
699.0,1.131
700.0,1.117
701.0,1.097
702.0,1.114
703.0,1.118
704.0,1.168
705.0,1.17
706.0,1.174
707.0,1.178
708.0,1.18
709.0,1.191
710.0,1.187
711.0,1.189
712.0,1.19
713.0,1.174
714.0,1.181
715.0,1.134
716.0,1.133
717.0,0.9025
718.0,0.8226
719.0,0.7477
720.0,0.775
721.0,0.9015
722.0,1.081
723.0,0.9824
724.0,0.8553
725.0,0.8321
726.0,0.8735
727.0,0.907
728.0,0.827
729.0,0.8863
730.0,0.9317
731.0,0.8866
732.0,0.9784
733.0,1.063
734.0,1.098
735.0,1.07
736.0,1.068
737.0,1.073
738.0,1.112
739.0,1.09
740.0,1.126
741.0,1.119
742.0,1.124
743.0,1.154
744.0,1.154
745.0,1.157
746.0,1.162
747.0,1.166
748.0,1.164
749.0,1.151
750.0,1.151
751.0,1.14
752.0,1.145
753.0,1.152
754.0,1.155
755.0,1.148
756.0,1.148
757.0,1.15
758.0,1.136
759.0,1.099
760.0,0.04771
761.0,0.0154
762.0,0.3459
763.0,0.1008
764.0,0.2073
765.0,0.3456
766.0,0.5112
767.0,0.7497
768.0,0.961
769.0,1.004
770.0,1.065
771.0,1.086
772.0,1.093
773.0,1.102
774.0,1.097
775.0,1.09
776.0,1.104
777.0,1.09
778.0,1.083
779.0,1.084
780.0,1.079
781.0,1.08
782.0,1.088
783.0,1.069
784.0,1.075
785.0,1.066
786.0,1.078
787.0,1.048
788.0,1.03
789.0,1.03
790.0,0.9884
791.0,1.012
792.0,1.006
793.0,0.9889
794.0,1.021
795.0,1.034
796.0,0.9824
797.0,0.9821
798.0,1.031
799.0,1.021
800.0,0.9988
801.0,0.991
802.0,0.9882
803.0,0.9782
804.0,0.9822
805.0,0.9853
806.0,1.023
807.0,1.009
808.0,1.011
809.0,0.9844
810.0,0.9718
811.0,0.9628
812.0,0.9215
813.0,0.8969
814.0,0.7516
815.0,0.7499
816.0,0.6935
817.0,0.7087
818.0,0.6736
819.0,0.7852
820.0,0.7284
821.0,0.8994
822.0,0.8661
823.0,0.518
824.0,0.8227
825.0,0.8846
826.0,0.8354
827.0,0.8977
828.0,0.7155
829.0,0.834
830.0,0.8197
831.0,0.8228
832.0,0.7895
833.0,0.861
834.0,0.8166
835.0,0.9309
836.0,0.8682
837.0,0.9345
838.0,0.8937
839.0,0.9225
840.0,0.9458
841.0,0.9276
842.0,0.9375
843.0,0.9453
844.0,0.928
845.0,0.9653
846.0,0.9627
847.0,0.9473
848.0,0.938
849.0,0.9115
850.0,0.8738
851.0,0.9215
852.0,0.9171
853.0,0.8858
854.0,0.7624
855.0,0.8414
856.0,0.9181
857.0,0.9412
858.0,0.9332
859.0,0.9359
860.0,0.9388
861.0,0.9334
862.0,0.9488
863.0,0.9714
864.0,0.9231
865.0,0.9155
866.0,0.8233
867.0,0.8594
868.0,0.9355
869.0,0.9164
870.0,0.9427
871.0,0.93
872.0,0.927
873.0,0.9254
874.0,0.9145
875.0,0.896
876.0,0.9052
877.0,0.9148
878.0,0.9242
879.0,0.9103
880.0,0.8909
881.0,0.8759
882.0,0.8942
883.0,0.899
884.0,0.8943
885.0,0.9011
886.0,0.8523
887.0,0.8667
888.0,0.8768
889.0,0.8923
890.0,0.8781
891.0,0.8802
892.0,0.8458
893.0,0.8111
894.0,0.7637
895.0,0.6986
896.0,0.6524
897.0,0.5343
898.0,0.5957
899.0,0.4243
900.0,0.6273
901.0,0.4444
902.0,0.5605
903.0,0.552
904.0,0.7585
905.0,0.7244
906.0,0.6707
907.0,0.502
908.0,0.5207
909.0,0.5804
910.0,0.4814
911.0,0.5376
912.0,0.5638
913.0,0.4871
914.0,0.4898
915.0,0.528
916.0,0.443
917.0,0.5931
918.0,0.4515
919.0,0.6153
920.0,0.6458
921.0,0.67
922.0,0.5756
923.0,0.6502
924.0,0.5834
925.0,0.5726
926.0,0.5747
927.0,0.6665
928.0,0.4226
929.0,0.3686
930.0,0.2629
931.0,0.2496
932.0,0.1539
933.0,0.1145
934.0,0.0424
935.0,0.1255
936.0,0.06435
937.0,0.0647
938.0,0.08439
939.0,0.2414
940.0,0.3103
941.0,0.2094
942.0,0.2551
943.0,0.1495
944.0,0.1763
945.0,0.2216
946.0,0.08881
947.0,0.2159
948.0,0.1565
949.0,0.3137
950.0,0.0554
951.0,0.312
952.0,0.1378
953.0,0.1977
954.0,0.2654
955.0,0.2025
956.0,0.2204
957.0,0.1365
958.0,0.3379
959.0,0.239
960.0,0.2679
961.0,0.3242
962.0,0.3057
963.0,0.3732
964.0,0.336
965.0,0.3712
966.0,0.3687
967.0,0.364
968.0,0.5719
969.0,0.5844
970.0,0.5295
971.0,0.6432
972.0,0.6071
973.0,0.4912
974.0,0.4635
975.0,0.4932
976.0,0.4472
977.0,0.553
978.0,0.507
979.0,0.5413
980.0,0.5039
981.0,0.641
982.0,0.599
983.0,0.5678
984.0,0.6781
985.0,0.5961
986.0,0.7012
987.0,0.6751
988.0,0.675
989.0,0.7065
990.0,0.6705
991.0,0.7074
992.0,0.7128
993.0,0.6846
994.0,0.7141
995.0,0.7152
996.0,0.7101
997.0,0.7121
998.0,0.7081
999.0,0.7061
1000.0,0.6982
1001.0,0.7103
1002.0,0.6782
1003.0,0.6972
1004.0,0.6768
1005.0,0.6566
1006.0,0.6801
1007.0,0.6957
1008.0,0.6898
1009.0,0.6836
1010.0,0.6795
1011.0,0.6927
1012.0,0.6844
1013.0,0.6918
1014.0,0.687
1015.0,0.6821
1016.0,0.6788
1017.0,0.6801
1018.0,0.6792
1019.0,0.6599
1020.0,0.6749
1021.0,0.6749
1022.0,0.6679
1023.0,0.6748
1024.0,0.6612
1025.0,0.6761
1026.0,0.6719
1027.0,0.6707
1028.0,0.6689
1029.0,0.6606
1030.0,0.6669
1031.0,0.6636
1032.0,0.6623
1033.0,0.6522
1034.0,0.6525
1035.0,0.6546
1036.0,0.6574
1037.0,0.647
1038.0,0.6497
1039.0,0.649
1040.0,0.6464
1041.0,0.6486
1042.0,0.644
1043.0,0.6417
1044.0,0.6437
1045.0,0.6347
1046.0,0.6275
1047.0,0.6328
1048.0,0.6359
1049.0,0.6333
1050.0,0.6299
1051.0,0.6286
1052.0,0.6256
1053.0,0.6201
1054.0,0.6208
1055.0,0.6204
1056.0,0.6174
1057.0,0.6149
1058.0,0.5991
1059.0,0.599
1060.0,0.5977
1061.0,0.5966
1062.0,0.599
1063.0,0.5925
1064.0,0.5998
1065.0,0.5937
1066.0,0.5834
1067.0,0.5905
1068.0,0.5763
1069.0,0.5596
1070.0,0.5774
1071.0,0.5907
1072.0,0.5807
1073.0,0.573
1074.0,0.5927
1075.0,0.5508
1076.0,0.5916
1077.0,0.5743
1078.0,0.56
1079.0,0.5845
1080.0,0.5657
1081.0,0.5411
1082.0,0.5605
1083.0,0.5652
1084.0,0.5376
1085.0,0.5681
1086.0,0.5022
1087.0,0.5291
1088.0,0.5628
1089.0,0.5333
1090.0,0.5159
1091.0,0.5579
1092.0,0.5587
1093.0,0.4426
1094.0,0.5073
1095.0,0.4627
1096.0,0.4347
1097.0,0.5461
1098.0,0.4231
1099.0,0.446
1100.0,0.403
1101.0,0.4123
1102.0,0.3852
1103.0,0.3756
1104.0,0.377
1105.0,0.4333
1106.0,0.2838
1107.0,0.4027
1108.0,0.3131
1109.0,0.3184
1110.0,0.3932
1111.0,0.2295
1112.0,0.3178
1113.0,0.1672
1114.0,0.1883
1115.0,0.1534
1116.0,0.1047
1117.0,0.02396
1118.0,0.118
1119.0,0.04481
1120.0,0.05437
1121.0,0.07902
1122.0,0.02315
1123.0,0.0497
1124.0,0.04176
1125.0,0.05789
1126.0,0.01106
1127.0,0.06623
1128.0,0.02874
1129.0,0.03146
1130.0,0.01887
1131.0,0.1579
1132.0,0.1173
1133.0,0.05732
1134.0,0.008301
1135.0,0.003535
1136.0,0.0424
1137.0,0.1483
1138.0,0.1013
1139.0,0.191
1140.0,0.1441
1141.0,0.09676
1142.0,0.1183
1143.0,0.1858
1144.0,0.04811
1145.0,0.05522
1146.0,0.05939
1147.0,0.01217
1148.0,0.1583
1149.0,0.1155
1150.0,0.05539
1151.0,0.1006
1152.0,0.1369
1153.0,0.1441
1154.0,0.05467
1155.0,0.1989
1156.0,0.1707
1157.0,0.2091
1158.0,0.2062
1159.0,0.2312
1160.0,0.1906
1161.0,0.2583
1162.0,0.257
1163.0,0.3915
1164.0,0.3202
1165.0,0.2861
1166.0,0.2974
1167.0,0.3315
1168.0,0.3316
1169.0,0.3436
1170.0,0.3874
1171.0,0.3774
1172.0,0.3937
1173.0,0.387
1174.0,0.2456
1175.0,0.3865
1176.0,0.4441
1177.0,0.413
1178.0,0.2867
1179.0,0.4478
1180.0,0.3792
1181.0,0.392
1182.0,0.2437
1183.0,0.3902
1184.0,0.3565
1185.0,0.3355
1186.0,0.4262
1187.0,0.3967
1188.0,0.2429
1189.0,0.3684
1190.0,0.4186
1191.0,0.3791
1192.0,0.4262
1193.0,0.4023
1194.0,0.4187
1195.0,0.3835
1196.0,0.3626
1197.0,0.4241
1198.0,0.3824
1199.0,0.2999
1200.0,0.397
1201.0,0.3735
1202.0,0.3794
1203.0,0.3712
1204.0,0.3142
1205.0,0.3951
1206.0,0.4489
1207.0,0.3746
1208.0,0.3764
1209.0,0.3856
1210.0,0.4075
1211.0,0.3792
1212.0,0.3603
1213.0,0.4273
1214.0,0.3743
1215.0,0.3658
1216.0,0.4275
1217.0,0.4114
1218.0,0.4235
1219.0,0.4154
1220.0,0.4246
1221.0,0.4318
1222.0,0.4186
1223.0,0.4124
1224.0,0.4047
1225.0,0.4282
1226.0,0.4351
1227.0,0.3878
1228.0,0.4402
1229.0,0.4351
1230.0,0.4253
1231.0,0.4462
1232.0,0.4432
1233.0,0.4162
1234.0,0.4484
1235.0,0.4438
1236.0,0.4485
1237.0,0.4374
1238.0,0.447
1239.0,0.4412
1240.0,0.4435
1241.0,0.4384
1242.0,0.4402
1243.0,0.4368
1244.0,0.4389
1245.0,0.4414
1246.0,0.4389
1247.0,0.4364
1248.0,0.4346
1249.0,0.4373
1250.0,0.4338
1251.0,0.4263
1252.0,0.4288
1253.0,0.421
1254.0,0.4136
1255.0,0.4272
1256.0,0.4073
1257.0,0.4035
1258.0,0.4173
1259.0,0.3901
1260.0,0.3936
1261.0,0.3567
1262.0,0.3383
1263.0,0.3386
1264.0,0.2957
1265.0,0.3367
1266.0,0.3139
1267.0,0.3265
1268.0,0.2985
1269.0,0.1261
1270.0,0.3225
1271.0,0.3574
1272.0,0.3602
1273.0,0.3547
1274.0,0.3581
1275.0,0.366
1276.0,0.3726
1277.0,0.3789
1278.0,0.3921
1279.0,0.3881
1280.0,0.3837
1281.0,0.3689
1282.0,0.3601
1283.0,0.3869
1284.0,0.3953
1285.0,0.3987
1286.0,0.4067
1287.0,0.3957
1288.0,0.3971
1289.0,0.3751
1290.0,0.3941
1291.0,0.4013
1292.0,0.3602
1293.0,0.3896
1294.0,0.3862
1295.0,0.3786
1296.0,0.3514
1297.0,0.3253
1298.0,0.366
1299.0,0.3917
1300.0,0.3059
1301.0,0.3197
1302.0,0.3653
1303.0,0.3044
1304.0,0.2369
1305.0,0.3566
1306.0,0.354
1307.0,0.2505
1308.0,0.309
1309.0,0.3473
1310.0,0.2436
1311.0,0.2908
1312.0,0.2798
1313.0,0.2688
1314.0,0.2323
1315.0,0.2243
1316.0,0.2818
1317.0,0.2636
1318.0,0.2964
1319.0,0.2047
1320.0,0.2035
1321.0,0.2467
1322.0,0.244
1323.0,0.1623
1324.0,0.2019
1325.0,0.2748
1326.0,0.2225
1327.0,0.2083
1328.0,0.1721
1329.0,0.1112
1330.0,0.1544
1331.0,0.07475
1332.0,0.0823
1333.0,0.118
1334.0,0.1124
1335.0,0.1598
1336.0,0.1154
1337.0,0.09935
1338.0,0.1062
1339.0,0.1082
1340.0,0.1108
1341.0,0.09495
1342.0,0.1015
1343.0,0.04932
1344.0,0.03144
1345.0,0.04385
1346.0,0.01314
1347.0,0.01201
1348.0,0.0002755
1349.0,0.001254
1350.0,0.001533
1351.0,0.00014
1352.0,9.607e-06
1353.0,1.861e-07
1354.0,1.461e-06
1355.0,9.879e-10
1356.0,8.98e-08
1357.0,1.344e-07
1358.0,1.3e-09
1359.0,2.023e-11
1360.0,2.855e-10
1361.0,5.405e-15
1362.0,3.814e-18
1363.0,1.294e-10
1364.0,7.416e-11
1365.0,1.034e-19
1366.0,9.539e-10
1367.0,8.522e-10
1368.0,6.771e-24
1369.0,2.808e-11
1370.0,5.615e-12
1371.0,1.395e-13
1372.0,5.163e-10
1373.0,3.414e-08
1374.0,3.837e-07
1375.0,5.147e-07
1376.0,1.408e-06
1377.0,5.605e-07
1378.0,5.942e-06
1379.0,2.497e-07
1380.0,1.795e-07
1381.0,3.659e-09
1382.0,3.543e-10
1383.0,3.613e-12
1384.0,2.079e-11
1385.0,1.02e-09
1386.0,1.576e-10
1387.0,1.712e-07
1388.0,6.342e-09
1389.0,1.929e-06
1390.0,1.441e-06
1391.0,9.385e-07
1392.0,6.123e-08
1393.0,4.794e-07
1394.0,4.457e-08
1395.0,1.818e-10
1396.0,1.458e-14
1397.0,1.388e-07
1398.0,5.639e-06
1399.0,3.925e-06
1400.0,1.863e-15
1401.0,3.909e-14
1402.0,4.905e-05
1403.0,4.476e-05
1404.0,1.144e-05
1405.0,4.21e-11
1406.0,1.74e-05
1407.0,3.267e-06
1408.0,1.599e-05
1409.0,2.483e-06
1410.0,4.372e-06
1411.0,4.234e-05
1412.0,8.267e-05
1413.0,0.001939
1414.0,3.94e-06
1415.0,1.392e-06
1416.0,0.006515
1417.0,0.00118
1418.0,0.0009699
1419.0,0.0001336
1420.0,0.0005823
1421.0,0.0008091
1422.0,0.008495
1423.0,0.001504
1424.0,0.003249
1425.0,0.003951
1426.0,0.006083
1427.0,0.01423
1428.0,0.0002282
1429.0,0.008583
1430.0,0.02053
1431.0,0.02406
1432.0,0.0001742
1433.0,0.01342
1434.0,0.005957
1435.0,0.003482
1436.0,0.0103
1437.0,0.0081
1438.0,0.002507
1439.0,0.0154
1440.0,0.01213
1441.0,0.006868
1442.0,0.007124
1443.0,0.0124
1444.0,0.0206
1445.0,0.01217
1446.0,0.004388
1447.0,0.008026
1448.0,0.05354
1449.0,0.04297
1450.0,0.00638
1451.0,0.002082
1452.0,0.02066
1453.0,0.0292
1454.0,0.0725
1455.0,0.02595
1456.0,0.03303
1457.0,0.05497
1458.0,0.07882
1459.0,0.09218
1460.0,0.04094
1461.0,0.03578
1462.0,0.06549
1463.0,0.01535
1464.0,0.08917
1465.0,0.0508
1466.0,0.02163
1467.0,0.008646
1468.0,0.02862
1469.0,0.04086
1470.0,0.01153
1471.0,0.004085
1472.0,0.01082
1473.0,0.02396
1474.0,0.04824
1475.0,0.115
1476.0,0.02728
1477.0,0.02496
1478.0,0.02878
1479.0,0.06463
1480.0,0.02155
1481.0,0.05806
1482.0,0.02488
1483.0,0.08445
1484.0,0.0855
1485.0,0.07132
1486.0,0.0641
1487.0,0.02087
1488.0,0.05204
1489.0,0.1291
1490.0,0.1233
1491.0,0.1487
1492.0,0.1021
1493.0,0.1223
1494.0,0.1527
1495.0,0.131
1496.0,0.1189
1497.0,0.1956
1498.0,0.1447
1499.0,0.1759
1500.0,0.2205
1501.0,0.2286
1502.0,0.1914
1503.0,0.1485
1504.0,0.1092
1505.0,0.1431
1506.0,0.2365
1507.0,0.2235
1508.0,0.2133
1509.0,0.1437
1510.0,0.2494
1511.0,0.2342
1512.0,0.2385
1513.0,0.2041
1514.0,0.1854
1515.0,0.2471
1516.0,0.2335
1517.0,0.2216
1518.0,0.2234
1519.0,0.2134
1520.0,0.2375
1521.0,0.2685
1522.0,0.2458
1523.0,0.2734
1524.0,0.2595
1525.0,0.2404
1526.0,0.2458
1527.0,0.2454
1528.0,0.2711
1529.0,0.2533
1530.0,0.2461
1531.0,0.2548
1532.0,0.2727
1533.0,0.274
1534.0,0.2681
1535.0,0.2645
1536.0,0.2718
1537.0,0.2642
1538.0,0.2701
1539.0,0.2641
1540.0,0.2669
1541.0,0.2683
1542.0,0.2637
1543.0,0.2704
1544.0,0.2653
1545.0,0.2731
1546.0,0.2672
1547.0,0.2647
1548.0,0.2647
1549.0,0.2678
1550.0,0.2655
1551.0,0.2671
1552.0,0.2638
1553.0,0.2639
1554.0,0.2612
1555.0,0.2625
1556.0,0.2621
1557.0,0.2655
1558.0,0.264
1559.0,0.2622
1560.0,0.2639
1561.0,0.2658
1562.0,0.2617
1563.0,0.2599
1564.0,0.2609
1565.0,0.2621
1566.0,0.2582
1567.0,0.2589
1568.0,0.2559
1569.0,0.2581
1570.0,0.2602
1571.0,0.2619
1572.0,0.2601
1573.0,0.258
1574.0,0.2485
1575.0,0.2452
1576.0,0.2406
1577.0,0.2342
1578.0,0.2453
1579.0,0.2463
1580.0,0.2489
1581.0,0.2453
1582.0,0.2407
1583.0,0.2414
1584.0,0.2476
1585.0,0.2507
1586.0,0.2473
1587.0,0.2434
1588.0,0.2379
1589.0,0.2306
1590.0,0.2353
1591.0,0.2413
1592.0,0.2475
1593.0,0.2524
1594.0,0.2513
1595.0,0.2486
1596.0,0.2409
1597.0,0.2462
1598.0,0.2508
1599.0,0.2481
1600.0,0.2468
1601.0,0.2429
1602.0,0.2431
1603.0,0.2465
1604.0,0.2445
1605.0,0.2445
1606.0,0.2417
1607.0,0.2439
1608.0,0.2429
1609.0,0.237
1610.0,0.2321
1611.0,0.236
1612.0,0.2391
1613.0,0.2389
1614.0,0.2393
1615.0,0.2341
1616.0,0.2303
1617.0,0.2343
1618.0,0.2389
1619.0,0.2336
1620.0,0.2296
1621.0,0.232
1622.0,0.2356
1623.0,0.2392
1624.0,0.2359
1625.0,0.235
1626.0,0.2354
1627.0,0.2375
1628.0,0.2364
1629.0,0.2348
1630.0,0.2331
1631.0,0.2307
1632.0,0.2308
1633.0,0.2216
1634.0,0.2293
1635.0,0.2231
1636.0,0.2232
1637.0,0.2217
1638.0,0.2038
1639.0,0.2167
1640.0,0.2012
1641.0,0.2145
1642.0,0.22
1643.0,0.1993
1644.0,0.2204
1645.0,0.2091
1646.0,0.1997
1647.0,0.2236
1648.0,0.1994
1649.0,0.2164
1650.0,0.2187
1651.0,0.193
1652.0,0.2149
1653.0,0.2183
1654.0,0.1996
1655.0,0.2184
1656.0,0.2118
1657.0,0.2148
1658.0,0.22
1659.0,0.2178
1660.0,0.2198
1661.0,0.2181
1662.0,0.2095
1663.0,0.2183
1664.0,0.2155
1665.0,0.1968
1666.0,0.1402
1667.0,0.1949
1668.0,0.2087
1669.0,0.2096
1670.0,0.2151
1671.0,0.2075
1672.0,0.2063
1673.0,0.2118
1674.0,0.2044
1675.0,0.2019
1676.0,0.2044
1677.0,0.2029
1678.0,0.1944
1679.0,0.2036
1680.0,0.1947
1681.0,0.1858
1682.0,0.2
1683.0,0.2043
1684.0,0.1782
1685.0,0.2066
1686.0,0.2059
1687.0,0.1935
1688.0,0.2041
1689.0,0.202
1690.0,0.2001
1691.0,0.1722
1692.0,0.1983
1693.0,0.207
1694.0,0.1948
1695.0,0.2039
1696.0,0.2046
1697.0,0.1555
1698.0,0.2017
1699.0,0.1989
1700.0,0.1912
1702.0,0.1971
1705.0,0.1879
1710.0,0.1762
1715.0,0.1777
1720.0,0.1769
1725.0,0.1598
1730.0,0.1594
1735.0,0.1487
1740.0,0.1498
1745.0,0.1394
1750.0,0.15
1755.0,0.1351
1760.0,0.1424
1765.0,0.11
1770.0,0.117
1775.0,0.08685
1780.0,0.0702
1785.0,0.04667
1790.0,0.05601
1795.0,0.01659
1800.0,0.01351
1805.0,0.002183
1810.0,0.001827
1815.0,0.0001368
1820.0,1.575e-05
1825.0,2.241e-05
1830.0,3.549e-09
1835.0,2.21e-08
1840.0,7.564e-12
1845.0,5.123e-10
1850.0,1.739e-10
1855.0,4.041e-11
1860.0,2.25e-08
1865.0,1.641e-08
1870.0,2.633e-16
1875.0,6.208e-16
1880.0,2.779e-07
1885.0,1.137e-07
1890.0,6.43e-07
1895.0,5.948e-07
1900.0,2.528e-10
1905.0,2.482e-10
1910.0,2.459e-08
1915.0,6.595e-08
1920.0,2.794e-06
1925.0,1.624e-05
1930.0,1.182e-05
1935.0,0.0002463
1940.0,0.0004395
1945.0,0.002687
1950.0,0.008065
1955.0,0.005484
1960.0,0.01588
1965.0,0.02953
1970.0,0.04856
1975.0,0.05749
1980.0,0.05975
1985.0,0.06696
1990.0,0.06961
1995.0,0.07612
2000.0,0.08254
2005.0,0.06482
2010.0,0.1078
2015.0,0.07638
2020.0,0.08493
2025.0,0.09772
2030.0,0.08631
2035.0,0.1002
2040.0,0.09257
2045.0,0.09691
2050.0,0.101
2055.0,0.0948
2060.0,0.09084
2065.0,0.09392
2070.0,0.09236
2075.0,0.09672
2080.0,0.09414
2085.0,0.09365
2090.0,0.0954
2095.0,0.09208
2100.0,0.08317
2105.0,0.09305
2110.0,0.08755
2115.0,0.09151
2120.0,0.08385
2125.0,0.08613
2130.0,0.08831
2135.0,0.08923
2140.0,0.09041
2145.0,0.08941
2150.0,0.081
2155.0,0.08119
2160.0,0.08096
2165.0,0.07319
2170.0,0.07927
2175.0,0.07558
2180.0,0.07929
2185.0,0.06823
2190.0,0.07582
2195.0,0.07479
2200.0,0.06112
2205.0,0.06781
2210.0,0.07727
2215.0,0.07212
2220.0,0.07464
2225.0,0.0718
2230.0,0.07241
2235.0,0.06998
2240.0,0.06917
2245.0,0.06485
2250.0,0.06807
2255.0,0.06081
2260.0,0.0595
2265.0,0.06279
2270.0,0.05654
2275.0,0.05532
2280.0,0.0609
2285.0,0.05441
2290.0,0.0547
2295.0,0.05299
2300.0,0.04815
2305.0,0.04905
2310.0,0.05866
2315.0,0.04846
2320.0,0.03932
2325.0,0.04912
2330.0,0.0479
2335.0,0.05026
2340.0,0.03344
2345.0,0.04001
2350.0,0.02909
2355.0,0.03586
2360.0,0.03978
2365.0,0.04057
2370.0,0.01651
2375.0,0.03259
2380.0,0.0316
2385.0,0.0194
2390.0,0.02521
2395.0,0.02869
2400.0,0.03275
2405.0,0.02297
2410.0,0.02283
2415.0,0.01587
2420.0,0.01596
2425.0,0.02137
2430.0,0.0327
2435.0,0.006814
2440.0,0.03263
2445.0,0.01088
2450.0,0.005691
2455.0,0.01462
2460.0,0.02064
2465.0,0.01224
2470.0,0.006272
2475.0,0.005977
2480.0,0.002252
2485.0,0.00093
2490.0,0.000346
2495.0,0.0003079
2500.0,0.001306
2505.0,0.0002281
2510.0,0.0003571
2515.0,4.372e-05
2520.0,3.822e-06
2525.0,7.537e-07
2530.0,3.424e-11
2535.0,1.51e-12
2540.0,7.536e-12
2545.0,4.255e-17
2550.0,2.236e-20
2555.0,5.638e-16
2560.0,3.44e-17
2565.0,6.304e-23
2570.0,1.6400000000000002e-30
2575.0,0.0
2580.0,2.22e-38
2585.0,0.0
2590.0,0.0
2595.0,0.0
2600.0,0.0
2605.0,0.0
2610.0,0.0
2615.0,0.0
2620.0,0.0
2625.0,0.0
2630.0,0.0
2635.0,3.5090000000000005e-26
2640.0,3.525e-28
2645.0,1.334e-31
2650.0,1.941e-34
2655.0,0.0
2660.0,2.5339999999999996e-41
2665.0,0.0
2670.0,0.0
2675.0,0.0
2680.0,3.391e-39
2685.0,8.160999999999999e-41
2690.0,1.1150000000000002e-42
2695.0,6.334e-43
2700.0,2.553e-38
2705.0,1.6820000000000001e-35
2710.0,5.4459999999999995e-39
2715.0,1.171e-40
2720.0,0.0
2725.0,4.344e-33
2730.0,2.2469999999999998e-33
2735.0,1.4520000000000001e-34
2740.0,3.728e-40
2745.0,1.187e-34
2750.0,5.8110000000000004e-34
2755.0,1.133e-35
2760.0,9.653e-29
2765.0,3.6219999999999997e-37
2770.0,8.232e-34
2775.0,2.581e-29
2780.0,2.552e-24
2785.0,1.374e-22
2790.0,1.125e-20
2795.0,1.0249999999999999e-22
2800.0,3.81e-15
2805.0,3.208e-17
2810.0,2.367e-13
2815.0,6.96e-14
2820.0,3.251e-16
2825.0,5.233e-11
2830.0,7.349e-09
2835.0,4.401e-16
2840.0,9.151e-11
2845.0,4.088e-07
2850.0,5.449e-10
2855.0,2.383e-09
2860.0,1.278e-07
2865.0,1.928e-06
2870.0,8.033e-09
2875.0,1.027e-05
2880.0,1.277e-05
2885.0,1.101e-05
2890.0,9.499e-06
2895.0,0.0003968
2900.0,6.541e-05
2905.0,3.762e-06
2910.0,0.0004816
2915.0,0.0001356
2920.0,0.0004946
2925.0,0.0001671
2930.0,0.001713
2935.0,0.001903
2940.0,0.0002737
2945.0,0.000156
2950.0,0.001333
2955.0,0.0006344
2960.0,0.001426
2965.0,0.003077
2970.0,3.787e-05
2975.0,0.0001506
2980.0,0.0002327
2985.0,0.002833
2990.0,0.005648
2995.0,0.001221
3000.0,0.003288
3005.0,0.0007602
3010.0,0.003063
3015.0,0.001942
3020.0,3.939e-05
3025.0,0.003239
3030.0,0.002388
3035.0,0.0006031
3040.0,0.0004673
3045.0,0.001114
3050.0,0.0001822
3055.0,2.356e-05
3060.0,0.002601
3065.0,0.0007174
3070.0,0.0002834
3075.0,0.002358
3080.0,0.001147
3085.0,0.0003051
3090.0,0.0004583
3095.0,6.346e-05
3100.0,0.001514
3105.0,0.0001713
3110.0,6.787e-05
3115.0,0.0004388
3120.0,0.004876
3125.0,0.001156
3130.0,0.00281
3135.0,0.00636
3140.0,0.001074
3145.0,0.00111
3150.0,0.003046
3155.0,0.002589
3160.0,0.004775
3165.0,0.009715
3170.0,0.008601
3175.0,0.004851
3180.0,0.006772
3185.0,0.003149
3190.0,0.001705
3195.0,0.0004563
3200.0,2.563e-05
3205.0,1.084e-05
3210.0,4.507e-06
3215.0,3.783e-05
3220.0,0.0001865
3225.0,1.742e-05
3230.0,2.504e-05
3235.0,0.003043
3240.0,0.000775
3245.0,0.0001398
3250.0,0.0006428
3255.0,0.005071
3260.0,0.0001872
3265.0,0.0005364
3270.0,0.0001449
3275.0,0.002234
3280.0,0.0007203
3285.0,0.006697
3290.0,0.004056
3295.0,0.0002776
3300.0,0.0004222
3305.0,0.001211
3310.0,0.001016
3315.0,7.769e-09
3320.0,7.933e-07
3325.0,0.0007259
3330.0,0.002396
3335.0,0.004786
3340.0,0.001531
3345.0,0.00114
3350.0,0.004772
3355.0,0.001174
3360.0,0.002436
3365.0,0.004313
3370.0,0.001143
3375.0,0.005519
3380.0,0.001808
3385.0,0.004455
3390.0,0.006025
3395.0,0.006315
3400.0,0.01036
3405.0,0.001469
3410.0,0.004478
3415.0,0.003474
3420.0,0.01162
3425.0,0.006427
3430.0,0.004783
3435.0,0.00973
3440.0,0.004219
3445.0,0.008859
3450.0,0.008413
3455.0,0.005059
3460.0,0.01099
3465.0,0.006421
3470.0,0.01078
3475.0,0.00835
3480.0,0.008759
3485.0,0.01035
3490.0,0.007582
3495.0,0.01071
3500.0,0.01023
3505.0,0.01011
3510.0,0.01044
3515.0,0.009646
3520.0,0.01087
3525.0,0.00978
3530.0,0.009283
3535.0,0.006651
3540.0,0.006125
3545.0,0.006739
3550.0,0.008576
3555.0,0.006522
3560.0,0.009082
3565.0,0.008999
3570.0,0.005908
3575.0,0.005872
3580.0,0.008356
3585.0,0.006753
3590.0,0.007379
3595.0,0.008018
3600.0,0.008888
3605.0,0.008603
3610.0,0.007496
3615.0,0.007929
3620.0,0.01095
3625.0,0.008538
3630.0,0.008472
3635.0,0.008888
3640.0,0.01085
3645.0,0.009116
3650.0,0.008623
3655.0,0.01
3660.0,0.01
3665.0,0.008686
3670.0,0.005896
3675.0,0.002434
3680.0,0.006061
3685.0,0.007615
3690.0,0.008014
3695.0,0.008905
3700.0,0.0103
3705.0,0.01003
3710.0,0.007876
3715.0,0.007852
3720.0,0.009626
3725.0,0.01007
3730.0,0.008006
3735.0,0.006948
3740.0,0.007395
3745.0,0.009539
3750.0,0.008223
3755.0,0.007824
3760.0,0.007429
3765.0,0.007167
3770.0,0.008123
3775.0,0.008005
3780.0,0.008777
3785.0,0.007489
3790.0,0.00622
3795.0,0.007832
3800.0,0.009423
3805.0,0.008516
3810.0,0.006838
3815.0,0.006304
3820.0,0.009182
3825.0,0.008865
3830.0,0.009158
3835.0,0.006081
3840.0,0.00813
3845.0,0.007758
3850.0,0.007852
3855.0,0.007313
3860.0,0.006378
3865.0,0.006503
3870.0,0.005374
3875.0,0.004448
3880.0,0.004161
3885.0,0.004506
3890.0,0.004651
3895.0,0.005634
3900.0,0.006405
3905.0,0.006406
3910.0,0.005146
3915.0,0.004919
3920.0,0.004937
3925.0,0.004799
3930.0,0.005155
3935.0,0.005641
3940.0,0.005807
3945.0,0.006055
3950.0,0.006296
3955.0,0.006468
3960.0,0.006609
3965.0,0.006735
3970.0,0.00662
3975.0,0.006314
3980.0,0.006171
3985.0,0.006264
3990.0,0.006137
3995.0,0.00591
4000.0,0.00559
