interpolation:linear
wavelength,value
280.0,4.0639999999999997e-44
280.5,2.544e-41
281.0,4.103e-40
281.5,2.295e-37
282.0,1.0560000000000001e-35
282.5,1.321e-34
283.0,2.1389999999999998e-33
283.5,7.708e-33
284.0,3.965e-30
284.5,5.350999999999999e-29
285.0,5.479e-28
285.5,2.3910000000000003e-26
286.0,2.265e-25
286.5,5.504e-24
287.0,5.368999999999999e-23
287.5,9.932999999999999e-22
288.0,2.595e-20
288.5,2.621e-19
289.0,2.296e-18
289.5,2.459e-17
290.0,1.893e-16
290.5,9.021e-16
291.0,5.29e-15
291.5,5.332e-14
292.0,3.362e-13
292.5,8.452e-13
293.0,3.784e-12
293.5,2.472e-11
294.0,7.603e-11
294.5,2.117e-10
295.0,6.633e-10
295.5,3.272e-09
296.0,9.58e-09
296.5,1.981e-08
297.0,3.648e-08
297.5,1.49e-07
298.0,3.28e-07
298.5,4.222e-07
299.0,1.168e-06
299.5,2.735e-06
300.0,3.599e-06
300.5,6.182e-06
301.0,1.408e-05
301.5,2.676e-05
302.0,2.495e-05
302.5,5.93e-05
303.0,0.0001345
303.5,0.000193
304.0,0.0001919
304.5,0.0003208
305.0,0.0005575
305.5,0.0006937
306.0,0.0006988
306.5,0.0009176
307.0,0.00149
307.5,0.002139
308.0,0.002316
308.5,0.002849
309.0,0.002699
309.5,0.003535
310.0,0.00379
310.5,0.006377
311.0,0.008432
311.5,0.008393
312.0,0.009137
312.5,0.01176
313.0,0.0132
313.5,0.01276
314.0,0.01692
314.5,0.016
315.0,0.02149
315.5,0.01782
316.0,0.01636
316.5,0.02444
317.0,0.03072
317.5,0.03216
318.0,0.02584
318.5,0.03333
319.0,0.04046
319.5,0.03284
320.0,0.04006
320.5,0.05184
321.0,0.04726
321.5,0.04593
322.0,0.04896
322.5,0.04314
323.0,0.04386
323.5,0.05499
324.0,0.06514
324.5,0.06635
325.0,0.05786
325.5,0.07557
326.0,0.09426
326.5,0.09603
327.0,0.09664
327.5,0.09411
328.0,0.08359
328.5,0.09019
329.0,0.1096
329.5,0.1258
330.0,0.1283
330.5,0.1035
331.0,0.1064
331.5,0.1096
332.0,0.1198
332.5,0.1196
333.0,0.1205
333.5,0.1102
334.0,0.114
334.5,0.1329
335.0,0.126
335.5,0.1448
336.0,0.1011
336.5,0.1229
337.0,0.1019
337.5,0.1279
338.0,0.1259
338.5,0.1439
339.0,0.1449
339.5,0.14
340.0,0.1687
340.5,0.1534
341.0,0.1491
341.5,0.1397
342.0,0.1688
342.5,0.1597
343.0,0.1761
343.5,0.1664
344.0,0.1248
344.5,0.1251
345.0,0.1695
345.5,0.1754
346.0,0.1507
346.5,0.1724
347.0,0.1858
347.5,0.1512
348.0,0.1746
348.5,0.1763
349.0,0.1651
349.5,0.1647
350.0,0.2054
350.5,0.2183
351.0,0.1961
351.5,0.1908
352.0,0.2074
352.5,0.1635
353.0,0.2079
353.5,0.2241
354.0,0.2344
354.5,0.2393
355.0,0.24
355.5,0.2186
356.0,0.2304
356.5,0.1981
357.0,0.1647
357.5,0.2029
358.0,0.1619
358.5,0.1393
359.0,0.196
359.5,0.2511
360.0,0.268
360.5,0.2157
361.0,0.198
361.5,0.2297
362.0,0.2002
362.5,0.2791
363.0,0.2524
363.5,0.2341
364.0,0.2882
364.5,0.2479
365.0,0.254
365.5,0.3207
366.0,0.3421
366.5,0.3235
367.0,0.3169
367.5,0.3308
368.0,0.2912
368.5,0.2956
369.0,0.3211
369.5,0.3443
370.0,0.3691
370.5,0.2882
371.0,0.3097
371.5,0.3896
372.0,0.26
372.5,0.3134
373.0,0.3207
373.5,0.2098
374.0,0.3065
374.5,0.2553
375.0,0.2494
375.5,0.3743
376.0,0.3118
376.5,0.3247
377.0,0.3457
377.5,0.4065
378.0,0.4427
378.5,0.4205
379.0,0.3487
379.5,0.32
380.0,0.3344
380.5,0.4072
381.0,0.4104
381.5,0.3271
382.0,0.2921
382.5,0.2504
383.0,0.2331
383.5,0.2256
384.0,0.25
384.5,0.3695
385.0,0.3682
385.5,0.3446
386.0,0.2965
386.5,0.3915
387.0,0.3267
387.5,0.3686
388.0,0.3419
388.5,0.3396
389.0,0.3682
389.5,0.448
390.0,0.4516
390.5,0.4175
391.0,0.4936
391.5,0.5056
392.0,0.4276
392.5,0.3846
393.0,0.215
393.5,0.1569
394.0,0.3207
394.5,0.4094
395.0,0.5015
395.5,0.5114
396.0,0.4452
396.5,0.2614
397.0,0.197
397.5,0.4023
398.0,0.5653
398.5,0.5865
399.0,0.638
399.5,0.6383
400.0,0.665
401.0,0.6882
402.0,0.7318
403.0,0.7005
404.0,0.6945
405.0,0.6991
406.0,0.6929
407.0,0.6868
408.0,0.718
409.0,0.7734
410.0,0.6802
411.0,0.7417
412.0,0.8021
413.0,0.7866
414.0,0.8013
415.0,0.8087
416.0,0.8284
417.0,0.8128
418.0,0.8024
419.0,0.8179
420.0,0.8188
421.0,0.8617
422.0,0.8237
423.0,0.8093
424.0,0.8605
425.0,0.8639
426.0,0.8466
427.0,0.8349
428.0,0.8171
429.0,0.7785
430.0,0.6848
431.0,0.6818
432.0,0.8853
433.0,0.8947
434.0,0.8345
435.0,0.8751
436.0,0.9911
437.0,0.9828
438.0,0.8993
439.0,0.9328
440.0,0.9673
441.0,1.007
442.0,1.085
443.0,1.061
444.0,1.088
445.0,1.068
446.0,1.025
447.0,1.113
448.0,1.134
449.0,1.144
450.0,1.182
451.0,1.23
452.0,1.19
453.0,1.123
454.0,1.177
455.0,1.189
456.0,1.222
457.0,1.247
458.0,1.208
459.0,1.206
460.0,1.213
461.0,1.245
462.0,1.259
463.0,1.254
464.0,1.238
465.0,1.227
466.0,1.243
467.0,1.223
468.0,1.242
469.0,1.252
470.0,1.215
471.0,1.217
472.0,1.286
473.0,1.272
474.0,1.276
475.0,1.29
476.0,1.253
477.0,1.259
478.0,1.299
479.0,1.296
480.0,1.303
481.0,1.333
482.0,1.344
483.0,1.333
484.0,1.309
485.0,1.251
486.0,1.097
487.0,1.153
488.0,1.267
489.0,1.274
490.0,1.344
491.0,1.324
492.0,1.254
493.0,1.298
494.0,1.314
495.0,1.328
496.0,1.339
497.0,1.362
498.0,1.302
499.0,1.321
500.0,1.285
501.0,1.263
502.0,1.247
503.0,1.299
504.0,1.262
505.0,1.315
506.0,1.36
507.0,1.296
508.0,1.26
509.0,1.299
510.0,1.295
511.0,1.333
512.0,1.35
513.0,1.281
514.0,1.275
515.0,1.264
516.0,1.263
517.0,1.124
518.0,1.184
519.0,1.244
520.0,1.291
521.0,1.305
522.0,1.308
523.0,1.286
524.0,1.334
525.0,1.35
526.0,1.291
527.0,1.218
528.0,1.289
529.0,1.36
530.0,1.342
531.0,1.364
532.0,1.319
533.0,1.282
534.0,1.322
535.0,1.353
536.0,1.368
537.0,1.316
538.0,1.342
539.0,1.332
540.0,1.278
541.0,1.287
542.0,1.328
543.0,1.317
544.0,1.34
545.0,1.338
546.0,1.344
547.0,1.346
548.0,1.332
549.0,1.338
550.0,1.356
551.0,1.341
552.0,1.352
553.0,1.329
554.0,1.362
555.0,1.366
556.0,1.35
557.0,1.309
558.0,1.3
559.0,1.276
560.0,1.293
561.0,1.311
562.0,1.302
563.0,1.337
564.0,1.301
565.0,1.291
566.0,1.272
567.0,1.296
568.0,1.283
569.0,1.248
570.0,1.249
571.0,1.245
572.0,1.272
573.0,1.286
574.0,1.282
575.0,1.257
576.0,1.247
577.0,1.262
578.0,1.246
579.0,1.255
580.0,1.284
581.0,1.295
582.0,1.323
583.0,1.33
584.0,1.344
585.0,1.313
586.0,1.287
587.0,1.314
588.0,1.276
589.0,1.116
590.0,1.169
591.0,1.247
592.0,1.227
593.0,1.253
594.0,1.243
595.0,1.208
596.0,1.269
597.0,1.253
598.0,1.255
599.0,1.258
600.0,1.264
601.0,1.257
602.0,1.25
603.0,1.272
604.0,1.295
605.0,1.29
606.0,1.286
607.0,1.301
608.0,1.289
609.0,1.293
610.0,1.285
611.0,1.293
612.0,1.291
613.0,1.276
614.0,1.26
615.0,1.29
616.0,1.249
617.0,1.247
618.0,1.296
619.0,1.284
620.0,1.293
621.0,1.294
622.0,1.278
623.0,1.259
624.0,1.239
625.0,1.236
626.0,1.255
627.0,1.267
628.0,1.149
629.0,1.226
630.0,1.197
631.0,1.236
632.0,1.224
633.0,1.267
634.0,1.259
635.0,1.281
636.0,1.267
637.0,1.29
638.0,1.305
639.0,1.292
640.0,1.282
641.0,1.283
642.0,1.279
643.0,1.297
644.0,1.295
645.0,1.296
646.0,1.263
647.0,1.239
648.0,1.24
649.0,1.216
650.0,1.234
651.0,1.291
652.0,1.225
653.0,1.275
654.0,1.262
655.0,1.21
656.0,1.077
657.0,1.107
658.0,1.245
659.0,1.256
660.0,1.262
661.0,1.272
662.0,1.273
663.0,1.249
664.0,1.268
665.0,1.272
666.0,1.274
667.0,1.275
668.0,1.277
669.0,1.298
670.0,1.294
671.0,1.295
672.0,1.284
673.0,1.305
674.0,1.301
675.0,1.29
676.0,1.3
677.0,1.288
678.0,1.292
679.0,1.272
680.0,1.283
681.0,1.275
682.0,1.274
683.0,1.272
684.0,1.266
685.0,1.278
686.0,1.27
687.0,0.6995
688.0,0.8846
689.0,0.8904
690.0,0.9572
691.0,1.035
692.0,1.095
693.0,1.084
694.0,1.078
695.0,1.141
696.0,1.144
697.0,1.235
698.0,1.216
699.0,1.173
700.0,1.158
701.0,1.142
702.0,1.156
703.0,1.159
704.0,1.205
705.0,1.207
706.0,1.21
707.0,1.213
708.0,1.215
709.0,1.223
710.0,1.22
711.0,1.221
712.0,1.221
713.0,1.206
714.0,1.212
715.0,1.168
716.0,1.167
717.0,0.9602
718.0,0.8769
719.0,0.7994
720.0,0.8323
721.0,0.9496
722.0,1.119
723.0,1.026
724.0,0.9048
725.0,0.8837
726.0,0.9272
727.0,0.9542
728.0,0.8797
729.0,0.9315
730.0,0.9826
731.0,0.9365
732.0,1.021
733.0,1.1
734.0,1.132
735.0,1.106
736.0,1.104
737.0,1.109
738.0,1.14
739.0,1.118
740.0,1.151
741.0,1.143
742.0,1.147
743.0,1.177
744.0,1.175
745.0,1.177
746.0,1.183
747.0,1.186
748.0,1.184
749.0,1.171
750.0,1.171
751.0,1.159
752.0,1.165
753.0,1.171
754.0,1.174
755.0,1.168
756.0,1.167
757.0,1.169
758.0,1.155
759.0,1.123
760.0,0.08252
761.0,0.03218
762.0,0.4276
763.0,0.1537
764.0,0.2799
765.0,0.4274
766.0,0.5879
767.0,0.8131
768.0,1.0
769.0,1.036
770.0,1.088
771.0,1.105
772.0,1.11
773.0,1.118
774.0,1.114
775.0,1.106
776.0,1.12
777.0,1.105
778.0,1.099
779.0,1.1
780.0,1.094
781.0,1.096
782.0,1.103
783.0,1.084
784.0,1.09
785.0,1.081
786.0,1.093
787.0,1.067
788.0,1.051
789.0,1.05
790.0,1.014
791.0,1.032
792.0,1.026
793.0,1.008
794.0,1.035
795.0,1.05
796.0,1.005
797.0,1.006
798.0,1.048
799.0,1.039
800.0,1.018
801.0,1.012
802.0,1.009
803.0,1.0
804.0,1.003
805.0,1.004
806.0,1.039
807.0,1.025
808.0,1.027
809.0,1.003
810.0,0.9918
811.0,0.9862
812.0,0.9497
813.0,0.926
814.0,0.7894
815.0,0.7862
816.0,0.7291
817.0,0.7445
818.0,0.7109
819.0,0.8166
820.0,0.7613
821.0,0.9216
822.0,0.8903
823.0,0.5576
824.0,0.8527
825.0,0.906
826.0,0.8616
827.0,0.9197
828.0,0.75
829.0,0.8588
830.0,0.8451
831.0,0.8485
832.0,0.8172
833.0,0.8837
834.0,0.8429
835.0,0.948
836.0,0.893
837.0,0.9516
838.0,0.9147
839.0,0.939
840.0,0.9616
841.0,0.9449
842.0,0.952
843.0,0.9567
844.0,0.9408
845.0,0.9764
846.0,0.9731
847.0,0.9566
848.0,0.9486
849.0,0.9218
850.0,0.8835
851.0,0.9332
852.0,0.9279
853.0,0.8952
854.0,0.7714
855.0,0.8499
856.0,0.928
857.0,0.9503
858.0,0.9427
859.0,0.9447
860.0,0.9472
861.0,0.9419
862.0,0.9572
863.0,0.9799
864.0,0.9312
865.0,0.9234
866.0,0.8304
867.0,0.8667
868.0,0.9433
869.0,0.924
870.0,0.9505
871.0,0.9377
872.0,0.9346
873.0,0.9329
874.0,0.9219
875.0,0.9032
876.0,0.9126
877.0,0.9221
878.0,0.9318
879.0,0.9177
880.0,0.8982
881.0,0.8837
882.0,0.9024
883.0,0.9066
884.0,0.902
885.0,0.9089
886.0,0.8622
887.0,0.8747
888.0,0.8858
889.0,0.8996
890.0,0.8877
891.0,0.8885
892.0,0.8572
893.0,0.8247
894.0,0.7834
895.0,0.7249
896.0,0.6787
897.0,0.5649
898.0,0.6257
899.0,0.4555
900.0,0.6525
901.0,0.4773
902.0,0.5881
903.0,0.5841
904.0,0.7782
905.0,0.7458
906.0,0.6931
907.0,0.5341
908.0,0.5501
909.0,0.6078
910.0,0.5149
911.0,0.5651
912.0,0.5933
913.0,0.5215
914.0,0.5218
915.0,0.5644
916.0,0.4743
917.0,0.6242
918.0,0.4846
919.0,0.6433
920.0,0.6657
921.0,0.6921
922.0,0.6022
923.0,0.6704
924.0,0.6135
925.0,0.6011
926.0,0.6054
927.0,0.6943
928.0,0.4622
929.0,0.4094
930.0,0.3024
931.0,0.2878
932.0,0.1877
933.0,0.1439
934.0,0.06143
935.0,0.1542
936.0,0.08472
937.0,0.08516
938.0,0.1089
939.0,0.2786
940.0,0.3497
941.0,0.2453
942.0,0.2942
943.0,0.1795
944.0,0.2032
945.0,0.2571
946.0,0.1122
947.0,0.2531
948.0,0.1841
949.0,0.3574
950.0,0.07358
951.0,0.355
952.0,0.1671
953.0,0.2315
954.0,0.3018
955.0,0.2361
956.0,0.2451
957.0,0.1659
958.0,0.3688
959.0,0.2711
960.0,0.3038
961.0,0.3584
962.0,0.3379
963.0,0.4047
964.0,0.3664
965.0,0.4035
966.0,0.401
967.0,0.3973
968.0,0.5913
969.0,0.6096
970.0,0.5541
971.0,0.6601
972.0,0.6261
973.0,0.519
974.0,0.4901
975.0,0.518
976.0,0.4772
977.0,0.5729
978.0,0.5318
979.0,0.5646
980.0,0.5269
981.0,0.6575
982.0,0.619
983.0,0.5891
984.0,0.6894
985.0,0.6165
986.0,0.7089
987.0,0.6864
988.0,0.6859
989.0,0.7116
990.0,0.6814
991.0,0.7129
992.0,0.7179
993.0,0.6936
994.0,0.7187
995.0,0.7191
996.0,0.7146
997.0,0.7164
998.0,0.7125
999.0,0.7104
1000.0,0.7034
1001.0,0.7145
1002.0,0.6867
1003.0,0.7015
1004.0,0.6822
1005.0,0.6602
1006.0,0.6846
1007.0,0.6999
1008.0,0.6947
1009.0,0.6894
1010.0,0.6857
1011.0,0.6967
1012.0,0.6892
1013.0,0.6956
1014.0,0.6907
1015.0,0.6859
1016.0,0.6827
1017.0,0.6842
1018.0,0.6827
1019.0,0.665
1020.0,0.6787
1021.0,0.6783
1022.0,0.6719
1023.0,0.6789
1024.0,0.6669
1025.0,0.6796
1026.0,0.6759
1027.0,0.6746
1028.0,0.6729
1029.0,0.6647
1030.0,0.6704
1031.0,0.6673
1032.0,0.6658
1033.0,0.6557
1034.0,0.6559
1035.0,0.658
1036.0,0.6611
1037.0,0.6505
1038.0,0.6533
1039.0,0.6528
1040.0,0.6501
1041.0,0.6524
1042.0,0.6479
1043.0,0.6457
1044.0,0.6478
1045.0,0.6389
1046.0,0.6316
1047.0,0.6371
1048.0,0.6404
1049.0,0.6379
1050.0,0.6347
1051.0,0.6335
1052.0,0.6306
1053.0,0.6253
1054.0,0.6262
1055.0,0.6261
1056.0,0.6234
1057.0,0.6211
1058.0,0.6054
1059.0,0.6056
1060.0,0.6044
1061.0,0.6035
1062.0,0.6061
1063.0,0.5998
1064.0,0.6071
1065.0,0.6015
1066.0,0.5906
1067.0,0.5979
1068.0,0.5841
1069.0,0.5668
1070.0,0.5852
1071.0,0.5971
1072.0,0.5881
1073.0,0.5801
1074.0,0.5983
1075.0,0.56
1076.0,0.5974
1077.0,0.5821
1078.0,0.569
1079.0,0.5894
1080.0,0.5734
1081.0,0.5508
1082.0,0.5668
1083.0,0.5705
1084.0,0.5478
1085.0,0.5755
1086.0,0.5139
1087.0,0.5381
1088.0,0.5686
1089.0,0.5432
1090.0,0.527
1091.0,0.5647
1092.0,0.5649
1093.0,0.4575
1094.0,0.5142
1095.0,0.4783
1096.0,0.452
1097.0,0.5521
1098.0,0.4419
1099.0,0.4642
1100.0,0.4231
1101.0,0.4313
1102.0,0.4061
1103.0,0.398
1104.0,0.3991
1105.0,0.4519
1106.0,0.3116
1107.0,0.4228
1108.0,0.3381
1109.0,0.3425
1110.0,0.4153
1111.0,0.2551
1112.0,0.3413
1113.0,0.1913
1114.0,0.2153
1115.0,0.1768
1116.0,0.1272
1117.0,0.03404
1118.0,0.1421
1119.0,0.05913
1120.0,0.07294
1121.0,0.1029
1122.0,0.03435
1123.0,0.06643
1124.0,0.05591
1125.0,0.07577
1126.0,0.01801
1127.0,0.0863
1128.0,0.04196
1129.0,0.04553
1130.0,0.02773
1131.0,0.19
1132.0,0.1439
1133.0,0.07705
1134.0,0.0136
1135.0,0.005505
1136.0,0.05956
1137.0,0.1812
1138.0,0.1252
1139.0,0.2176
1140.0,0.1699
1141.0,0.1193
1142.0,0.1429
1143.0,0.2163
1144.0,0.06202
1145.0,0.07441
1146.0,0.08009
1147.0,0.01993
1148.0,0.1858
1149.0,0.1397
1150.0,0.06923
1151.0,0.1242
1152.0,0.1633
1153.0,0.1675
1154.0,0.07235
1155.0,0.2266
1156.0,0.1978
1157.0,0.2341
1158.0,0.2312
1159.0,0.2565
1160.0,0.2128
1161.0,0.2796
1162.0,0.2794
1163.0,0.4088
1164.0,0.3394
1165.0,0.3089
1166.0,0.3159
1167.0,0.3495
1168.0,0.3507
1169.0,0.3623
1170.0,0.4034
1171.0,0.3929
1172.0,0.4063
1173.0,0.4028
1174.0,0.2655
1175.0,0.3989
1176.0,0.4515
1177.0,0.4246
1178.0,0.3022
1179.0,0.4553
1180.0,0.3926
1181.0,0.4057
1182.0,0.2613
1183.0,0.4024
1184.0,0.3708
1185.0,0.352
1186.0,0.4367
1187.0,0.4098
1188.0,0.2626
1189.0,0.3809
1190.0,0.428
1191.0,0.3943
1192.0,0.4351
1193.0,0.413
1194.0,0.4283
1195.0,0.3969
1196.0,0.3777
1197.0,0.4322
1198.0,0.3912
1199.0,0.3158
1200.0,0.4074
1201.0,0.3869
1202.0,0.3896
1203.0,0.3836
1204.0,0.3281
1205.0,0.4034
1206.0,0.4541
1207.0,0.3862
1208.0,0.3853
1209.0,0.3943
1210.0,0.4146
1211.0,0.3887
1212.0,0.375
1213.0,0.4349
1214.0,0.3876
1215.0,0.3791
1216.0,0.4343
1217.0,0.4197
1218.0,0.4305
1219.0,0.4234
1220.0,0.4314
1221.0,0.4375
1222.0,0.4248
1223.0,0.4193
1224.0,0.4136
1225.0,0.4344
1226.0,0.4397
1227.0,0.3969
1228.0,0.4439
1229.0,0.4398
1230.0,0.4307
1231.0,0.4487
1232.0,0.4458
1233.0,0.4229
1234.0,0.45
1235.0,0.446
1236.0,0.4502
1237.0,0.4407
1238.0,0.4487
1239.0,0.4429
1240.0,0.4449
1241.0,0.441
1242.0,0.4417
1243.0,0.4382
1244.0,0.4408
1245.0,0.443
1246.0,0.4405
1247.0,0.4383
1248.0,0.437
1249.0,0.4393
1250.0,0.436
1251.0,0.4293
1252.0,0.4309
1253.0,0.4247
1254.0,0.4184
1255.0,0.4297
1256.0,0.4127
1257.0,0.4094
1258.0,0.4211
1259.0,0.3982
1260.0,0.4012
1261.0,0.3693
1262.0,0.3533
1263.0,0.3537
1264.0,0.3155
1265.0,0.3516
1266.0,0.3318
1267.0,0.3422
1268.0,0.3173
1269.0,0.1552
1270.0,0.3392
1271.0,0.3693
1272.0,0.3715
1273.0,0.3665
1274.0,0.3692
1275.0,0.3762
1276.0,0.3818
1277.0,0.3867
1278.0,0.3979
1279.0,0.394
1280.0,0.3894
1281.0,0.3733
1282.0,0.3626
1283.0,0.3899
1284.0,0.3987
1285.0,0.4018
1286.0,0.4089
1287.0,0.3996
1288.0,0.4004
1289.0,0.3818
1290.0,0.3972
1291.0,0.4039
1292.0,0.3687
1293.0,0.3935
1294.0,0.3903
1295.0,0.3849
1296.0,0.3609
1297.0,0.3366
1298.0,0.3727
1299.0,0.395
1300.0,0.3173
1301.0,0.3301
1302.0,0.3718
1303.0,0.3149
1304.0,0.2531
1305.0,0.3633
1306.0,0.3618
1307.0,0.2643
1308.0,0.3182
1309.0,0.3567
1310.0,0.258
1311.0,0.3014
1312.0,0.2909
1313.0,0.2819
1314.0,0.2468
1315.0,0.24
1316.0,0.2937
1317.0,0.2761
1318.0,0.3068
1319.0,0.2212
1320.0,0.2182
1321.0,0.2606
1322.0,0.2597
1323.0,0.1805
1324.0,0.2177
1325.0,0.2878
1326.0,0.2376
1327.0,0.224
1328.0,0.1881
1329.0,0.1284
1330.0,0.1738
1331.0,0.09104
1332.0,0.09819
1333.0,0.1393
1334.0,0.1267
1335.0,0.1789
1336.0,0.1336
1337.0,0.1155
1338.0,0.1243
1339.0,0.1257
1340.0,0.1264
1341.0,0.1137
1342.0,0.1206
1343.0,0.06587
1344.0,0.04093
1345.0,0.05837
1346.0,0.02098
1347.0,0.02
1348.0,0.000648
1349.0,0.002766
1350.0,0.003244
1351.0,0.0004134
1352.0,4.854e-05
1353.0,1.26e-06
1354.0,7.339e-06
1355.0,1.19e-08
1356.0,6.015e-07
1357.0,9.151e-07
1358.0,1.508e-08
1359.0,5.151e-10
1360.0,4.356e-09
1361.0,3.57e-13
1362.0,3.799e-16
1363.0,3.261e-09
1364.0,1.518e-09
1365.0,2.765e-17
1366.0,1.987e-08
1367.0,1.223e-08
1368.0,1.0910000000000001e-20
1369.0,5.589e-10
1370.0,1.576e-10
1371.0,5.093e-12
1372.0,7.033e-09
1373.0,3.115e-07
1374.0,2.556e-06
1375.0,4.042e-06
1376.0,6.875e-06
1377.0,2.845e-06
1378.0,3.137e-05
1379.0,1.219e-06
1380.0,1.159e-06
1381.0,2.438e-08
1382.0,5.372e-09
1383.0,5.867e-11
1384.0,4.917e-10
1385.0,9.97e-09
1386.0,3.149e-09
1387.0,1.646e-06
1388.0,4.254e-08
1389.0,1.154e-05
1390.0,9.321e-06
1391.0,5.908e-06
1392.0,3.62e-07
1393.0,2.515e-06
1394.0,4.578e-07
1395.0,2.108e-09
1396.0,7.578e-13
1397.0,8.101e-07
1398.0,3.205e-05
1399.0,2.132e-05
1400.0,1.544e-13
1401.0,1.759e-12
1402.0,0.0001469
1403.0,0.0001531
1404.0,4.249e-05
1405.0,6.433e-10
1406.0,8.038e-05
1407.0,1.046e-05
1408.0,7.025e-05
1409.0,1.456e-05
1410.0,1.806e-05
1411.0,0.0001403
1412.0,0.0002384
1413.0,0.004331
1414.0,1.538e-05
1415.0,6.031e-06
1416.0,0.01108
1417.0,0.002328
1418.0,0.002249
1419.0,0.0003207
1420.0,0.001356
1421.0,0.00164
1422.0,0.01453
1423.0,0.002608
1424.0,0.005305
1425.0,0.006984
1426.0,0.00961
1427.0,0.02112
1428.0,0.0005647
1429.0,0.01372
1430.0,0.02906
1431.0,0.03337
1432.0,0.0004337
1433.0,0.01939
1434.0,0.008992
1435.0,0.006292
1436.0,0.0161
1437.0,0.01254
1438.0,0.004253
1439.0,0.02352
1440.0,0.01799
1441.0,0.0113
1442.0,0.01225
1443.0,0.01902
1444.0,0.02935
1445.0,0.01916
1446.0,0.00753
1447.0,0.0128
1448.0,0.06876
1449.0,0.05624
1450.0,0.009855
1451.0,0.003412
1452.0,0.02932
1453.0,0.04051
1454.0,0.08861
1455.0,0.0348
1456.0,0.04487
1457.0,0.06983
1458.0,0.09389
1459.0,0.1098
1460.0,0.05138
1461.0,0.04794
1462.0,0.08092
1463.0,0.02097
1464.0,0.1056
1465.0,0.06136
1466.0,0.03071
1467.0,0.01327
1468.0,0.03907
1469.0,0.05281
1470.0,0.01835
1471.0,0.00631
1472.0,0.01734
1473.0,0.03358
1474.0,0.06038
1475.0,0.1334
1476.0,0.03632
1477.0,0.03441
1478.0,0.03662
1479.0,0.07846
1480.0,0.02971
1481.0,0.07217
1482.0,0.03219
1483.0,0.1006
1484.0,0.09915
1485.0,0.08408
1486.0,0.07849
1487.0,0.02849
1488.0,0.06316
1489.0,0.1453
1490.0,0.137
1491.0,0.1624
1492.0,0.1185
1493.0,0.1375
1494.0,0.1657
1495.0,0.144
1496.0,0.1322
1497.0,0.2047
1498.0,0.1562
1499.0,0.1875
1500.0,0.2283
1501.0,0.2383
1502.0,0.1996
1503.0,0.1597
1504.0,0.1209
1505.0,0.1538
1506.0,0.2433
1507.0,0.2313
1508.0,0.2207
1509.0,0.1549
1510.0,0.2552
1511.0,0.2423
1512.0,0.244
1513.0,0.2142
1514.0,0.1964
1515.0,0.2521
1516.0,0.2392
1517.0,0.2297
1518.0,0.2305
1519.0,0.2222
1520.0,0.2445
1521.0,0.2702
1522.0,0.251
1523.0,0.2748
1524.0,0.2627
1525.0,0.2467
1526.0,0.2517
1527.0,0.2505
1528.0,0.273
1529.0,0.2564
1530.0,0.2505
1531.0,0.2587
1532.0,0.2738
1533.0,0.2746
1534.0,0.2692
1535.0,0.2665
1536.0,0.273
1537.0,0.266
1538.0,0.2707
1539.0,0.2653
1540.0,0.2673
1541.0,0.269
1542.0,0.2652
1543.0,0.2711
1544.0,0.2668
1545.0,0.2736
1546.0,0.2684
1547.0,0.2653
1548.0,0.2653
1549.0,0.268
1550.0,0.2659
1551.0,0.2677
1552.0,0.2649
1553.0,0.2643
1554.0,0.2618
1555.0,0.2628
1556.0,0.2625
1557.0,0.2658
1558.0,0.2643
1559.0,0.2626
1560.0,0.2644
1561.0,0.2662
1562.0,0.2624
1563.0,0.2605
1564.0,0.2616
1565.0,0.2624
1566.0,0.2587
1567.0,0.2593
1568.0,0.2565
1569.0,0.2583
1570.0,0.2605
1571.0,0.2623
1572.0,0.2605
1573.0,0.2586
1574.0,0.2492
1575.0,0.246
1576.0,0.2418
1577.0,0.2354
1578.0,0.2469
1579.0,0.2484
1580.0,0.2508
1581.0,0.2471
1582.0,0.2423
1583.0,0.2432
1584.0,0.2486
1585.0,0.2515
1586.0,0.2483
1587.0,0.2443
1588.0,0.2382
1589.0,0.2309
1590.0,0.2357
1591.0,0.2417
1592.0,0.2482
1593.0,0.2528
1594.0,0.2519
1595.0,0.249
1596.0,0.2414
1597.0,0.2471
1598.0,0.2512
1599.0,0.2484
1600.0,0.247
1601.0,0.2433
1602.0,0.2437
1603.0,0.2467
1604.0,0.2447
1605.0,0.2447
1606.0,0.2419
1607.0,0.2441
1608.0,0.2435
1609.0,0.2373
1610.0,0.2324
1611.0,0.2364
1612.0,0.2393
1613.0,0.2394
1614.0,0.2396
1615.0,0.2343
1616.0,0.2306
1617.0,0.2348
1618.0,0.2392
1619.0,0.2342
1620.0,0.2298
1621.0,0.2323
1622.0,0.236
1623.0,0.2395
1624.0,0.2364
1625.0,0.2355
1626.0,0.236
1627.0,0.2379
1628.0,0.237
1629.0,0.2352
1630.0,0.2337
1631.0,0.2317
1632.0,0.2315
1633.0,0.2233
1634.0,0.2299
1635.0,0.2249
1636.0,0.2242
1637.0,0.2223
1638.0,0.2064
1639.0,0.2174
1640.0,0.2044
1641.0,0.2154
1642.0,0.2204
1643.0,0.2032
1644.0,0.2206
1645.0,0.2115
1646.0,0.2038
1647.0,0.224
1648.0,0.2033
1649.0,0.2175
1650.0,0.2195
1651.0,0.1978
1652.0,0.2164
1653.0,0.2193
1654.0,0.2034
1655.0,0.2194
1656.0,0.214
1657.0,0.2164
1658.0,0.2206
1659.0,0.2187
1660.0,0.2207
1661.0,0.2192
1662.0,0.2116
1663.0,0.2189
1664.0,0.2164
1665.0,0.2004
1666.0,0.151
1667.0,0.1986
1668.0,0.2098
1669.0,0.211
1670.0,0.2157
1671.0,0.2087
1672.0,0.207
1673.0,0.2122
1674.0,0.206
1675.0,0.2032
1676.0,0.2053
1677.0,0.2043
1678.0,0.1968
1679.0,0.2041
1680.0,0.1954
1681.0,0.1877
1682.0,0.2004
1683.0,0.2047
1684.0,0.1827
1685.0,0.2071
1686.0,0.2064
1687.0,0.1959
1688.0,0.2049
1689.0,0.2027
1690.0,0.2014
1691.0,0.1773
1692.0,0.2
1693.0,0.2075
1694.0,0.197
1695.0,0.2048
1696.0,0.2051
1697.0,0.1622
1698.0,0.2027
1699.0,0.1999
1700.0,0.1931
1702.0,0.198
1705.0,0.1901
1710.0,0.179
1715.0,0.1801
1720.0,0.1789
1725.0,0.1636
1730.0,0.1628
1735.0,0.1519
1740.0,0.1535
1745.0,0.1433
1750.0,0.154
1755.0,0.1397
1760.0,0.1468
1765.0,0.1158
1770.0,0.1234
1775.0,0.09413
1780.0,0.07769
1785.0,0.0539
1790.0,0.06388
1795.0,0.02293
1800.0,0.01755
1805.0,0.004001
1810.0,0.002974
1815.0,0.0003796
1820.0,5.851e-05
1825.0,8.084e-05
1830.0,3.224e-08
1835.0,1.189e-07
1840.0,1.104e-10
1845.0,1.038e-08
1850.0,3.932e-09
1855.0,5.807e-10
1860.0,1.446e-07
1865.0,1.378e-07
1870.0,1.708e-14
1875.0,3.694e-14
1880.0,1.546e-06
1885.0,6.953e-07
1890.0,4.183e-06
1895.0,3.097e-06
1900.0,2.921e-09
1905.0,2.481e-09
1910.0,2.021e-07
1915.0,3.645e-07
1920.0,1.419e-05
1925.0,5.906e-05
1930.0,3.776e-05
1935.0,0.0005552
1940.0,0.0007924
1945.0,0.004345
1950.0,0.01104
1955.0,0.008408
1960.0,0.02031
1965.0,0.03442
1970.0,0.05369
1975.0,0.06268
1980.0,0.06443
1985.0,0.07116
1990.0,0.07386
1995.0,0.07986
2000.0,0.08565
2005.0,0.06912
2010.0,0.1088
2015.0,0.0802
2020.0,0.08805
2025.0,0.09935
2030.0,0.08913
2035.0,0.1011
2040.0,0.09457
2045.0,0.09859
2050.0,0.1017
2055.0,0.09634
2060.0,0.09267
2065.0,0.09528
2070.0,0.0939
2075.0,0.09747
2080.0,0.09492
2085.0,0.09442
2090.0,0.09587
2095.0,0.09274
2100.0,0.0848
2105.0,0.09366
2110.0,0.08874
2115.0,0.09205
2120.0,0.08514
2125.0,0.08703
2130.0,0.0888
2135.0,0.08959
2140.0,0.09059
2145.0,0.08962
2150.0,0.08228
2155.0,0.0824
2160.0,0.08192
2165.0,0.07429
2170.0,0.07999
2175.0,0.07695
2180.0,0.08008
2185.0,0.06995
2190.0,0.07686
2195.0,0.07595
2200.0,0.06394
2205.0,0.0695
2210.0,0.07775
2215.0,0.07323
2220.0,0.07546
2225.0,0.07283
2230.0,0.07337
2235.0,0.07118
2240.0,0.07037
2245.0,0.06662
2250.0,0.06926
2255.0,0.06294
2260.0,0.06174
2265.0,0.06448
2270.0,0.05905
2275.0,0.05792
2280.0,0.06256
2285.0,0.05691
2290.0,0.05712
2295.0,0.05541
2300.0,0.05117
2305.0,0.05193
2310.0,0.06013
2315.0,0.05118
2320.0,0.04272
2325.0,0.05113
2330.0,0.0504
2335.0,0.05241
2340.0,0.03676
2345.0,0.04316
2350.0,0.0323
2355.0,0.03906
2360.0,0.04264
2365.0,0.04294
2370.0,0.01991
2375.0,0.0357
2380.0,0.03441
2385.0,0.0222
2390.0,0.02806
2395.0,0.03161
2400.0,0.0356
2405.0,0.02556
2410.0,0.02546
2415.0,0.01871
2420.0,0.01855
2425.0,0.02434
2430.0,0.03586
2435.0,0.008622
2440.0,0.03549
2445.0,0.01322
2450.0,0.007402
2455.0,0.01709
2460.0,0.02389
2465.0,0.0151
2470.0,0.008531
2475.0,0.008179
2480.0,0.003293
2485.0,0.00164
2490.0,0.0007207
2495.0,0.000636
2500.0,0.002189
2505.0,0.0003961
2510.0,0.0006078
2515.0,9.005e-05
2520.0,1.661e-05
2525.0,2.512e-06
2530.0,7.458e-10
2535.0,6.33e-11
2540.0,2.401e-10
2545.0,2.956e-15
2550.0,3.528e-18
2555.0,4.929e-14
2560.0,2.104e-15
2565.0,2.1470000000000003e-20
2570.0,7.211e-27
2575.0,4.615999999999999e-41
2580.0,2.316e-33
2585.0,0.0
2590.0,0.0
2595.0,1.4009999999999999e-45
2600.0,6.838e-43
2605.0,0.0
2610.0,0.0
2615.0,0.0
2620.0,2.926e-41
2625.0,1.219e-43
2630.0,0.0
2635.0,3.9659999999999996e-23
2640.0,1.514e-24
2645.0,1.158e-27
2650.0,1.0189999999999999e-29
2655.0,9.087000000000001e-42
2660.0,1.8580000000000002e-36
2665.0,0.0
2670.0,0.0
2675.0,0.0
2680.0,1.276e-34
2685.0,5.046e-36
2690.0,6.747e-37
2695.0,4.648e-38
2700.0,2.0719999999999998e-33
2705.0,1.1390000000000001e-30
2710.0,6.577e-35
2715.0,4.951e-35
2720.0,0.0
2725.0,1.74e-29
2730.0,1.3190000000000001e-28
2735.0,3.699e-30
2740.0,6.32e-36
2745.0,2.132e-30
2750.0,1.13e-29
2755.0,1.588e-31
2760.0,3.581e-25
2765.0,6.590999999999999e-33
2770.0,9.374e-30
2775.0,6.622e-26
2780.0,1.31e-21
2785.0,3.0880000000000004e-20
2790.0,3.095e-18
2795.0,1.036e-19
2800.0,9.303e-14
2805.0,1.3e-15
2810.0,9.597e-12
2815.0,2.81e-12
2820.0,1.605e-14
2825.0,9.521e-10
2830.0,7.188e-08
2835.0,2.909e-14
2840.0,1.104e-09
2845.0,2.238e-06
2850.0,7.719e-09
2855.0,1.222e-08
2860.0,7.026e-07
2865.0,8.637e-06
2870.0,6.45e-08
2875.0,3.459e-05
2880.0,3.206e-05
2885.0,3.68e-05
2890.0,2.32e-05
2895.0,0.0007302
2900.0,0.0001476
2905.0,1.049e-05
2910.0,0.0008409
2915.0,0.0002705
2920.0,0.000879
2925.0,0.0002939
2930.0,0.002556
2935.0,0.00285
2940.0,0.0004672
2945.0,0.000322
2950.0,0.002088
2955.0,0.0009684
2960.0,0.002061
2965.0,0.004122
2970.0,7.749e-05
2975.0,0.0002533
2980.0,0.0003946
2985.0,0.003788
2990.0,0.006867
2995.0,0.001836
3000.0,0.004372
3005.0,0.001149
3010.0,0.003988
3015.0,0.002713
3020.0,9.711e-05
3025.0,0.004286
3030.0,0.003236
3035.0,0.0009558
3040.0,0.0007276
3045.0,0.001705
3050.0,0.0003093
3055.0,4.943e-05
3060.0,0.003457
3065.0,0.001104
3070.0,0.0004965
3075.0,0.003193
3080.0,0.001665
3085.0,0.0005294
3090.0,0.0007651
3095.0,0.0001293
3100.0,0.002134
3105.0,0.0002835
3110.0,0.0001537
3115.0,0.0007494
3120.0,0.00613
3125.0,0.001548
3130.0,0.003569
3135.0,0.007774
3140.0,0.001543
3145.0,0.001569
3150.0,0.003906
3155.0,0.00332
3160.0,0.005917
3165.0,0.01105
3170.0,0.009771
3175.0,0.006
3180.0,0.007892
3185.0,0.004287
3190.0,0.002282
3195.0,0.0008025
3200.0,6.389e-05
3205.0,3.185e-05
3210.0,1.27e-05
3215.0,8.11e-05
3220.0,0.0003723
3225.0,3.58e-05
3230.0,5.503e-05
3235.0,0.004041
3240.0,0.00128
3245.0,0.0002278
3250.0,0.0009972
3255.0,0.006328
3260.0,0.0003304
3265.0,0.0008738
3270.0,0.0002854
3275.0,0.003053
3280.0,0.001112
3285.0,0.007905
3290.0,0.005182
3295.0,0.0004288
3300.0,0.0006652
3305.0,0.001763
3310.0,0.001558
3315.0,8.447e-08
3320.0,2.926e-06
3325.0,0.0012
3330.0,0.002965
3335.0,0.005903
3340.0,0.001963
3345.0,0.001637
3350.0,0.005678
3355.0,0.00167
3360.0,0.003131
3365.0,0.005107
3370.0,0.001697
3375.0,0.00633
3380.0,0.002518
3385.0,0.005266
3390.0,0.007112
3395.0,0.007233
3400.0,0.01108
3405.0,0.002088
3410.0,0.00517
3415.0,0.00441
3420.0,0.0122
3425.0,0.007449
3430.0,0.005823
3435.0,0.01036
3440.0,0.005213
3445.0,0.009634
3450.0,0.009285
3455.0,0.005948
3460.0,0.01154
3465.0,0.007395
3470.0,0.0113
3475.0,0.009164
3480.0,0.009549
3485.0,0.01095
3490.0,0.008443
3495.0,0.01126
3500.0,0.01081
3505.0,0.0107
3510.0,0.01098
3515.0,0.01026
3520.0,0.01133
3525.0,0.01032
3530.0,0.009888
3535.0,0.007451
3540.0,0.006939
3545.0,0.007546
3550.0,0.009175
3555.0,0.007241
3560.0,0.009622
3565.0,0.009579
3570.0,0.00658
3575.0,0.006651
3580.0,0.008921
3585.0,0.007449
3590.0,0.007994
3595.0,0.008504
3600.0,0.00932
3605.0,0.009147
3610.0,0.008087
3615.0,0.008386
3620.0,0.0112
3625.0,0.009053
3630.0,0.008923
3635.0,0.00932
3640.0,0.01108
3645.0,0.009571
3650.0,0.009068
3655.0,0.01031
3660.0,0.01029
3665.0,0.009156
3670.0,0.00643
3675.0,0.002972
3680.0,0.006675
3685.0,0.008136
3690.0,0.008521
3695.0,0.009254
3700.0,0.01047
3705.0,0.01024
3710.0,0.008295
3715.0,0.008225
3720.0,0.009854
3725.0,0.01026
3730.0,0.008363
3735.0,0.007376
3740.0,0.00776
3745.0,0.009727
3750.0,0.008514
3755.0,0.008144
3760.0,0.007844
3765.0,0.007553
3770.0,0.008412
3775.0,0.008298
3780.0,0.009013
3785.0,0.007865
3790.0,0.006641
3795.0,0.008123
3800.0,0.009581
3805.0,0.008758
3810.0,0.007255
3815.0,0.006701
3820.0,0.009341
3825.0,0.009058
3830.0,0.009307
3835.0,0.006534
3840.0,0.008403
3845.0,0.008077
3850.0,0.008163
3855.0,0.00767
3860.0,0.006846
3865.0,0.006957
3870.0,0.005927
3875.0,0.005063
3880.0,0.004789
3885.0,0.00511
3890.0,0.005245
3895.0,0.006149
3900.0,0.006836
3905.0,0.006831
3910.0,0.005691
3915.0,0.005476
3920.0,0.005487
3925.0,0.005354
3930.0,0.00568
3935.0,0.006117
3940.0,0.006263
3945.0,0.006477
3950.0,0.00668
3955.0,0.006826
3960.0,0.006947
3965.0,0.007054
3970.0,0.006948
3975.0,0.006674
3980.0,0.006542
3985.0,0.006614
3990.0,0.006496
3995.0,0.006289
4000.0,0.005976
