interpolation:linear
wavelength,value
280.0,6.204e-21
280.5,1.898e-19
281.0,9.935e-19
281.5,5.17e-19
282.0,1.414e-18
282.5,3.664e-18
283.0,1.169e-17
283.5,1.905e-17
284.0,3.016e-16
284.5,8.61e-16
285.0,1.772e-15
285.5,9.052e-15
286.0,3.661e-14
286.5,1.634e-13
287.0,4.645e-13
287.5,1.76e-12
288.0,4.569e-12
288.5,1.59e-11
289.0,4.689e-11
289.5,1.535e-10
290.0,4.488e-10
290.5,9.507e-10
291.0,2.123e-09
291.5,6.447e-09
292.0,1.573e-08
292.5,2.444e-08
293.0,5.986e-08
293.5,1.757e-07
294.0,3.154e-07
294.5,4.139e-07
295.0,8.053e-07
295.5,2.2e-06
296.0,4.389e-06
296.5,6.359e-06
297.0,8.872e-06
297.5,2.494e-05
298.0,4.101e-05
298.5,4.268e-05
299.0,9.741e-05
299.5,0.000172
300.0,0.0001965
300.5,0.0002965
301.0,0.0005768
301.5,0.0009938
302.0,0.0008912
302.5,0.001736
303.0,0.003104
303.5,0.003894
304.0,0.003648
304.5,0.005394
305.0,0.008064
305.5,0.00915
306.0,0.008825
306.5,0.01092
307.0,0.01597
307.5,0.02093
308.0,0.02206
308.5,0.02586
309.0,0.02532
309.5,0.02866
310.0,0.02865
310.5,0.04629
311.0,0.05785
311.5,0.05575
312.0,0.05522
312.5,0.06676
313.0,0.07217
313.5,0.07032
314.0,0.08723
314.5,0.07653
315.0,0.1004
315.5,0.08443
316.0,0.07309
316.5,0.1041
317.0,0.1293
317.5,0.1349
318.0,0.1047
318.5,0.1286
319.0,0.1519
319.5,0.1249
320.0,0.1511
320.5,0.1871
321.0,0.1649
321.5,0.158
322.0,0.1702
322.5,0.148
323.0,0.1464
323.5,0.1788
324.0,0.2084
324.5,0.2122
325.0,0.1841
325.5,0.2354
326.0,0.2874
326.5,0.2866
327.0,0.2861
327.5,0.2769
328.0,0.2479
328.5,0.2589
329.0,0.3084
329.5,0.3495
330.0,0.3531
330.5,0.2838
331.0,0.2896
331.5,0.2935
332.0,0.3157
332.5,0.3117
333.0,0.3112
333.5,0.2826
334.0,0.2897
334.5,0.3331
335.0,0.3123
335.5,0.3648
336.0,0.2525
336.5,0.296
337.0,0.2433
337.5,0.3028
338.0,0.2948
338.5,0.3402
339.0,0.3368
339.5,0.324
340.0,0.3809
340.5,0.3433
341.0,0.3348
341.5,0.3074
342.0,0.3674
342.5,0.3438
343.0,0.3782
343.5,0.3562
344.0,0.2633
344.5,0.2659
345.0,0.352
345.5,0.3594
346.0,0.3055
346.5,0.3459
347.0,0.3714
347.5,0.3004
348.0,0.3425
348.5,0.3423
349.0,0.3176
349.5,0.3146
350.0,0.3891
350.5,0.4105
351.0,0.3668
351.5,0.3566
352.0,0.383
352.5,0.2989
353.0,0.3766
353.5,0.4027
354.0,0.4181
354.5,0.4241
355.0,0.4227
355.5,0.382
356.0,0.3997
356.5,0.3414
357.0,0.2821
357.5,0.3454
358.0,0.2738
358.5,0.234
359.0,0.3273
359.5,0.4172
360.0,0.4423
360.5,0.3536
361.0,0.3224
361.5,0.3713
362.0,0.3211
362.5,0.4445
363.0,0.3994
363.5,0.3679
364.0,0.4501
364.5,0.3848
365.0,0.3919
365.5,0.492
366.0,0.5214
366.5,0.49
367.0,0.4773
367.5,0.4954
368.0,0.4336
368.5,0.4376
369.0,0.4727
369.5,0.5039
370.0,0.5373
370.5,0.4171
371.0,0.4457
371.5,0.5577
372.0,0.3702
372.5,0.444
373.0,0.4518
373.5,0.294
374.0,0.4273
374.5,0.3539
375.0,0.3441
375.5,0.5138
376.0,0.426
376.5,0.4415
377.0,0.4676
377.5,0.5471
378.0,0.5932
378.5,0.5607
379.0,0.4628
379.5,0.4228
380.0,0.4397
380.5,0.5326
381.0,0.5339
381.5,0.4233
382.0,0.376
382.5,0.3206
383.0,0.2969
383.5,0.286
384.0,0.3156
384.5,0.4642
385.0,0.4605
385.5,0.4289
386.0,0.3674
386.5,0.4827
387.0,0.4012
387.5,0.4507
388.0,0.4162
388.5,0.4115
389.0,0.4443
389.5,0.5382
390.0,0.5402
390.5,0.4973
391.0,0.5854
391.5,0.5972
392.0,0.5031
392.5,0.4505
393.0,0.2507
393.5,0.1823
394.0,0.371
394.5,0.4718
395.0,0.5758
395.5,0.585
396.0,0.5072
396.5,0.2966
397.0,0.2226
397.5,0.4528
398.0,0.6342
398.5,0.6556
399.0,0.7101
399.5,0.7079
400.0,0.7351
401.0,0.7458
402.0,0.7871
403.0,0.7479
404.0,0.7366
405.0,0.7367
406.0,0.725
407.0,0.7135
408.0,0.7415
409.0,0.7938
410.0,0.6938
411.0,0.7517
412.0,0.8076
413.0,0.7877
414.0,0.7976
415.0,0.7999
416.0,0.8141
417.0,0.7942
418.0,0.7797
419.0,0.7901
420.0,0.7868
421.0,0.8233
422.0,0.7826
423.0,0.7646
424.0,0.8089
425.0,0.8076
426.0,0.7868
427.0,0.7722
428.0,0.7524
429.0,0.7128
430.0,0.6239
431.0,0.6185
432.0,0.7987
433.0,0.8032
434.0,0.7459
435.0,0.7791
436.0,0.878
437.0,0.8663
438.0,0.789
439.0,0.8161
440.0,0.8422
441.0,0.8728
442.0,0.9362
443.0,0.912
444.0,0.9319
445.0,0.9118
446.0,0.8703
447.0,0.9409
448.0,0.9557
449.0,0.9596
450.0,0.9865
451.0,1.023
452.0,0.9859
453.0,0.9274
454.0,0.9682
455.0,0.9742
456.0,0.9974
457.0,1.014
458.0,0.9796
459.0,0.9746
460.0,0.9772
461.0,0.9998
462.0,1.008
463.0,1.001
464.0,0.9842
465.0,0.9718
466.0,0.9813
467.0,0.9634
468.0,0.9748
469.0,0.9799
470.0,0.9487
471.0,0.9475
472.0,0.9984
473.0,0.9855
474.0,0.9869
475.0,0.9954
476.0,0.9656
477.0,0.9684
478.0,0.9952
479.0,0.9892
480.0,0.9911
481.0,1.01
482.0,1.015
483.0,1.003
484.0,0.9822
485.0,0.9358
486.0,0.8181
487.0,0.8574
488.0,0.9407
489.0,0.9436
490.0,0.9927
491.0,0.9756
492.0,0.9214
493.0,0.9515
494.0,0.9611
495.0,0.9693
496.0,0.9753
497.0,0.9904
498.0,0.9441
499.0,0.9562
500.0,0.9283
501.0,0.9113
502.0,0.8985
503.0,0.9351
504.0,0.9113
505.0,0.944
506.0,0.9745
507.0,0.9273
508.0,0.8984
509.0,0.9236
510.0,0.9187
511.0,0.9434
512.0,0.9536
513.0,0.9026
514.0,0.8964
515.0,0.8875
516.0,0.8853
517.0,0.7867
518.0,0.8271
519.0,0.8675
520.0,0.899
521.0,0.9076
522.0,0.9084
523.0,0.892
524.0,0.924
525.0,0.9348
526.0,0.893
527.0,0.8415
528.0,0.89
529.0,0.9381
530.0,0.9246
531.0,0.9383
532.0,0.9061
533.0,0.8796
534.0,0.9056
535.0,0.9253
536.0,0.9338
537.0,0.897
538.0,0.9129
539.0,0.9052
540.0,0.8679
541.0,0.8736
542.0,0.9009
543.0,0.8915
544.0,0.9069
545.0,0.9041
546.0,0.9081
547.0,0.9077
548.0,0.8968
549.0,0.8996
550.0,0.9102
551.0,0.8992
552.0,0.9054
553.0,0.8893
554.0,0.9105
555.0,0.9123
556.0,0.9005
557.0,0.8725
558.0,0.8659
559.0,0.8497
560.0,0.8603
561.0,0.8715
562.0,0.8651
563.0,0.8888
564.0,0.8645
565.0,0.8571
566.0,0.8445
567.0,0.8604
568.0,0.8527
569.0,0.8323
570.0,0.8321
571.0,0.8271
572.0,0.8469
573.0,0.856
574.0,0.8532
575.0,0.8373
576.0,0.8296
577.0,0.8387
578.0,0.8261
579.0,0.8294
580.0,0.8453
581.0,0.8497
582.0,0.8659
583.0,0.868
584.0,0.8756
585.0,0.8543
586.0,0.8367
587.0,0.855
588.0,0.834
589.0,0.7386
590.0,0.7725
591.0,0.8176
592.0,0.8072
593.0,0.8192
594.0,0.8135
595.0,0.7933
596.0,0.8248
597.0,0.8158
598.0,0.8138
599.0,0.8146
600.0,0.8159
601.0,0.8092
602.0,0.8037
603.0,0.8171
604.0,0.8306
605.0,0.8263
606.0,0.823
607.0,0.8311
608.0,0.822
609.0,0.8234
610.0,0.8176
611.0,0.8219
612.0,0.8195
613.0,0.8092
614.0,0.7981
615.0,0.8155
616.0,0.7887
617.0,0.7871
618.0,0.8174
619.0,0.8092
620.0,0.8143
621.0,0.815
622.0,0.8055
623.0,0.7932
624.0,0.7796
625.0,0.7779
626.0,0.7894
627.0,0.7981
628.0,0.7446
629.0,0.779
630.0,0.761
631.0,0.7785
632.0,0.7692
633.0,0.7927
634.0,0.7851
635.0,0.7973
636.0,0.7868
637.0,0.7998
638.0,0.8075
639.0,0.7985
640.0,0.7908
641.0,0.7903
642.0,0.7868
643.0,0.7974
644.0,0.7948
645.0,0.7961
646.0,0.7774
647.0,0.768
648.0,0.7686
649.0,0.7538
650.0,0.7577
651.0,0.7906
652.0,0.7574
653.0,0.7801
654.0,0.7715
655.0,0.7426
656.0,0.6582
657.0,0.676
658.0,0.7576
659.0,0.7631
660.0,0.7663
661.0,0.7717
662.0,0.7732
663.0,0.758
664.0,0.767
665.0,0.7677
666.0,0.7683
667.0,0.7676
668.0,0.768
669.0,0.7799
670.0,0.7766
671.0,0.7764
672.0,0.7698
673.0,0.7814
674.0,0.7785
675.0,0.7714
676.0,0.7767
677.0,0.769
678.0,0.7712
679.0,0.7588
680.0,0.7648
681.0,0.7598
682.0,0.7588
683.0,0.7574
684.0,0.7536
685.0,0.7601
686.0,0.7555
687.0,0.4979
688.0,0.5853
689.0,0.5875
690.0,0.6168
691.0,0.6498
692.0,0.674
693.0,0.6685
694.0,0.6629
695.0,0.6908
696.0,0.6918
697.0,0.7347
698.0,0.7232
699.0,0.7056
700.0,0.697
701.0,0.6898
702.0,0.6947
703.0,0.6961
704.0,0.7185
705.0,0.7196
706.0,0.7191
707.0,0.7197
708.0,0.7212
709.0,0.7224
710.0,0.7223
711.0,0.7213
712.0,0.7192
713.0,0.7119
714.0,0.7146
715.0,0.6919
716.0,0.6923
717.0,0.5991
718.0,0.55
719.0,0.5037
720.0,0.5275
721.0,0.5832
722.0,0.6681
723.0,0.6215
724.0,0.5594
725.0,0.5502
726.0,0.5761
727.0,0.5846
728.0,0.5488
729.0,0.5698
730.0,0.6029
731.0,0.5767
732.0,0.6174
733.0,0.6541
734.0,0.6697
735.0,0.6558
736.0,0.6549
737.0,0.6575
738.0,0.668
739.0,0.6548
740.0,0.672
741.0,0.6654
742.0,0.6661
743.0,0.6831
744.0,0.6812
745.0,0.6813
746.0,0.6844
747.0,0.686
748.0,0.6845
749.0,0.6767
750.0,0.6763
751.0,0.6695
752.0,0.6723
753.0,0.6757
754.0,0.6773
755.0,0.6734
756.0,0.6731
757.0,0.6741
758.0,0.6657
759.0,0.652
760.0,0.104
761.0,0.05367
762.0,0.3283
763.0,0.1608
764.0,0.2446
765.0,0.3283
766.0,0.4057
767.0,0.5146
768.0,0.5962
769.0,0.6092
770.0,0.6305
771.0,0.6358
772.0,0.6373
773.0,0.6417
774.0,0.6386
775.0,0.6338
776.0,0.6415
777.0,0.6331
778.0,0.6292
779.0,0.6297
780.0,0.6262
781.0,0.6269
782.0,0.6308
783.0,0.6198
784.0,0.6228
785.0,0.6182
786.0,0.625
787.0,0.6139
788.0,0.6061
789.0,0.6059
790.0,0.5894
791.0,0.5948
792.0,0.5905
793.0,0.5809
794.0,0.5912
795.0,0.6011
796.0,0.5822
797.0,0.5829
798.0,0.6003
799.0,0.5964
800.0,0.5859
801.0,0.584
802.0,0.5823
803.0,0.5778
804.0,0.5787
805.0,0.577
806.0,0.5934
807.0,0.5862
808.0,0.5867
809.0,0.5756
810.0,0.5707
811.0,0.5712
812.0,0.5546
813.0,0.5429
814.0,0.4767
815.0,0.4738
816.0,0.4408
817.0,0.449
818.0,0.432
819.0,0.4838
820.0,0.4553
821.0,0.5334
822.0,0.518
823.0,0.3503
824.0,0.5025
825.0,0.5241
826.0,0.5039
827.0,0.5321
828.0,0.45
829.0,0.5009
830.0,0.4942
831.0,0.496
832.0,0.4805
833.0,0.5119
834.0,0.4933
835.0,0.5428
836.0,0.519
837.0,0.5444
838.0,0.5272
839.0,0.5362
840.0,0.5481
841.0,0.5402
842.0,0.5415
843.0,0.5415
844.0,0.5338
845.0,0.552
846.0,0.5496
847.0,0.5395
848.0,0.536
849.0,0.5208
850.0,0.499
851.0,0.5282
852.0,0.5245
853.0,0.505
854.0,0.4359
855.0,0.479
856.0,0.5235
857.0,0.5352
858.0,0.5312
859.0,0.5317
860.0,0.5327
861.0,0.5298
862.0,0.5382
863.0,0.5509
864.0,0.5233
865.0,0.5188
866.0,0.4665
867.0,0.4868
868.0,0.5297
869.0,0.5187
870.0,0.5335
871.0,0.5263
872.0,0.5244
873.0,0.5234
874.0,0.5171
875.0,0.5066
876.0,0.5119
877.0,0.5171
878.0,0.5227
879.0,0.5147
880.0,0.5036
881.0,0.496
882.0,0.5067
883.0,0.5084
884.0,0.506
885.0,0.5098
886.0,0.4856
887.0,0.491
888.0,0.4981
889.0,0.504
890.0,0.4995
891.0,0.4988
892.0,0.484
893.0,0.4684
894.0,0.4512
895.0,0.4253
896.0,0.4002
897.0,0.3424
898.0,0.3744
899.0,0.2831
900.0,0.3842
901.0,0.2968
902.0,0.3505
903.0,0.3533
904.0,0.4478
905.0,0.4319
906.0,0.4038
907.0,0.326
908.0,0.3328
909.0,0.3615
910.0,0.3178
911.0,0.34
912.0,0.3557
913.0,0.3225
914.0,0.3201
915.0,0.347
916.0,0.2933
917.0,0.3742
918.0,0.3006
919.0,0.3815
920.0,0.3865
921.0,0.4021
922.0,0.3581
923.0,0.3885
924.0,0.3669
925.0,0.3589
926.0,0.3627
927.0,0.4074
928.0,0.2948
929.0,0.268
930.0,0.2087
931.0,0.198
932.0,0.1406
933.0,0.1132
934.0,0.05986
935.0,0.1167
936.0,0.07146
937.0,0.07227
938.0,0.08944
939.0,0.1918
940.0,0.2322
941.0,0.1733
942.0,0.2019
943.0,0.1312
944.0,0.1396
945.0,0.1791
946.0,0.08899
947.0,0.1793
948.0,0.1314
949.0,0.2422
950.0,0.06402
951.0,0.2388
952.0,0.1255
953.0,0.1639
954.0,0.2031
955.0,0.166
956.0,0.1625
957.0,0.1254
958.0,0.2331
959.0,0.1828
960.0,0.2049
961.0,0.2319
962.0,0.2192
963.0,0.2543
964.0,0.2324
965.0,0.2535
966.0,0.2531
967.0,0.2519
968.0,0.3436
969.0,0.3583
970.0,0.3283
971.0,0.3784
972.0,0.3615
973.0,0.3121
974.0,0.2959
975.0,0.3082
976.0,0.2912
977.0,0.3342
978.0,0.3163
979.0,0.3321
980.0,0.3117
981.0,0.3763
982.0,0.3589
983.0,0.344
984.0,0.3888
985.0,0.3575
986.0,0.3963
987.0,0.3878
988.0,0.3871
989.0,0.3955
990.0,0.3848
991.0,0.3966
992.0,0.399
993.0,0.3894
994.0,0.399
995.0,0.3986
996.0,0.3967
997.0,0.3973
998.0,0.3954
999.0,0.394
1000.0,0.391
1001.0,0.3961
1002.0,0.3845
1003.0,0.3891
1004.0,0.3794
1005.0,0.3657
1006.0,0.3799
1007.0,0.388
1008.0,0.3858
1009.0,0.3836
1010.0,0.3819
1011.0,0.3861
1012.0,0.3826
1013.0,0.3852
1014.0,0.3825
1015.0,0.3799
1016.0,0.3782
1017.0,0.3791
1018.0,0.3778
1019.0,0.3695
1020.0,0.3758
1021.0,0.3753
1022.0,0.3723
1023.0,0.3762
1024.0,0.371
1025.0,0.376
1026.0,0.3744
1027.0,0.3735
1028.0,0.3727
1029.0,0.3683
1030.0,0.3709
1031.0,0.3694
1032.0,0.3683
1033.0,0.3628
1034.0,0.3628
1035.0,0.3639
1036.0,0.3658
1037.0,0.3599
1038.0,0.3614
1039.0,0.3612
1040.0,0.3597
1041.0,0.3612
1042.0,0.3586
1043.0,0.3575
1044.0,0.3587
1045.0,0.3538
1046.0,0.3499
1047.0,0.353
1048.0,0.3549
1049.0,0.3536
1050.0,0.352
1051.0,0.3515
1052.0,0.35
1053.0,0.3472
1054.0,0.3479
1055.0,0.3481
1056.0,0.3468
1057.0,0.3457
1058.0,0.3371
1059.0,0.3374
1060.0,0.3369
1061.0,0.3365
1062.0,0.3382
1063.0,0.3348
1064.0,0.3388
1065.0,0.3363
1066.0,0.3297
1067.0,0.3339
1068.0,0.3265
1069.0,0.3165
1070.0,0.3272
1071.0,0.3325
1072.0,0.3285
1073.0,0.3238
1074.0,0.3325
1075.0,0.315
1076.0,0.3322
1077.0,0.3258
1078.0,0.3194
1079.0,0.327
1080.0,0.3208
1081.0,0.3101
1082.0,0.3157
1083.0,0.3169
1084.0,0.3091
1085.0,0.3216
1086.0,0.2923
1087.0,0.3025
1088.0,0.3164
1089.0,0.306
1090.0,0.2987
1091.0,0.3152
1092.0,0.3145
1093.0,0.2645
1094.0,0.2875
1095.0,0.2759
1096.0,0.2635
1097.0,0.3073
1098.0,0.2591
1099.0,0.2706
1100.0,0.2506
1101.0,0.2541
1102.0,0.2421
1103.0,0.2393
1104.0,0.2397
1105.0,0.2643
1106.0,0.1985
1107.0,0.2503
1108.0,0.21
1109.0,0.2108
1110.0,0.2478
1111.0,0.1652
1112.0,0.2093
1113.0,0.1303
1114.0,0.1459
1115.0,0.1208
1116.0,0.09465
1117.0,0.03285
1118.0,0.1036
1119.0,0.04982
1120.0,0.06259
1121.0,0.08403
1122.0,0.03399
1123.0,0.05663
1124.0,0.04778
1125.0,0.06272
1126.0,0.02048
1127.0,0.07087
1128.0,0.04091
1129.0,0.04362
1130.0,0.02816
1131.0,0.138
1132.0,0.1076
1133.0,0.06622
1134.0,0.01584
1135.0,0.006
1136.0,0.05455
1137.0,0.1349
1138.0,0.09467
1139.0,0.145
1140.0,0.1197
1141.0,0.09
1142.0,0.1043
1143.0,0.1497
1144.0,0.05045
1145.0,0.06391
1146.0,0.06891
1147.0,0.02284
1148.0,0.1295
1149.0,0.1022
1150.0,0.05447
1151.0,0.09392
1152.0,0.117
1153.0,0.115
1154.0,0.06176
1155.0,0.1512
1156.0,0.1354
1157.0,0.1532
1158.0,0.1515
1159.0,0.1643
1160.0,0.1395
1161.0,0.1738
1162.0,0.1745
1163.0,0.2388
1164.0,0.2037
1165.0,0.1911
1166.0,0.1906
1167.0,0.2081
1168.0,0.2102
1169.0,0.2155
1170.0,0.235
1171.0,0.2291
1172.0,0.2337
1173.0,0.2346
1174.0,0.1655
1175.0,0.2295
1176.0,0.2532
1177.0,0.2425
1178.0,0.1807
1179.0,0.2553
1180.0,0.2269
1181.0,0.2342
1182.0,0.1601
1183.0,0.2308
1184.0,0.2158
1185.0,0.2078
1186.0,0.2478
1187.0,0.2356
1188.0,0.1626
1189.0,0.2194
1190.0,0.2422
1191.0,0.2293
1192.0,0.2457
1193.0,0.2352
1194.0,0.2426
1195.0,0.2289
1196.0,0.2202
1197.0,0.243
1198.0,0.222
1199.0,0.1877
1200.0,0.2322
1201.0,0.2236
1202.0,0.2225
1203.0,0.2206
1204.0,0.1924
1205.0,0.228
1206.0,0.2524
1207.0,0.2218
1208.0,0.2187
1209.0,0.2232
1210.0,0.2328
1211.0,0.2213
1212.0,0.2182
1213.0,0.2439
1214.0,0.2236
1215.0,0.2193
1216.0,0.2431
1217.0,0.2365
1218.0,0.2412
1219.0,0.2381
1220.0,0.2414
1221.0,0.2439
1222.0,0.2375
1223.0,0.2352
1224.0,0.2336
1225.0,0.2423
1226.0,0.2441
1227.0,0.2247
1228.0,0.2454
1229.0,0.2441
1230.0,0.2399
1231.0,0.247
1232.0,0.2455
1233.0,0.2367
1234.0,0.2468
1235.0,0.2452
1236.0,0.247
1237.0,0.2434
1238.0,0.2462
1239.0,0.2431
1240.0,0.244
1241.0,0.2427
1242.0,0.2423
1243.0,0.2403
1244.0,0.242
1245.0,0.2431
1246.0,0.2417
1247.0,0.2407
1248.0,0.2405
1249.0,0.2413
1250.0,0.2398
1251.0,0.2367
1252.0,0.2368
1253.0,0.2347
1254.0,0.2323
1255.0,0.2365
1256.0,0.2296
1257.0,0.2283
1258.0,0.2328
1259.0,0.224
1260.0,0.2252
1261.0,0.2121
1262.0,0.2055
1263.0,0.2058
1264.0,0.1894
1265.0,0.2045
1266.0,0.1965
1267.0,0.2002
1268.0,0.1894
1269.0,0.115
1270.0,0.1993
1271.0,0.2114
1272.0,0.2122
1273.0,0.2099
1274.0,0.2106
1275.0,0.2137
1276.0,0.2159
1277.0,0.2175
1278.0,0.2218
1279.0,0.2198
1280.0,0.217
1281.0,0.2072
1282.0,0.1998
1283.0,0.2151
1284.0,0.2202
1285.0,0.2217
1286.0,0.2248
1287.0,0.2212
1288.0,0.2212
1289.0,0.2139
1290.0,0.2192
1291.0,0.2224
1292.0,0.2084
1293.0,0.2179
1294.0,0.2163
1295.0,0.2151
1296.0,0.205
1297.0,0.1937
1298.0,0.209
1299.0,0.2182
1300.0,0.1838
1301.0,0.1896
1302.0,0.2084
1303.0,0.1815
1304.0,0.1538
1305.0,0.204
1306.0,0.204
1307.0,0.1575
1308.0,0.1819
1309.0,0.2023
1310.0,0.1544
1311.0,0.1742
1312.0,0.1693
1313.0,0.1658
1314.0,0.1481
1315.0,0.1459
1316.0,0.1712
1317.0,0.1621
1318.0,0.1766
1319.0,0.1368
1320.0,0.1328
1321.0,0.1551
1322.0,0.1564
1323.0,0.1167
1324.0,0.1342
1325.0,0.1687
1326.0,0.1441
1327.0,0.1373
1328.0,0.118
1329.0,0.08762
1330.0,0.1146
1331.0,0.0679
1332.0,0.07055
1333.0,0.09849
1334.0,0.08406
1335.0,0.1162
1336.0,0.09122
1337.0,0.08032
1338.0,0.08692
1339.0,0.08672
1340.0,0.0847
1341.0,0.08188
1342.0,0.08608
1343.0,0.05662
1344.0,0.03402
1345.0,0.04913
1346.0,0.02336
1347.0,0.02356
1348.0,0.001387
1349.0,0.005123
1350.0,0.005427
1351.0,0.001208
1352.0,0.0002963
1353.0,1.371e-05
1354.0,5.048e-05
1355.0,3.315e-07
1356.0,6.657e-06
1357.0,1.016e-05
1358.0,3.959e-07
1359.0,4.272e-08
1360.0,1.714e-07
1361.0,1.381e-10
1362.0,3.302e-13
1363.0,2.208e-07
1364.0,9.1e-08
1365.0,9.679e-14
1366.0,1.006e-06
1367.0,4.252e-07
1368.0,5.273e-16
1369.0,3.377e-08
1370.0,1.561e-08
1371.0,8.194e-10
1372.0,2.343e-07
1373.0,5.26e-06
1374.0,2.63e-05
1375.0,4.758e-05
1376.0,4.562e-05
1377.0,2.057e-05
1378.0,0.0002078
1379.0,8.632e-06
1380.0,1.188e-05
1381.0,2.979e-07
1382.0,2.074e-07
1383.0,2.939e-09
1384.0,3.719e-08
1385.0,2.117e-07
1386.0,1.765e-07
1387.0,2.607e-05
1388.0,5.163e-07
1389.0,9.614e-05
1390.0,8.256e-05
1391.0,5.429e-05
1392.0,3.454e-06
1393.0,1.907e-05
1394.0,8.747e-06
1395.0,5.933e-08
1396.0,2.082e-10
1397.0,7.38e-06
1398.0,0.0002315
1399.0,0.0001472
1400.0,8.242e-11
1401.0,3.868e-10
1402.0,0.0004557
1403.0,0.0005613
1404.0,0.0001695
1405.0,2.73e-08
1406.0,0.0004262
1407.0,3.87e-05
1408.0,0.0003508
1409.0,0.0001108
1410.0,9.253e-05
1411.0,0.0004956
1412.0,0.0006891
1413.0,0.007779
1414.0,7.361e-05
1415.0,3.433e-05
1416.0,0.01362
1417.0,0.003837
1418.0,0.004313
1419.0,0.0006575
1420.0,0.002629
1421.0,0.002853
1422.0,0.01784
1423.0,0.003384
1424.0,0.006424
1425.0,0.009312
1426.0,0.01092
1427.0,0.02088
1428.0,0.001291
1429.0,0.01521
1430.0,0.02697
1431.0,0.0299
1432.0,0.001011
1433.0,0.01864
1434.0,0.009298
1435.0,0.008668
1436.0,0.01769
1437.0,0.01358
1438.0,0.005468
1439.0,0.02449
1440.0,0.01834
1441.0,0.01345
1442.0,0.01496
1443.0,0.0196
1444.0,0.02764
1445.0,0.02088
1446.0,0.009162
1447.0,0.01455
1448.0,0.05458
1449.0,0.04665
1450.0,0.01084
1451.0,0.004199
1452.0,0.02726
1453.0,0.03625
1454.0,0.06564
1455.0,0.02969
1456.0,0.03947
1457.0,0.05488
1458.0,0.06671
1459.0,0.07862
1460.0,0.03988
1461.0,0.0407
1462.0,0.0615
1463.0,0.01881
1464.0,0.07462
1465.0,0.0446
1466.0,0.02859
1467.0,0.01431
1468.0,0.0343
1469.0,0.04306
1470.0,0.01998
1471.0,0.007022
1472.0,0.01906
1473.0,0.03049
1474.0,0.04642
1475.0,0.091
1476.0,0.03082
1477.0,0.03067
1478.0,0.02915
1479.0,0.05769
1480.0,0.02648
1481.0,0.05471
1482.0,0.02631
1483.0,0.07206
1484.0,0.06803
1485.0,0.05982
1486.0,0.05839
1487.0,0.02538
1488.0,0.04673
1489.0,0.09523
1490.0,0.08823
1491.0,0.101
1492.0,0.08132
1493.0,0.09049
1494.0,0.1033
1495.0,0.09137
1496.0,0.08524
1497.0,0.1197
1498.0,0.09639
1499.0,0.1133
1500.0,0.1315
1501.0,0.1383
1502.0,0.1164
1503.0,0.09795
1504.0,0.07779
1505.0,0.09445
1506.0,0.1384
1507.0,0.1331
1508.0,0.1268
1509.0,0.09576
1510.0,0.144
1511.0,0.139
1512.0,0.1379
1513.0,0.1259
1514.0,0.1174
1515.0,0.1417
1516.0,0.1355
1517.0,0.1323
1518.0,0.132
1519.0,0.1289
1520.0,0.139
1521.0,0.1485
1522.0,0.1411
1523.0,0.1507
1524.0,0.1461
1525.0,0.1396
1526.0,0.1418
1527.0,0.1407
1528.0,0.1501
1529.0,0.1425
1530.0,0.1399
1531.0,0.1441
1532.0,0.1498
1533.0,0.1498
1534.0,0.1473
1535.0,0.1466
1536.0,0.1494
1537.0,0.1463
1538.0,0.1478
1539.0,0.1454
1540.0,0.1458
1541.0,0.1469
1542.0,0.1455
1543.0,0.1481
1544.0,0.1464
1545.0,0.1492
1546.0,0.1469
1547.0,0.1448
1548.0,0.1447
1549.0,0.146
1550.0,0.145
1551.0,0.1461
1552.0,0.145
1553.0,0.1441
1554.0,0.1428
1555.0,0.1432
1556.0,0.1432
1557.0,0.1449
1558.0,0.1441
1559.0,0.1432
1560.0,0.1441
1561.0,0.1451
1562.0,0.1433
1563.0,0.1422
1564.0,0.1428
1565.0,0.143
1566.0,0.1411
1567.0,0.1414
1568.0,0.1399
1569.0,0.1407
1570.0,0.142
1571.0,0.143
1572.0,0.142
1573.0,0.141
1574.0,0.136
1575.0,0.1344
1576.0,0.1324
1577.0,0.1291
1578.0,0.1355
1579.0,0.1368
1580.0,0.1379
1581.0,0.1358
1582.0,0.1331
1583.0,0.1337
1584.0,0.136
1585.0,0.1375
1586.0,0.1359
1587.0,0.1336
1588.0,0.1298
1589.0,0.1257
1590.0,0.1286
1591.0,0.1317
1592.0,0.1356
1593.0,0.1377
1594.0,0.1375
1595.0,0.1357
1596.0,0.1317
1597.0,0.1351
1598.0,0.1369
1599.0,0.1353
1600.0,0.1344
1601.0,0.1326
1602.0,0.133
1603.0,0.1343
1604.0,0.1333
1605.0,0.1332
1606.0,0.1317
1607.0,0.1329
1608.0,0.1328
1609.0,0.1293
1610.0,0.1266
1611.0,0.1288
1612.0,0.1303
1613.0,0.1305
1614.0,0.1305
1615.0,0.1276
1616.0,0.1256
1617.0,0.1281
1618.0,0.1302
1619.0,0.1279
1620.0,0.1251
1621.0,0.1266
1622.0,0.1286
1623.0,0.1304
1624.0,0.1289
1625.0,0.1284
1626.0,0.1288
1627.0,0.1297
1628.0,0.1294
1629.0,0.1283
1630.0,0.1275
1631.0,0.1268
1632.0,0.1265
1633.0,0.1227
1634.0,0.1255
1635.0,0.1238
1636.0,0.1227
1637.0,0.1213
1638.0,0.1144
1639.0,0.1187
1640.0,0.1138
1641.0,0.1179
1642.0,0.1202
1643.0,0.1137
1644.0,0.1201
1645.0,0.1169
1646.0,0.1142
1647.0,0.1221
1648.0,0.1138
1649.0,0.1192
1650.0,0.12
1651.0,0.1115
1652.0,0.1189
1653.0,0.12
1654.0,0.1138
1655.0,0.12
1656.0,0.1181
1657.0,0.119
1658.0,0.1205
1659.0,0.1196
1660.0,0.1207
1661.0,0.1201
1662.0,0.1168
1663.0,0.1195
1664.0,0.1184
1665.0,0.112
1666.0,0.09169
1667.0,0.1109
1668.0,0.115
1669.0,0.1158
1670.0,0.1178
1671.0,0.1145
1672.0,0.1131
1673.0,0.1157
1674.0,0.1133
1675.0,0.1115
1676.0,0.1124
1677.0,0.1122
1678.0,0.1091
1679.0,0.1113
1680.0,0.1068
1681.0,0.1036
1682.0,0.1093
1683.0,0.1117
1684.0,0.1035
1685.0,0.1129
1686.0,0.1126
1687.0,0.1085
1688.0,0.112
1689.0,0.1108
1690.0,0.1105
1691.0,0.1009
1692.0,0.1102
1693.0,0.1132
1694.0,0.109
1695.0,0.112
1696.0,0.112
1697.0,0.09426
1698.0,0.111
1699.0,0.1095
1700.0,0.1066
1702.0,0.1084
1705.0,0.1052
1710.0,0.09976
1715.0,0.1001
1720.0,0.09904
1725.0,0.09245
1730.0,0.09155
1735.0,0.08552
1740.0,0.08674
1745.0,0.08155
1750.0,0.08716
1755.0,0.08019
1760.0,0.08369
1765.0,0.06838
1770.0,0.07301
1775.0,0.05828
1780.0,0.04971
1785.0,0.03697
1790.0,0.043
1795.0,0.02036
1800.0,0.01431
1805.0,0.005371
1810.0,0.003553
1815.0,0.0009456
1820.0,0.000225
1825.0,0.0002984
1830.0,5.754e-07
1835.0,9.783e-07
1840.0,4.546e-09
1845.0,5.006e-07
1850.0,2.233e-07
1855.0,2.207e-08
1860.0,1.541e-06
1865.0,2.081e-06
1870.0,7.018e-12
1875.0,1.311e-11
1880.0,1.239e-05
1885.0,6.519e-06
1890.0,3.708e-05
1895.0,2.21e-05
1900.0,7.805e-08
1905.0,5.494e-08
1910.0,2.908e-06
1915.0,3.065e-06
1920.0,8.694e-05
1925.0,0.000221
1930.0,0.000129
1935.0,0.001081
1940.0,0.001129
1945.0,0.004901
1950.0,0.009916
1955.0,0.008772
1960.0,0.01618
1965.0,0.02409
1970.0,0.03441
1975.0,0.03917
1980.0,0.03956
1985.0,0.04271
1990.0,0.0442
1995.0,0.04685
2000.0,0.04946
2005.0,0.04167
2010.0,0.05999
2015.0,0.04721
2020.0,0.05071
2025.0,0.05542
2030.0,0.05097
2035.0,0.05576
2040.0,0.05317
2045.0,0.05497
2050.0,0.05591
2055.0,0.05365
2060.0,0.05191
2065.0,0.05289
2070.0,0.0523
2075.0,0.05359
2080.0,0.05226
2085.0,0.05196
2090.0,0.05248
2095.0,0.05095
2100.0,0.04756
2105.0,0.05138
2110.0,0.04921
2115.0,0.05044
2120.0,0.04737
2125.0,0.04805
2130.0,0.04868
2135.0,0.04896
2140.0,0.04934
2145.0,0.04883
2150.0,0.04579
2155.0,0.04577
2160.0,0.04532
2165.0,0.04133
2170.0,0.04406
2175.0,0.04299
2180.0,0.04416
2185.0,0.03957
2190.0,0.04265
2195.0,0.04227
2200.0,0.0372
2205.0,0.03924
2210.0,0.04263
2215.0,0.04074
2220.0,0.04165
2225.0,0.04041
2230.0,0.04063
2235.0,0.03964
2240.0,0.0392
2245.0,0.03765
2250.0,0.03859
2255.0,0.03596
2260.0,0.03542
2265.0,0.03641
2270.0,0.0342
2275.0,0.03366
2280.0,0.03535
2285.0,0.03303
2290.0,0.03306
2295.0,0.03215
2300.0,0.0304
2305.0,0.03069
2310.0,0.03388
2315.0,0.03015
2320.0,0.02628
2325.0,0.02956
2330.0,0.02954
2335.0,0.0303
2340.0,0.02311
2345.0,0.02626
2350.0,0.02061
2355.0,0.02413
2360.0,0.02573
2365.0,0.02547
2370.0,0.0144
2375.0,0.02228
2380.0,0.02133
2385.0,0.01497
2390.0,0.01802
2395.0,0.01996
2400.0,0.02198
2405.0,0.01648
2410.0,0.0165
2415.0,0.01306
2420.0,0.01269
2425.0,0.01612
2430.0,0.02233
2435.0,0.00673
2440.0,0.02184
2445.0,0.009689
2450.0,0.006043
2455.0,0.01186
2460.0,0.01615
2465.0,0.01123
2470.0,0.007332
2475.0,0.00714
2480.0,0.003267
2485.0,0.002084
2490.0,0.00117
2495.0,0.001021
2500.0,0.00265
2505.0,0.0005318
2510.0,0.0007925
2515.0,0.0001612
2520.0,8.067e-05
2525.0,9.431e-06
2530.0,4.514e-08
2535.0,9.023e-09
2540.0,2.282e-08
2545.0,1.359e-12
2550.0,4.811e-15
2555.0,2.683e-11
2560.0,8.273e-13
2565.0,1.256e-16
2570.0,2.1430000000000002e-21
2575.0,4.256e-32
2580.0,7.476000000000001e-26
2585.0,3.6349999999999998e-40
2590.0,3.133e-36
2595.0,1.374e-37
2600.0,7.064999999999999e-33
2605.0,7.7e-40
2610.0,1.524e-39
2615.0,1.009e-43
2620.0,4.1659999999999996e-33
2625.0,3.912e-33
2630.0,0.0
2635.0,1.419e-18
2640.0,2.594e-19
2645.0,8.831999999999999e-22
2650.0,6.888e-23
2655.0,3.202e-32
2660.0,5.212999999999999e-29
2665.0,1.5430000000000003e-42
2670.0,0.0
2675.0,7.661000000000001e-42
2680.0,1.267e-27
2685.0,1.089e-28
2690.0,2.853e-28
2695.0,1.5010000000000002e-30
2700.0,4.8710000000000004e-26
2705.0,1.558e-23
2710.0,1.4640000000000001e-28
2715.0,1.0740000000000001e-26
2720.0,0.0
2725.0,5.7299999999999996e-24
2730.0,1.161e-21
2735.0,1.4239999999999998e-23
2740.0,2.4049999999999998e-29
2745.0,3.81e-24
2750.0,2.1389999999999998e-23
2755.0,3.255e-25
2760.0,7.121000000000001e-20
2765.0,2.154e-26
2770.0,1.242e-23
2775.0,1.842e-20
2780.0,1.447e-17
2785.0,7.05e-17
2790.0,1.434e-14
2795.0,2.574e-15
2800.0,1.579e-11
2805.0,2.943e-13
2810.0,1.347e-09
2815.0,4.019e-10
2820.0,4.349e-12
2825.0,4.973e-08
2830.0,1.284e-06
2835.0,1.122e-11
2840.0,3.46e-08
2845.0,1.541e-05
2850.0,2.199e-07
2855.0,1.014e-07
2860.0,5.495e-06
2865.0,4.389e-05
2870.0,9.478e-07
2875.0,0.0001149
2880.0,7.559e-05
2885.0,0.0001212
2890.0,5.367e-05
2895.0,0.001004
2900.0,0.000271
2905.0,2.936e-05
2910.0,0.001058
2915.0,0.0004351
2920.0,0.001129
2925.0,0.0003987
2930.0,0.002555
2935.0,0.002841
2940.0,0.0006104
2945.0,0.0005175
2950.0,0.002228
2955.0,0.001002
2960.0,0.002012
2965.0,0.003507
2970.0,0.0001259
2975.0,0.0003287
2980.0,0.0005153
2985.0,0.003262
2990.0,0.005086
2995.0,0.001862
3000.0,0.003663
3005.0,0.00121
3010.0,0.003257
3015.0,0.002496
3020.0,0.000203
3025.0,0.003548
3030.0,0.002794
3035.0,0.001036
3040.0,0.0008078
3045.0,0.001772
3050.0,0.0003907
3055.0,9.068e-05
3060.0,0.002898
3065.0,0.001188
3070.0,0.000653
3075.0,0.002747
3080.0,0.001584
3085.0,0.0006734
3090.0,0.0009277
3095.0,0.0002183
3100.0,0.001959
3105.0,0.0003515
3110.0,0.0002827
3115.0,0.0009056
3120.0,0.004744
3125.0,0.001363
3130.0,0.002786
3135.0,0.005698
3140.0,0.001466
3145.0,0.001452
3150.0,0.003143
3155.0,0.002664
3160.0,0.004488
3165.0,0.007252
3170.0,0.006452
3175.0,0.004486
3180.0,0.005395
3185.0,0.003683
3190.0,0.00194
3195.0,0.001024
3200.0,0.0001356
3205.0,8.618e-05
3210.0,3.554e-05
3215.0,0.0001533
3220.0,0.0005663
3225.0,6.326e-05
3230.0,0.0001046
3235.0,0.003355
3240.0,0.001469
3245.0,0.0002759
3250.0,0.001052
3255.0,0.004762
3260.0,0.0004388
3265.0,0.0009838
3270.0,0.0004265
3275.0,0.002656
3280.0,0.001167
3285.0,0.005489
3290.0,0.004051
3295.0,0.0004725
3300.0,0.0007142
3305.0,0.001687
3310.0,0.001607
3315.0,1.58e-06
3320.0,1.222e-05
3325.0,0.001377
3330.0,0.002234
3335.0,0.00438
3340.0,0.001597
3345.0,0.001537
3350.0,0.004015
3355.0,0.001572
3360.0,0.002491
3365.0,0.003593
3370.0,0.001671
3375.0,0.004288
3380.0,0.002257
3385.0,0.003717
3390.0,0.004934
3395.0,0.004832
3400.0,0.006657
3405.0,0.001929
3410.0,0.003545
3415.0,0.003418
3420.0,0.007124
3425.0,0.005034
3430.0,0.004228
3435.0,0.006198
3440.0,0.00388
3445.0,0.005949
3450.0,0.005832
3455.0,0.004125
3460.0,0.006757
3465.0,0.004947
3470.0,0.006602
3475.0,0.005714
3480.0,0.005891
3485.0,0.00647
3490.0,0.005378
3495.0,0.006574
3500.0,0.006375
3505.0,0.006323
3510.0,0.006432
3515.0,0.006116
3520.0,0.006542
3525.0,0.006084
3530.0,0.005906
3535.0,0.004806
3540.0,0.004555
3545.0,0.004856
3550.0,0.005532
3555.0,0.00463
3560.0,0.005712
3565.0,0.005712
3570.0,0.004242
3575.0,0.004368
3580.0,0.005356
3585.0,0.004701
3590.0,0.00492
3595.0,0.005081
3600.0,0.005458
3605.0,0.00545
3610.0,0.004944
3615.0,0.00499
3620.0,0.00629
3625.0,0.005374
3630.0,0.00526
3635.0,0.005451
3640.0,0.006202
3645.0,0.005586
3650.0,0.005322
3655.0,0.005852
3660.0,0.005832
3665.0,0.005376
3670.0,0.004026
3675.0,0.002242
3680.0,0.00421
3685.0,0.004887
3690.0,0.00507
3695.0,0.00533
3700.0,0.005817
3705.0,0.005729
3710.0,0.004883
3715.0,0.004816
3720.0,0.005547
3725.0,0.005724
3730.0,0.00487
3735.0,0.004408
3740.0,0.004556
3745.0,0.005436
3750.0,0.004885
3755.0,0.004717
3760.0,0.004636
3765.0,0.004462
3770.0,0.004832
3775.0,0.004773
3780.0,0.005101
3785.0,0.004612
3790.0,0.004011
3795.0,0.004678
3800.0,0.005329
3805.0,0.004967
3810.0,0.004322
3815.0,0.004023
3820.0,0.005202
3825.0,0.005083
3830.0,0.005176
3835.0,0.003972
3840.0,0.004795
3845.0,0.004659
3850.0,0.004697
3855.0,0.004474
3860.0,0.004131
3865.0,0.004173
3870.0,0.003722
3875.0,0.003332
3880.0,0.003202
3885.0,0.003342
3890.0,0.003402
3895.0,0.003799
3900.0,0.004087
3905.0,0.004078
3910.0,0.003585
3915.0,0.003484
3920.0,0.003483
3925.0,0.003418
3930.0,0.003559
3935.0,0.003742
3940.0,0.003801
3945.0,0.003884
3950.0,0.003958
3955.0,0.004012
3960.0,0.004058
3965.0,0.004099
3970.0,0.004051
3975.0,0.003932
3980.0,0.00387
3985.0,0.003891
3990.0,0.003835
3995.0,0.003741
4000.0,0.00358
