interpolation:linear
wavelength,value
280.0,8.151e-20
280.5,2.225e-18
281.0,1.494e-19
281.5,4.953e-19
282.0,2.329e-18
282.5,6.738e-18
283.0,2.273e-17
283.5,3.768e-17
284.0,5.966e-16
284.5,1.684e-15
285.0,3.814e-15
285.5,2.456e-14
286.0,1.066e-13
286.5,5.318e-13
287.0,1.616e-12
287.5,6.574e-12
288.0,1.977e-11
288.5,7.907e-11
289.0,2.678e-10
289.5,1.016e-09
290.0,3.353e-09
290.5,7.873e-09
291.0,1.983e-08
291.5,6.9e-08
292.0,1.78e-07
292.5,2.777e-07
293.0,6.809e-07
293.5,1.993e-06
294.0,3.593e-06
294.5,4.63e-06
295.0,8.887e-06
295.5,2.075e-05
296.0,3.887e-05
296.5,5.276e-05
297.0,6.963e-05
297.5,0.0001797
298.0,0.0002738
298.5,0.0002683
299.0,0.0005762
299.5,0.000912
300.0,0.000977
300.5,0.001376
301.0,0.002379
301.5,0.003634
302.0,0.003042
302.5,0.005698
303.0,0.009688
303.5,0.01178
304.0,0.0108
304.5,0.01513
305.0,0.02103
305.5,0.02281
306.0,0.02162
306.5,0.026
307.0,0.03578
307.5,0.04431
308.0,0.04627
308.5,0.05278
309.0,0.05067
309.5,0.05525
310.0,0.05426
310.5,0.08689
311.0,0.107
311.5,0.1025
312.0,0.09833
312.5,0.1164
313.0,0.1245
313.5,0.1224
314.0,0.1481
314.5,0.1257
315.0,0.1639
315.5,0.14
316.0,0.118
316.5,0.1643
317.0,0.2041
317.5,0.2142
318.0,0.1636
318.5,0.1951
319.0,0.2269
319.5,0.191
320.0,0.2319
320.5,0.2785
321.0,0.239
321.5,0.2283
322.0,0.2531
322.5,0.2196
323.0,0.2132
323.5,0.2556
324.0,0.297
324.5,0.3047
325.0,0.2669
325.5,0.3361
326.0,0.4082
326.5,0.4031
327.0,0.4037
327.5,0.3924
328.0,0.3558
328.5,0.3657
329.0,0.4301
329.5,0.4856
330.0,0.4919
330.5,0.3989
331.0,0.4083
331.5,0.4107
332.0,0.4372
332.5,0.4296
333.0,0.4299
333.5,0.3933
334.0,0.4035
334.5,0.4599
335.0,0.4291
335.5,0.5011
336.0,0.3467
336.5,0.4073
337.0,0.3358
337.5,0.4183
338.0,0.4044
338.5,0.4665
339.0,0.4615
339.5,0.4439
340.0,0.5218
340.5,0.4698
341.0,0.4583
341.5,0.4205
342.0,0.5025
342.5,0.4699
343.0,0.5169
343.5,0.4868
344.0,0.3595
344.5,0.3633
345.0,0.4804
345.5,0.4903
346.0,0.4165
346.5,0.4715
347.0,0.5062
347.5,0.4093
348.0,0.4664
348.5,0.466
349.0,0.4322
349.5,0.4279
350.0,0.5291
350.5,0.558
351.0,0.4985
351.5,0.4846
352.0,0.5203
352.5,0.4059
353.0,0.5111
353.5,0.5464
354.0,0.5671
354.5,0.5751
355.0,0.5732
355.5,0.5177
356.0,0.5416
356.5,0.4624
357.0,0.3821
357.5,0.4677
358.0,0.3706
358.5,0.3167
359.0,0.443
359.5,0.5645
360.0,0.5984
360.5,0.4782
361.0,0.4359
361.5,0.5017
362.0,0.4337
362.5,0.6001
363.0,0.5388
363.5,0.4962
364.0,0.6068
364.5,0.5186
365.0,0.5281
365.5,0.6628
366.0,0.7021
366.5,0.6595
367.0,0.6422
367.5,0.6665
368.0,0.5832
368.5,0.5884
369.0,0.6354
369.5,0.6771
370.0,0.7218
370.5,0.5601
371.0,0.5984
371.5,0.7487
372.0,0.4969
372.5,0.5957
373.0,0.6059
373.5,0.3942
374.0,0.5728
374.5,0.4743
375.0,0.461
375.5,0.6883
376.0,0.5706
376.5,0.5913
377.0,0.6259
377.5,0.7322
378.0,0.7938
378.5,0.7503
379.0,0.6192
379.5,0.5656
380.0,0.5881
380.5,0.7122
381.0,0.7136
381.5,0.5656
382.0,0.5022
382.5,0.428
383.0,0.3962
383.5,0.3816
384.0,0.4209
384.5,0.6191
385.0,0.6139
385.5,0.5717
386.0,0.4896
386.5,0.643
387.0,0.5343
387.5,0.6002
388.0,0.5541
388.5,0.5477
389.0,0.5912
389.5,0.716
390.0,0.7185
390.5,0.6612
391.0,0.7783
391.5,0.7938
392.0,0.6686
392.5,0.5985
393.0,0.333
393.5,0.242
394.0,0.4925
394.5,0.6261
395.0,0.764
395.5,0.7761
396.0,0.6729
396.5,0.3933
397.0,0.2951
397.5,0.6002
398.0,0.8406
398.5,0.8688
399.0,0.9406
399.5,0.9375
400.0,0.9736
401.0,0.9896
402.0,1.044
403.0,0.9913
404.0,0.976
405.0,0.9758
406.0,0.9597
407.0,0.944
408.0,0.9809
409.0,1.05
410.0,0.9171
411.0,0.9932
412.0,1.066
413.0,1.04
414.0,1.053
415.0,1.055
416.0,1.073
417.0,1.047
418.0,1.027
419.0,1.041
420.0,1.036
421.0,1.084
422.0,1.03
423.0,1.006
424.0,1.064
425.0,1.062
426.0,1.034
427.0,1.014
428.0,0.9881
429.0,0.9356
430.0,0.8186
431.0,0.8115
432.0,1.047
433.0,1.053
434.0,0.9778
435.0,1.021
436.0,1.15
437.0,1.134
438.0,1.033
439.0,1.069
440.0,1.102
441.0,1.142
442.0,1.225
443.0,1.193
444.0,1.218
445.0,1.192
446.0,1.137
447.0,1.229
448.0,1.248
449.0,1.253
450.0,1.287
451.0,1.335
452.0,1.286
453.0,1.209
454.0,1.262
455.0,1.27
456.0,1.3
457.0,1.321
458.0,1.277
459.0,1.27
460.0,1.273
461.0,1.303
462.0,1.312
463.0,1.303
464.0,1.281
465.0,1.264
466.0,1.276
467.0,1.253
468.0,1.268
469.0,1.274
470.0,1.234
471.0,1.232
472.0,1.298
473.0,1.281
474.0,1.284
475.0,1.295
476.0,1.257
477.0,1.261
478.0,1.296
479.0,1.288
480.0,1.29
481.0,1.313
482.0,1.319
483.0,1.303
484.0,1.276
485.0,1.215
486.0,1.062
487.0,1.112
488.0,1.22
489.0,1.224
490.0,1.288
491.0,1.265
492.0,1.195
493.0,1.234
494.0,1.246
495.0,1.257
496.0,1.264
497.0,1.284
498.0,1.224
499.0,1.24
500.0,1.204
501.0,1.182
502.0,1.166
503.0,1.215
504.0,1.186
505.0,1.227
506.0,1.266
507.0,1.205
508.0,1.167
509.0,1.199
510.0,1.192
511.0,1.223
512.0,1.236
513.0,1.17
514.0,1.162
515.0,1.15
516.0,1.148
517.0,1.02
518.0,1.072
519.0,1.124
520.0,1.165
521.0,1.176
522.0,1.178
523.0,1.157
524.0,1.198
525.0,1.213
526.0,1.159
527.0,1.093
528.0,1.156
529.0,1.219
530.0,1.201
531.0,1.219
532.0,1.178
533.0,1.143
534.0,1.177
535.0,1.202
536.0,1.213
537.0,1.165
538.0,1.185
539.0,1.175
540.0,1.127
541.0,1.135
542.0,1.171
543.0,1.158
544.0,1.179
545.0,1.175
546.0,1.181
547.0,1.18
548.0,1.165
549.0,1.169
550.0,1.183
551.0,1.168
552.0,1.176
553.0,1.155
554.0,1.183
555.0,1.185
556.0,1.17
557.0,1.134
558.0,1.126
559.0,1.105
560.0,1.119
561.0,1.134
562.0,1.126
563.0,1.157
564.0,1.126
565.0,1.117
566.0,1.101
567.0,1.122
568.0,1.113
569.0,1.089
570.0,1.089
571.0,1.081
572.0,1.109
573.0,1.121
574.0,1.118
575.0,1.097
576.0,1.087
577.0,1.099
578.0,1.082
579.0,1.085
580.0,1.104
581.0,1.109
582.0,1.128
583.0,1.13
584.0,1.14
585.0,1.111
586.0,1.088
587.0,1.113
588.0,1.089
589.0,0.9704
590.0,1.014
591.0,1.07
592.0,1.058
593.0,1.072
594.0,1.065
595.0,1.041
596.0,1.077
597.0,1.067
598.0,1.063
599.0,1.063
600.0,1.063
601.0,1.054
602.0,1.046
603.0,1.063
604.0,1.081
605.0,1.075
606.0,1.07
607.0,1.08
608.0,1.068
609.0,1.069
610.0,1.061
611.0,1.066
612.0,1.063
613.0,1.049
614.0,1.035
615.0,1.057
616.0,1.022
617.0,1.019
618.0,1.058
619.0,1.048
620.0,1.054
621.0,1.056
622.0,1.044
623.0,1.028
624.0,1.01
625.0,1.008
626.0,1.023
627.0,1.035
628.0,0.9788
629.0,1.015
630.0,0.9919
631.0,1.01
632.0,0.9975
633.0,1.026
634.0,1.015
635.0,1.03
636.0,1.016
637.0,1.032
638.0,1.041
639.0,1.029
640.0,1.018
641.0,1.017
642.0,1.012
643.0,1.026
644.0,1.022
645.0,1.024
646.0,1.001
647.0,0.9926
648.0,0.9939
649.0,0.9748
650.0,0.9754
651.0,1.017
652.0,0.9791
653.0,1.003
654.0,0.9916
655.0,0.957
656.0,0.8465
657.0,0.8691
658.0,0.9728
659.0,0.9791
660.0,0.983
661.0,0.9898
662.0,0.9926
663.0,0.9726
664.0,0.983
665.0,0.9829
666.0,0.9833
667.0,0.9819
668.0,0.9819
669.0,0.9968
670.0,0.9923
671.0,0.9919
672.0,0.9832
673.0,0.9978
674.0,0.9939
675.0,0.9847
676.0,0.9913
677.0,0.9813
678.0,0.984
679.0,0.9679
680.0,0.9756
681.0,0.9691
682.0,0.9678
683.0,0.966
684.0,0.9612
685.0,0.9692
686.0,0.9636
687.0,0.6921
688.0,0.7858
689.0,0.7878
690.0,0.8179
691.0,0.8514
692.0,0.875
693.0,0.8687
694.0,0.8615
695.0,0.8909
696.0,0.8922
697.0,0.9387
698.0,0.9243
699.0,0.9074
700.0,0.8966
701.0,0.8891
702.0,0.8933
703.0,0.8949
704.0,0.9204
705.0,0.9218
706.0,0.9198
707.0,0.92
708.0,0.9221
709.0,0.9215
710.0,0.9224
711.0,0.9205
712.0,0.9169
713.0,0.9084
714.0,0.9117
715.0,0.8848
716.0,0.8859
717.0,0.7875
718.0,0.7267
719.0,0.6678
720.0,0.7009
721.0,0.7617
722.0,0.8584
723.0,0.8059
724.0,0.7338
725.0,0.7248
726.0,0.7572
727.0,0.7635
728.0,0.7238
729.0,0.7439
730.0,0.7869
731.0,0.7552
732.0,0.8005
733.0,0.8403
734.0,0.8584
735.0,0.8416
736.0,0.8404
737.0,0.844
738.0,0.8524
739.0,0.8357
740.0,0.856
741.0,0.8467
742.0,0.8466
743.0,0.8679
744.0,0.8649
745.0,0.8647
746.0,0.8687
747.0,0.8705
748.0,0.8686
749.0,0.8586
750.0,0.8581
751.0,0.8494
752.0,0.853
753.0,0.8572
754.0,0.8592
755.0,0.8543
756.0,0.8539
757.0,0.8551
758.0,0.8446
759.0,0.8301
760.0,0.1921
761.0,0.1133
762.0,0.4782
763.0,0.2718
764.0,0.3792
765.0,0.4785
766.0,0.5617
767.0,0.6837
768.0,0.7693
769.0,0.7812
770.0,0.8029
771.0,0.8072
772.0,0.8082
773.0,0.8137
774.0,0.8096
775.0,0.8034
776.0,0.8131
777.0,0.8024
778.0,0.7975
779.0,0.7982
780.0,0.7936
781.0,0.7944
782.0,0.7994
783.0,0.7854
784.0,0.7891
785.0,0.7834
786.0,0.7922
787.0,0.7804
788.0,0.7716
789.0,0.7716
790.0,0.7541
791.0,0.7577
792.0,0.7518
793.0,0.7399
794.0,0.7495
795.0,0.7629
796.0,0.7435
797.0,0.7446
798.0,0.7624
799.0,0.7583
800.0,0.7461
801.0,0.7447
802.0,0.7425
803.0,0.7373
804.0,0.7379
805.0,0.7344
806.0,0.7531
807.0,0.7445
808.0,0.745
809.0,0.7324
810.0,0.7275
811.0,0.7303
812.0,0.7122
813.0,0.6992
814.0,0.6247
815.0,0.6205
816.0,0.5789
817.0,0.5883
818.0,0.5685
819.0,0.6272
820.0,0.5939
821.0,0.6829
822.0,0.6652
823.0,0.4707
824.0,0.6498
825.0,0.6715
826.0,0.6495
827.0,0.6818
828.0,0.5883
829.0,0.6448
830.0,0.6375
831.0,0.6394
832.0,0.6216
833.0,0.656
834.0,0.6362
835.0,0.6917
836.0,0.6666
837.0,0.6933
838.0,0.6737
839.0,0.6824
840.0,0.6968
841.0,0.6878
842.0,0.688
843.0,0.6862
844.0,0.6774
845.0,0.6993
846.0,0.696
847.0,0.6826
848.0,0.679
849.0,0.6597
850.0,0.632
851.0,0.6697
852.0,0.6647
853.0,0.6394
854.0,0.5524
855.0,0.6064
856.0,0.6629
857.0,0.6773
858.0,0.6725
859.0,0.6728
860.0,0.6738
861.0,0.6702
862.0,0.6806
863.0,0.6967
864.0,0.6618
865.0,0.656
866.0,0.5899
867.0,0.6155
868.0,0.6698
869.0,0.6559
870.0,0.6746
871.0,0.6654
872.0,0.663
873.0,0.6617
874.0,0.6538
875.0,0.6406
876.0,0.6473
877.0,0.6538
878.0,0.661
879.0,0.6508
880.0,0.6368
881.0,0.6275
882.0,0.6412
883.0,0.643
884.0,0.6401
885.0,0.6449
886.0,0.6157
887.0,0.6214
888.0,0.6311
889.0,0.6374
890.0,0.6331
891.0,0.6315
892.0,0.6146
893.0,0.597
894.0,0.5791
895.0,0.5512
896.0,0.5211
897.0,0.4531
898.0,0.4913
899.0,0.3804
900.0,0.4997
901.0,0.3985
902.0,0.4587
903.0,0.4661
904.0,0.5748
905.0,0.5568
906.0,0.5225
907.0,0.4326
908.0,0.4401
909.0,0.4728
910.0,0.4251
911.0,0.4489
912.0,0.4677
913.0,0.4317
914.0,0.4268
915.0,0.462
916.0,0.3932
917.0,0.4913
918.0,0.4033
919.0,0.4985
920.0,0.5
921.0,0.5192
922.0,0.4691
923.0,0.5013
924.0,0.4812
925.0,0.4708
926.0,0.476
927.0,0.5281
928.0,0.4009
929.0,0.3696
930.0,0.2962
931.0,0.2797
932.0,0.2072
933.0,0.1716
934.0,0.1008
935.0,0.173
936.0,0.1122
937.0,0.1143
938.0,0.1389
939.0,0.271
940.0,0.322
941.0,0.2485
942.0,0.2842
943.0,0.1912
944.0,0.1975
945.0,0.2552
946.0,0.1357
947.0,0.2579
948.0,0.1904
949.0,0.3395
950.0,0.1034
951.0,0.3332
952.0,0.1867
953.0,0.2361
954.0,0.2839
955.0,0.2382
956.0,0.2285
957.0,0.1877
958.0,0.3159
959.0,0.2569
960.0,0.2878
961.0,0.3185
962.0,0.302
963.0,0.3442
964.0,0.3166
965.0,0.3424
966.0,0.3435
967.0,0.3424
968.0,0.4454
969.0,0.4663
970.0,0.4301
971.0,0.4864
972.0,0.4664
973.0,0.4121
974.0,0.392
975.0,0.4045
976.0,0.3872
977.0,0.4345
978.0,0.4154
979.0,0.4331
980.0,0.4084
981.0,0.4833
982.0,0.4643
983.0,0.447
984.0,0.4956
985.0,0.4625
986.0,0.5029
987.0,0.4946
988.0,0.4937
989.0,0.5005
990.0,0.4906
991.0,0.5021
992.0,0.5049
993.0,0.4952
994.0,0.5046
995.0,0.5037
996.0,0.5017
997.0,0.5023
998.0,0.5001
999.0,0.4982
1000.0,0.495
1001.0,0.5008
1002.0,0.4885
1003.0,0.492
1004.0,0.4804
1005.0,0.4623
1006.0,0.4806
1007.0,0.4906
1008.0,0.4882
1009.0,0.4859
1010.0,0.484
1011.0,0.4881
1012.0,0.4841
1013.0,0.4868
1014.0,0.4834
1015.0,0.4803
1016.0,0.4781
1017.0,0.4794
1018.0,0.4774
1019.0,0.4678
1020.0,0.475
1021.0,0.4742
1022.0,0.4708
1023.0,0.4758
1024.0,0.4702
1025.0,0.4753
1026.0,0.4734
1027.0,0.4723
1028.0,0.4713
1029.0,0.4658
1030.0,0.4688
1031.0,0.467
1032.0,0.4656
1033.0,0.4586
1034.0,0.4586
1035.0,0.46
1036.0,0.4624
1037.0,0.4549
1038.0,0.4569
1039.0,0.4567
1040.0,0.4549
1041.0,0.4567
1042.0,0.4536
1043.0,0.4521
1044.0,0.4538
1045.0,0.4476
1046.0,0.4427
1047.0,0.4468
1048.0,0.4492
1049.0,0.4477
1050.0,0.4457
1051.0,0.4451
1052.0,0.4433
1053.0,0.4399
1054.0,0.4409
1055.0,0.4412
1056.0,0.4398
1057.0,0.4385
1058.0,0.4278
1059.0,0.4283
1060.0,0.4277
1061.0,0.4273
1062.0,0.4296
1063.0,0.4254
1064.0,0.4304
1065.0,0.4275
1066.0,0.4189
1067.0,0.4244
1068.0,0.4153
1069.0,0.4023
1070.0,0.4161
1071.0,0.4221
1072.0,0.4176
1073.0,0.4115
1074.0,0.4216
1075.0,0.402
1076.0,0.4213
1077.0,0.4147
1078.0,0.4072
1079.0,0.4144
1080.0,0.4083
1081.0,0.396
1082.0,0.401
1083.0,0.4019
1084.0,0.3954
1085.0,0.4091
1086.0,0.3758
1087.0,0.386
1088.0,0.4018
1089.0,0.3909
1090.0,0.3833
1091.0,0.4008
1092.0,0.3995
1093.0,0.3432
1094.0,0.3661
1095.0,0.357
1096.0,0.3431
1097.0,0.3902
1098.0,0.3383
1099.0,0.3521
1100.0,0.3294
1101.0,0.3329
1102.0,0.3192
1103.0,0.317
1104.0,0.3173
1105.0,0.3445
1106.0,0.2713
1107.0,0.3287
1108.0,0.2833
1109.0,0.2829
1110.0,0.3264
1111.0,0.2277
1112.0,0.2804
1113.0,0.1851
1114.0,0.2061
1115.0,0.1711
1116.0,0.1406
1117.0,0.05621
1118.0,0.1515
1119.0,0.07875
1120.0,0.09925
1121.0,0.1295
1122.0,0.0576
1123.0,0.08956
1124.0,0.07564
1125.0,0.09782
1126.0,0.03716
1127.0,0.1101
1128.0,0.06919
1129.0,0.0729
1130.0,0.04943
1131.0,0.2009
1132.0,0.1591
1133.0,0.105
1134.0,0.02944
1135.0,0.0109
1136.0,0.08909
1137.0,0.1986
1138.0,0.1408
1139.0,0.2021
1140.0,0.1719
1141.0,0.1338
1142.0,0.1522
1143.0,0.2129
1144.0,0.07839
1145.0,0.1011
1146.0,0.1091
1147.0,0.04166
1148.0,0.1844
1149.0,0.1496
1150.0,0.08406
1151.0,0.1398
1152.0,0.1692
1153.0,0.1627
1154.0,0.09868
1155.0,0.2109
1156.0,0.1915
1157.0,0.2125
1158.0,0.2102
1159.0,0.2246
1160.0,0.1944
1161.0,0.2348
1162.0,0.2364
1163.0,0.3111
1164.0,0.2699
1165.0,0.2574
1166.0,0.2536
1167.0,0.2747
1168.0,0.2784
1169.0,0.2839
1170.0,0.3062
1171.0,0.2989
1172.0,0.3029
1173.0,0.3055
1174.0,0.2249
1175.0,0.2974
1176.0,0.3236
1177.0,0.3128
1178.0,0.2401
1179.0,0.3261
1180.0,0.2948
1181.0,0.3038
1182.0,0.2153
1183.0,0.2983
1184.0,0.2815
1185.0,0.2732
1186.0,0.3184
1187.0,0.305
1188.0,0.2194
1189.0,0.2845
1190.0,0.3111
1191.0,0.2984
1192.0,0.3151
1193.0,0.3031
1194.0,0.3116
1195.0,0.2968
1196.0,0.2872
1197.0,0.3107
1198.0,0.2858
1199.0,0.2479
1200.0,0.2994
1201.0,0.2904
1202.0,0.2878
1203.0,0.2855
1204.0,0.2523
1205.0,0.293
1206.0,0.321
1207.0,0.2875
1208.0,0.2815
1209.0,0.287
1210.0,0.2979
1211.0,0.2855
1212.0,0.2842
1213.0,0.3115
1214.0,0.29
1215.0,0.285
1216.0,0.3104
1217.0,0.3031
1218.0,0.308
1219.0,0.3046
1220.0,0.3081
1221.0,0.3107
1222.0,0.3032
1223.0,0.3007
1224.0,0.2996
1225.0,0.3088
1226.0,0.3102
1227.0,0.2886
1228.0,0.3113
1229.0,0.3103
1230.0,0.3054
1231.0,0.3126
1232.0,0.3108
1233.0,0.302
1234.0,0.3119
1235.0,0.3102
1236.0,0.3122
1237.0,0.3087
1238.0,0.3112
1239.0,0.3072
1240.0,0.3083
1241.0,0.3073
1242.0,0.3062
1243.0,0.3037
1244.0,0.306
1245.0,0.3072
1246.0,0.3054
1247.0,0.3043
1248.0,0.3044
1249.0,0.3051
1250.0,0.3034
1251.0,0.2998
1252.0,0.2995
1253.0,0.2977
1254.0,0.2953
1255.0,0.2993
1256.0,0.2922
1257.0,0.2908
1258.0,0.2953
1259.0,0.2865
1260.0,0.2878
1261.0,0.2741
1262.0,0.2671
1263.0,0.2677
1264.0,0.2501
1265.0,0.2659
1266.0,0.2577
1267.0,0.261
1268.0,0.2495
1269.0,0.1682
1270.0,0.2605
1271.0,0.2729
1272.0,0.2735
1273.0,0.2708
1274.0,0.2713
1275.0,0.2748
1276.0,0.277
1277.0,0.2783
1278.0,0.2826
1279.0,0.2802
1280.0,0.2765
1281.0,0.2634
1282.0,0.2531
1283.0,0.2727
1284.0,0.2794
1285.0,0.2811
1286.0,0.2845
1287.0,0.2809
1288.0,0.2806
1289.0,0.2732
1290.0,0.278
1291.0,0.2816
1292.0,0.2674
1293.0,0.2769
1294.0,0.2751
1295.0,0.2744
1296.0,0.2639
1297.0,0.2511
1298.0,0.2673
1299.0,0.2769
1300.0,0.2394
1301.0,0.2458
1302.0,0.2663
1303.0,0.2357
1304.0,0.2058
1305.0,0.2612
1306.0,0.2616
1307.0,0.2086
1308.0,0.2353
1309.0,0.2599
1310.0,0.2048
1311.0,0.2267
1312.0,0.2213
1313.0,0.2178
1314.0,0.1966
1315.0,0.1951
1316.0,0.2239
1317.0,0.2126
1318.0,0.2292
1319.0,0.1847
1320.0,0.1777
1321.0,0.2051
1322.0,0.208
1323.0,0.1611
1324.0,0.1811
1325.0,0.221
1326.0,0.1926
1327.0,0.1844
1328.0,0.1605
1329.0,0.1244
1330.0,0.16
1331.0,0.1012
1332.0,0.1029
1333.0,0.1421
1334.0,0.1183
1335.0,0.1605
1336.0,0.1293
1337.0,0.1157
1338.0,0.125
1339.0,0.1239
1340.0,0.1193
1341.0,0.1192
1342.0,0.125
1343.0,0.0904
1344.0,0.05393
1345.0,0.0772
1346.0,0.04224
1347.0,0.04361
1348.0,0.003618
1349.0,0.01208
1350.0,0.01192
1351.0,0.003608
1352.0,0.001224
1353.0,8.162e-05
1354.0,0.0002382
1355.0,3.279e-06
1356.0,4.077e-05
1357.0,6.157e-05
1358.0,3.801e-06
1359.0,7.097e-07
1360.0,2.001e-06
1361.0,5.231e-09
1362.0,2.098e-11
1363.0,2.993e-06
1364.0,1.29e-06
1365.0,1.153e-11
1366.0,1.176e-05
1367.0,4.577e-06
1368.0,2.187e-13
1369.0,4.958e-07
1370.0,2.883e-07
1371.0,2.033e-08
1372.0,2.526e-06
1373.0,3.869e-05
1374.0,0.0001495
1375.0,0.000271
1376.0,0.0002124
1377.0,0.0001017
1378.0,0.0009052
1379.0,4.321e-05
1380.0,6.923e-05
1381.0,2.053e-06
1382.0,2.385e-06
1383.0,4.241e-08
1384.0,5.974e-07
1385.0,1.884e-06
1386.0,2.377e-06
1387.0,0.0001713
1388.0,3.507e-06
1389.0,0.0004783
1390.0,0.000411
1391.0,0.0002871
1392.0,2.017e-05
1393.0,9.636e-05
1394.0,6.626e-05
1395.0,6.17e-07
1396.0,6.743e-09
1397.0,4.142e-05
1398.0,0.001033
1399.0,0.0006551
1400.0,3.62e-09
1401.0,1.119e-08
1402.0,0.001435
1403.0,0.001883
1404.0,0.0005855
1405.0,3.465e-07
1406.0,0.001636
1407.0,0.0001396
1408.0,0.001323
1409.0,0.0005089
1410.0,0.0003778
1411.0,0.001643
1412.0,0.002079
1413.0,0.01756
1414.0,0.0002937
1415.0,0.0001507
1416.0,0.02606
1417.0,0.008836
1418.0,0.01014
1419.0,0.001622
1420.0,0.006243
1421.0,0.006804
1422.0,0.03373
1423.0,0.006798
1424.0,0.01251
1425.0,0.01873
1426.0,0.02041
1427.0,0.03556
1428.0,0.00346
1429.0,0.02746
1430.0,0.04467
1431.0,0.04853
1432.0,0.002751
1433.0,0.03162
1434.0,0.01645
1435.0,0.01772
1436.0,0.03218
1437.0,0.02467
1438.0,0.01098
1439.0,0.04288
1440.0,0.03222
1441.0,0.0255
1442.0,0.0281
1443.0,0.03385
1444.0,0.04626
1445.0,0.03735
1446.0,0.01716
1447.0,0.02698
1448.0,0.08313
1449.0,0.0733
1450.0,0.01996
1451.0,0.0083
1452.0,0.04519
1453.0,0.05869
1454.0,0.09693
1455.0,0.04713
1456.0,0.06392
1457.0,0.08351
1458.0,0.0963
1459.0,0.1142
1460.0,0.06062
1461.0,0.06425
1462.0,0.09238
1463.0,0.03108
1464.0,0.1077
1465.0,0.06525
1466.0,0.04735
1467.0,0.02595
1468.0,0.05524
1469.0,0.06725
1470.0,0.03543
1471.0,0.01312
1472.0,0.03397
1473.0,0.04979
1474.0,0.06991
1475.0,0.1285
1476.0,0.04897
1477.0,0.0498
1478.0,0.04506
1479.0,0.0851
1480.0,0.04301
1481.0,0.08165
1482.0,0.04124
1483.0,0.1049
1484.0,0.09693
1485.0,0.08741
1486.0,0.0865
1487.0,0.04158
1488.0,0.06946
1489.0,0.1323
1490.0,0.1217
1491.0,0.1363
1492.0,0.1157
1493.0,0.1264
1494.0,0.1404
1495.0,0.1253
1496.0,0.1177
1497.0,0.1568
1498.0,0.1304
1499.0,0.1512
1500.0,0.1712
1501.0,0.1801
1502.0,0.1525
1503.0,0.1319
1504.0,0.1076
1505.0,0.1275
1506.0,0.1785
1507.0,0.173
1508.0,0.1648
1509.0,0.1298
1510.0,0.185
1511.0,0.18
1512.0,0.1775
1513.0,0.1652
1514.0,0.1556
1515.0,0.1818
1516.0,0.1747
1517.0,0.1719
1518.0,0.1712
1519.0,0.1682
1520.0,0.1792
1521.0,0.1883
1522.0,0.1808
1523.0,0.1909
1524.0,0.1863
1525.0,0.1795
1526.0,0.1821
1527.0,0.1805
1528.0,0.1903
1529.0,0.1816
1530.0,0.1788
1531.0,0.1838
1532.0,0.1896
1533.0,0.1893
1534.0,0.1863
1535.0,0.186
1536.0,0.1891
1537.0,0.1855
1538.0,0.1867
1539.0,0.184
1540.0,0.1841
1541.0,0.1856
1542.0,0.1842
1543.0,0.1871
1544.0,0.1855
1545.0,0.1884
1546.0,0.1858
1547.0,0.1829
1548.0,0.1828
1549.0,0.1842
1550.0,0.183
1551.0,0.1845
1552.0,0.1835
1553.0,0.1819
1554.0,0.1804
1555.0,0.1808
1556.0,0.1808
1557.0,0.1829
1558.0,0.1819
1559.0,0.1807
1560.0,0.182
1561.0,0.1832
1562.0,0.1811
1563.0,0.1796
1564.0,0.1804
1565.0,0.1806
1566.0,0.1783
1567.0,0.1785
1568.0,0.1767
1569.0,0.1776
1570.0,0.1792
1571.0,0.1805
1572.0,0.1793
1573.0,0.1781
1574.0,0.1719
1575.0,0.1699
1576.0,0.1676
1577.0,0.1634
1578.0,0.1717
1579.0,0.1735
1580.0,0.1748
1581.0,0.1722
1582.0,0.1686
1583.0,0.1695
1584.0,0.1721
1585.0,0.1738
1586.0,0.1719
1587.0,0.169
1588.0,0.1638
1589.0,0.1587
1590.0,0.1624
1591.0,0.1663
1592.0,0.1715
1593.0,0.1739
1594.0,0.1738
1595.0,0.1714
1596.0,0.1664
1597.0,0.1708
1598.0,0.1728
1599.0,0.1709
1600.0,0.1697
1601.0,0.1674
1602.0,0.1681
1603.0,0.1695
1604.0,0.1682
1605.0,0.1681
1606.0,0.1662
1607.0,0.1677
1608.0,0.1678
1609.0,0.1632
1610.0,0.1598
1611.0,0.1626
1612.0,0.1644
1613.0,0.1648
1614.0,0.1647
1615.0,0.161
1616.0,0.1585
1617.0,0.1618
1618.0,0.1644
1619.0,0.1616
1620.0,0.1579
1621.0,0.1598
1622.0,0.1623
1623.0,0.1647
1624.0,0.1629
1625.0,0.1622
1626.0,0.1627
1627.0,0.1638
1628.0,0.1635
1629.0,0.162
1630.0,0.1611
1631.0,0.1604
1632.0,0.1599
1633.0,0.1556
1634.0,0.1585
1635.0,0.157
1636.0,0.1552
1637.0,0.1533
1638.0,0.1456
1639.0,0.1501
1640.0,0.1452
1641.0,0.1491
1642.0,0.1518
1643.0,0.1454
1644.0,0.1517
1645.0,0.1486
1646.0,0.1462
1647.0,0.1541
1648.0,0.1456
1649.0,0.1509
1650.0,0.1518
1651.0,0.1432
1652.0,0.1508
1653.0,0.1519
1654.0,0.1455
1655.0,0.1519
1656.0,0.1501
1657.0,0.1509
1658.0,0.1522
1659.0,0.1513
1660.0,0.1526
1661.0,0.152
1662.0,0.1485
1663.0,0.151
1664.0,0.1499
1665.0,0.1431
1666.0,0.122
1667.0,0.1418
1668.0,0.1455
1669.0,0.1468
1670.0,0.1489
1671.0,0.145
1672.0,0.143
1673.0,0.1462
1674.0,0.1437
1675.0,0.1414
1676.0,0.1422
1677.0,0.1423
1678.0,0.1389
1679.0,0.1406
1680.0,0.1351
1681.0,0.1316
1682.0,0.1381
1683.0,0.141
1684.0,0.1333
1685.0,0.1427
1686.0,0.1423
1687.0,0.138
1688.0,0.1416
1689.0,0.1401
1690.0,0.1401
1691.0,0.1303
1692.0,0.1399
1693.0,0.143
1694.0,0.1386
1695.0,0.1417
1696.0,0.1415
1697.0,0.123
1698.0,0.1405
1699.0,0.1387
1700.0,0.1354
1702.0,0.1372
1705.0,0.1339
1710.0,0.1275
1715.0,0.1278
1720.0,0.1262
1725.0,0.1191
1730.0,0.1176
1735.0,0.11
1740.0,0.1117
1745.0,0.1055
1750.0,0.1123
1755.0,0.1042
1760.0,0.1083
1765.0,0.09019
1770.0,0.09637
1775.0,0.07891
1780.0,0.06851
1785.0,0.05293
1790.0,0.06095
1795.0,0.03287
1800.0,0.02236
1805.0,0.01058
1810.0,0.006888
1815.0,0.002521
1820.0,0.0007425
1825.0,0.0009674
1830.0,4.54e-06
1835.0,5.403e-06
1840.0,5.859e-08
1845.0,5.711e-06
1850.0,2.76e-06
1855.0,2.636e-07
1860.0,9.463e-06
1865.0,1.468e-05
1870.0,2.916e-10
1875.0,5.016e-10
1880.0,6.338e-05
1885.0,3.632e-05
1890.0,0.0001843
1895.0,0.0001056
1900.0,7.717e-07
1905.0,5.051e-07
1910.0,1.983e-05
1915.0,1.663e-05
1920.0,0.0003603
1925.0,0.0007225
1930.0,0.0004278
1935.0,0.002652
1940.0,0.002425
1945.0,0.008958
1950.0,0.01639
1955.0,0.01539
1960.0,0.0249
1965.0,0.03497
1970.0,0.04756
1975.0,0.05331
1980.0,0.05338
1985.0,0.05693
1990.0,0.05879
1995.0,0.06162
2000.0,0.06456
2005.0,0.05566
2010.0,0.07622
2015.0,0.06222
2020.0,0.06599
2025.0,0.0709
2030.0,0.06606
2035.0,0.07093
2040.0,0.06828
2045.0,0.07025
2050.0,0.07097
2055.0,0.06853
2060.0,0.06652
2065.0,0.06745
2070.0,0.0668
2075.0,0.06804
2080.0,0.06641
2085.0,0.066
2090.0,0.06647
2095.0,0.06467
2100.0,0.06107
2105.0,0.06513
2110.0,0.06274
2115.0,0.06391
2120.0,0.06051
2125.0,0.06115
2130.0,0.06172
2135.0,0.06196
2140.0,0.06233
2145.0,0.06171
2150.0,0.05848
2155.0,0.05839
2160.0,0.05771
2165.0,0.05283
2170.0,0.056
2175.0,0.05502
2180.0,0.05615
2185.0,0.05106
2190.0,0.05441
2195.0,0.054
2200.0,0.0486
2205.0,0.05051
2210.0,0.05403
2215.0,0.05204
2220.0,0.05296
2225.0,0.05153
2230.0,0.05174
2235.0,0.05063
2240.0,0.05006
2245.0,0.04843
2250.0,0.04929
2255.0,0.04649
2260.0,0.04588
2265.0,0.04682
2270.0,0.04451
2275.0,0.04389
2280.0,0.04546
2285.0,0.04303
2290.0,0.04301
2295.0,0.04188
2300.0,0.04007
2305.0,0.04034
2310.0,0.04354
2315.0,0.03958
2320.0,0.03525
2325.0,0.03853
2330.0,0.03869
2335.0,0.03943
2340.0,0.03142
2345.0,0.03505
2350.0,0.02825
2355.0,0.03244
2360.0,0.03421
2365.0,0.03365
2370.0,0.02102
2375.0,0.03015
2380.0,0.02881
2385.0,0.0212
2390.0,0.02484
2395.0,0.02723
2400.0,0.0296
2405.0,0.0228
2410.0,0.02292
2415.0,0.01871
2420.0,0.01803
2425.0,0.02248
2430.0,0.03012
2435.0,0.01024
2440.0,0.0293
2445.0,0.01427
2450.0,0.00942
2455.0,0.01703
2460.0,0.0227
2465.0,0.01657
2470.0,0.0116
2475.0,0.01141
2480.0,0.005672
2485.0,0.004008
2490.0,0.002531
2495.0,0.0022
2500.0,0.005053
2505.0,0.001109
2510.0,0.001624
2515.0,0.0003947
2520.0,0.0002986
2525.0,3.393e-05
2530.0,6.071e-07
2535.0,1.755e-07
2540.0,3.652e-07
2545.0,6.024e-11
2550.0,3.526e-13
2555.0,1.16e-09
2560.0,3.47e-11
2565.0,2.151e-14
2570.0,2.689e-18
2575.0,3.331e-27
2580.0,9.112e-22
2585.0,8.249e-34
2590.0,2.2530000000000003e-30
2595.0,6.769e-33
2600.0,1.577e-27
2605.0,2.157e-34
2610.0,2.7939999999999998e-33
2615.0,6.2029999999999995e-37
2620.0,1.571e-28
2625.0,1.399e-27
2630.0,2.102e-44
2635.0,5.977e-16
2640.0,1.936e-16
2645.0,1.683e-18
2650.0,2.978e-19
2655.0,4.373e-27
2660.0,7.531000000000001e-25
2665.0,1.506e-36
2670.0,0.0
2675.0,8.404e-36
2680.0,1.071e-23
2685.0,1.375e-24
2690.0,1.1929999999999999e-23
2695.0,2.5380000000000002e-26
2700.0,5.269e-22
2705.0,1.099e-19
2710.0,6.79e-25
2715.0,2.9969999999999997e-22
2720.0,2.074e-42
2725.0,8.813e-21
2730.0,5.777e-18
2735.0,6.041e-20
2740.0,1.477e-25
2745.0,1.0450000000000001e-20
2750.0,5.99e-20
2755.0,1.193e-21
2760.0,6.705e-17
2765.0,1.0409999999999999e-22
2770.0,3.395e-20
2775.0,2.772e-17
2780.0,3.431e-15
2785.0,6.702e-15
2790.0,2.071e-12
2795.0,7.561e-13
2800.0,5.138e-10
2805.0,9.818e-12
2810.0,2.683e-08
2815.0,8.256e-09
2820.0,1.471e-10
2825.0,6.558e-07
2830.0,9.373e-06
2835.0,4.286e-10
2840.0,3.721e-07
2845.0,6.803e-05
2850.0,1.955e-06
2855.0,5.924e-07
2860.0,2.722e-05
2865.0,0.0001662
2870.0,6.569e-06
2875.0,0.0003534
2880.0,0.0002093
2885.0,0.0003713
2890.0,0.0001491
2895.0,0.002026
2900.0,0.0006251
2905.0,8.919e-05
2910.0,0.002048
2915.0,0.0009671
2920.0,0.002182
2925.0,0.0008246
2930.0,0.004387
2935.0,0.004842
2940.0,0.001247
2945.0,0.001118
2950.0,0.00393
2955.0,0.001756
2960.0,0.003468
2965.0,0.005568
2970.0,0.0002794
2975.0,0.0006793
2980.0,0.001059
2985.0,0.005252
2990.0,0.007566
2995.0,0.003222
3000.0,0.005749
3005.0,0.002172
3010.0,0.005073
3015.0,0.004154
3020.0,0.0004979
3025.0,0.005522
3030.0,0.00446
3035.0,0.001846
3040.0,0.001497
3045.0,0.003102
3050.0,0.0007785
3055.0,0.0002242
3060.0,0.004566
3065.0,0.002151
3070.0,0.001309
3075.0,0.004369
3080.0,0.002646
3085.0,0.001321
3090.0,0.001777
3095.0,0.0005021
3100.0,0.00323
3105.0,0.0006964
3110.0,0.0006507
3115.0,0.001696
3120.0,0.007179
3125.0,0.002254
3130.0,0.004227
3135.0,0.008334
3140.0,0.00247
3145.0,0.00241
3150.0,0.004882
3155.0,0.004129
3160.0,0.006724
3165.0,0.01004
3170.0,0.008993
3175.0,0.006639
3180.0,0.007634
3185.0,0.005814
3190.0,0.003081
3195.0,0.001983
3200.0,0.0003348
3205.0,0.0002393
3210.0,0.0001062
3215.0,0.0003812
3220.0,0.001185
3225.0,0.0001521
3230.0,0.0002562
3235.0,0.005222
3240.0,0.002679
3245.0,0.0005406
3250.0,0.001856
3255.0,0.007037
3260.0,0.0008871
3265.0,0.00178
3270.0,0.0008876
3275.0,0.00424
3280.0,0.00205
3285.0,0.007809
3290.0,0.00611
3295.0,0.0008799
3300.0,0.001265
3305.0,0.002825
3310.0,0.002787
3315.0,1.119e-05
3320.0,4.472e-05
3325.0,0.002504
3330.0,0.003339
3335.0,0.006439
3340.0,0.002518
3345.0,0.002555
3350.0,0.005789
3355.0,0.002642
3360.0,0.003815
3365.0,0.005178
3370.0,0.002839
3375.0,0.006093
3380.0,0.003662
3385.0,0.005379
3390.0,0.007012
3395.0,0.006772
3400.0,0.008829
3405.0,0.003177
3410.0,0.005082
3415.0,0.005139
3420.0,0.009313
3425.0,0.007066
3430.0,0.006143
3435.0,0.008224
3440.0,0.005711
3445.0,0.008005
3450.0,0.007897
3455.0,0.005885
3460.0,0.008849
3465.0,0.006906
3470.0,0.008641
3475.0,0.007714
3480.0,0.007909
3485.0,0.008505
3490.0,0.007333
3495.0,0.008595
3500.0,0.008377
3505.0,0.008313
3510.0,0.008423
3515.0,0.008075
3520.0,0.008509
3525.0,0.008003
3530.0,0.007813
3535.0,0.006608
3540.0,0.006321
3545.0,0.006663
3550.0,0.007363
3555.0,0.006354
3560.0,0.00754
3565.0,0.007549
3570.0,0.005861
3575.0,0.006063
3580.0,0.007114
3585.0,0.006402
3590.0,0.006623
3595.0,0.006752
3600.0,0.007169
3605.0,0.007203
3610.0,0.006631
3615.0,0.006618
3620.0,0.008069
3625.0,0.007093
3630.0,0.006931
3635.0,0.007146
3640.0,0.007944
3645.0,0.007301
3650.0,0.006988
3655.0,0.007547
3660.0,0.007518
3665.0,0.007048
3670.0,0.005489
3675.0,0.003378
3680.0,0.005734
3685.0,0.006485
3690.0,0.006692
3695.0,0.006929
3700.0,0.007424
3705.0,0.007337
3710.0,0.006423
3715.0,0.006329
3720.0,0.00713
3725.0,0.007319
3730.0,0.006379
3735.0,0.005854
3740.0,0.005995
3745.0,0.006956
3750.0,0.006349
3755.0,0.006163
3760.0,0.006109
3765.0,0.005889
3770.0,0.006284
3775.0,0.006212
3780.0,0.006575
3785.0,0.006056
3790.0,0.00536
3795.0,0.006092
3800.0,0.006803
3805.0,0.00641
3810.0,0.005719
3815.0,0.00536
3820.0,0.006647
3825.0,0.00652
3830.0,0.006608
3835.0,0.005313
3840.0,0.006201
3845.0,0.006058
3850.0,0.006096
3855.0,0.00585
3860.0,0.005489
3865.0,0.005528
3870.0,0.005041
3875.0,0.004617
3880.0,0.00447
3885.0,0.004615
3890.0,0.004679
3895.0,0.005103
3900.0,0.005402
3905.0,0.005388
3910.0,0.004861
3915.0,0.004747
3920.0,0.00474
3925.0,0.004665
3930.0,0.004813
3935.0,0.005003
3940.0,0.005062
3945.0,0.005142
3950.0,0.00521
3955.0,0.00526
3960.0,0.005305
3965.0,0.005346
3970.0,0.00529
3975.0,0.00516
3980.0,0.005091
3985.0,0.005103
3990.0,0.005038
3995.0,0.004934
4000.0,0.004737
