interpolation:linear
wavelength,value
280.0,3.019e-23
280.5,1.023e-21
281.0,5.564e-21
281.5,1.823e-19
282.0,4.607e-19
282.5,1.047e-18
283.0,3.202e-18
283.5,5.192e-18
284.0,8.487e-17
284.5,2.496e-16
285.0,1.079e-15
285.5,3.503e-15
286.0,1.319e-14
286.5,5.438e-14
287.0,1.507e-13
287.5,5.647e-13
288.0,1.577e-12
288.5,4.458e-12
289.0,1.146e-11
289.5,3.395e-11
290.0,9.373e-11
290.5,1.913e-10
291.0,4.119e-10
291.5,1.189e-09
292.0,2.433e-09
292.5,3.379e-09
293.0,7.16e-09
293.5,1.718e-08
294.0,2.677e-08
294.5,3.102e-08
295.0,5.209e-08
295.5,8.8e-08
296.0,1.637e-07
296.5,2.203e-07
297.0,2.882e-07
297.5,7.327e-07
298.0,1.099e-06
298.5,1.062e-06
299.0,2.246e-06
299.5,3.454e-06
300.0,3.628e-06
300.5,5.005e-06
301.0,8.343e-06
301.5,1.229e-05
302.0,1.009e-05
302.5,1.884e-05
303.0,3.18e-05
303.5,3.888e-05
304.0,3.663e-05
304.5,5.546e-05
305.0,8.692e-05
305.5,0.0001023
306.0,0.0001002
306.5,0.0001274
307.0,0.0001996
307.5,0.0002818
308.0,0.0003006
308.5,0.0003667
309.0,0.0003524
309.5,0.0005001
310.0,0.0005556
310.5,0.0009461
311.0,0.00129
311.5,0.001291
312.0,0.001549
312.5,0.00213
313.0,0.002463
313.5,0.002252
314.0,0.003264
314.5,0.003531
315.0,0.004807
315.5,0.003646
316.0,0.003747
316.5,0.006199
317.0,0.007673
317.5,0.007663
318.0,0.006586
318.5,0.00987
319.0,0.01288
319.5,0.008998
320.0,0.01062
320.5,0.01612
321.0,0.01712
321.5,0.0167
322.0,0.01472
322.5,0.01292
323.0,0.01456
323.5,0.02271
324.0,0.02718
324.5,0.02582
325.0,0.01869
325.5,0.02657
326.0,0.03814
326.5,0.04143
327.0,0.04005
327.5,0.0372
328.0,0.02958
328.5,0.03559
329.0,0.04724
329.5,0.05528
330.0,0.05437
330.5,0.04017
331.0,0.03981
331.5,0.04293
332.0,0.05046
332.5,0.05183
333.0,0.05055
333.5,0.04298
334.0,0.04356
334.5,0.05393
335.0,0.05276
335.5,0.06307
336.0,0.04363
336.5,0.04892
337.0,0.03895
337.5,0.04792
338.0,0.04956
338.5,0.05899
339.0,0.05862
339.5,0.05624
340.0,0.06416
340.5,0.05816
341.0,0.05821
341.5,0.05384
342.0,0.06447
342.5,0.06045
343.0,0.06617
343.5,0.06211
344.0,0.04471
344.5,0.04611
345.0,0.06154
345.5,0.06308
346.0,0.05375
346.5,0.06097
347.0,0.06519
347.5,0.05265
348.0,0.06032
348.5,0.06048
349.0,0.05619
349.5,0.05562
350.0,0.06884
350.5,0.07261
351.0,0.06471
351.5,0.06252
352.0,0.06742
352.5,0.05279
353.0,0.06665
353.5,0.07138
354.0,0.07419
354.5,0.07525
355.0,0.07494
355.5,0.06777
356.0,0.07098
356.5,0.06062
357.0,0.05009
357.5,0.06135
358.0,0.04865
358.5,0.0416
359.0,0.05816
359.5,0.07399
360.0,0.0785
360.5,0.06282
361.0,0.05733
361.5,0.06609
362.0,0.05722
362.5,0.07926
363.0,0.07124
363.5,0.06566
364.0,0.08035
364.5,0.0687
365.0,0.06999
365.5,0.0879
366.0,0.0932
366.5,0.08764
367.0,0.0854
367.5,0.08867
368.0,0.07763
368.5,0.07836
369.0,0.08468
369.5,0.09032
370.0,0.09635
370.5,0.07483
371.0,0.08002
371.5,0.1002
372.0,0.06651
372.5,0.0798
373.0,0.08123
373.5,0.05289
374.0,0.07689
374.5,0.06373
375.0,0.06198
375.5,0.09258
376.0,0.07679
376.5,0.07962
377.0,0.08436
377.5,0.09876
378.0,0.1071
378.5,0.1013
379.0,0.08361
379.5,0.0764
380.0,0.07947
380.5,0.09634
381.0,0.09664
381.5,0.07669
382.0,0.06818
382.5,0.05819
383.0,0.05392
383.5,0.05198
384.0,0.05739
384.5,0.08448
385.0,0.08384
385.5,0.07816
386.0,0.067
386.5,0.08809
387.0,0.07325
387.5,0.08233
388.0,0.07608
388.5,0.07527
389.0,0.08131
389.5,0.09857
390.0,0.09901
390.5,0.0912
391.0,0.1074
391.5,0.1097
392.0,0.09244
392.5,0.08285
393.0,0.04615
393.5,0.03358
394.0,0.06838
394.5,0.08703
395.0,0.1063
395.5,0.108
396.0,0.09374
396.5,0.05487
397.0,0.04122
397.5,0.08391
398.0,0.1176
398.5,0.1216
399.0,0.1319
399.5,0.1316
400.0,0.1367
401.0,0.1363
402.0,0.1441
403.0,0.1372
404.0,0.1353
405.0,0.1355
406.0,0.1336
407.0,0.1318
408.0,0.137
409.0,0.1469
410.0,0.1286
411.0,0.1396
412.0,0.1504
413.0,0.1468
414.0,0.1489
415.0,0.1497
416.0,0.1526
417.0,0.1491
418.0,0.1466
419.0,0.1488
420.0,0.1484
421.0,0.1556
422.0,0.1481
423.0,0.1449
424.0,0.1534
425.0,0.1534
426.0,0.1499
427.0,0.1473
428.0,0.1438
429.0,0.1366
430.0,0.1198
431.0,0.1188
432.0,0.1538
433.0,0.1549
434.0,0.144
435.0,0.1505
436.0,0.1701
437.0,0.1683
438.0,0.1536
439.0,0.1585
440.0,0.1639
441.0,0.1701
442.0,0.1827
443.0,0.1778
444.0,0.1822
445.0,0.1785
446.0,0.171
447.0,0.1856
448.0,0.1883
449.0,0.1897
450.0,0.1953
451.0,0.2029
452.0,0.1958
453.0,0.1846
454.0,0.1932
455.0,0.1945
456.0,0.1994
457.0,0.2027
458.0,0.1955
459.0,0.1946
460.0,0.1949
461.0,0.1996
462.0,0.2016
463.0,0.2004
464.0,0.198
465.0,0.1963
466.0,0.1989
467.0,0.1951
468.0,0.1975
469.0,0.1985
470.0,0.1921
471.0,0.1921
472.0,0.2025
473.0,0.1999
474.0,0.1998
475.0,0.201
476.0,0.1941
477.0,0.194
478.0,0.1995
479.0,0.1986
480.0,0.1994
481.0,0.2037
482.0,0.2054
483.0,0.2038
484.0,0.2002
485.0,0.1914
486.0,0.168
487.0,0.1767
488.0,0.1938
489.0,0.1943
490.0,0.2048
491.0,0.2016
492.0,0.1906
493.0,0.197
494.0,0.1991
495.0,0.201
496.0,0.2023
497.0,0.2054
498.0,0.1957
499.0,0.1978
500.0,0.1915
501.0,0.1873
502.0,0.1836
503.0,0.19
504.0,0.1823
505.0,0.1912
506.0,0.1974
507.0,0.1881
508.0,0.1832
509.0,0.1892
510.0,0.1889
511.0,0.1948
512.0,0.1973
513.0,0.1869
514.0,0.1858
515.0,0.184
516.0,0.1835
517.0,0.1631
518.0,0.1715
519.0,0.1798
520.0,0.1863
521.0,0.1879
522.0,0.1879
523.0,0.1843
524.0,0.1902
525.0,0.1915
526.0,0.1826
527.0,0.1713
528.0,0.1807
529.0,0.1899
530.0,0.1868
531.0,0.1892
532.0,0.1825
533.0,0.1771
534.0,0.1827
535.0,0.1871
536.0,0.1892
537.0,0.1821
538.0,0.1855
539.0,0.1838
540.0,0.176
541.0,0.176
542.0,0.181
543.0,0.1798
544.0,0.1821
545.0,0.1817
546.0,0.1818
547.0,0.1824
548.0,0.1807
549.0,0.1814
550.0,0.1836
551.0,0.1815
552.0,0.1827
553.0,0.1793
554.0,0.1835
555.0,0.1836
556.0,0.1811
557.0,0.1751
558.0,0.1733
559.0,0.1694
560.0,0.1711
561.0,0.1728
562.0,0.1709
563.0,0.1748
564.0,0.1694
565.0,0.1674
566.0,0.1644
567.0,0.1668
568.0,0.1636
569.0,0.1566
570.0,0.1569
571.0,0.1566
572.0,0.1582
573.0,0.1595
574.0,0.1584
575.0,0.1547
576.0,0.1533
577.0,0.1553
578.0,0.1539
579.0,0.1561
580.0,0.1615
581.0,0.1642
582.0,0.169
583.0,0.1707
584.0,0.1731
585.0,0.1695
586.0,0.1661
587.0,0.1688
588.0,0.1608
589.0,0.1351
590.0,0.1417
591.0,0.1546
592.0,0.1499
593.0,0.1555
594.0,0.1532
595.0,0.146
596.0,0.1584
597.0,0.1547
598.0,0.1563
599.0,0.1572
600.0,0.159
601.0,0.1589
602.0,0.1581
603.0,0.1614
604.0,0.1645
605.0,0.1641
606.0,0.1641
607.0,0.1665
608.0,0.1653
609.0,0.1663
610.0,0.1657
611.0,0.1673
612.0,0.1673
613.0,0.1656
614.0,0.164
615.0,0.1683
616.0,0.1632
617.0,0.1633
618.0,0.17
619.0,0.1686
620.0,0.1697
621.0,0.1694
622.0,0.1673
623.0,0.1647
624.0,0.1622
625.0,0.1615
626.0,0.1636
627.0,0.1637
628.0,0.1336
629.0,0.1528
630.0,0.1485
631.0,0.1584
632.0,0.1579
633.0,0.1654
634.0,0.1661
635.0,0.1698
636.0,0.1688
637.0,0.1726
638.0,0.176
639.0,0.1749
640.0,0.1743
641.0,0.1749
642.0,0.1751
643.0,0.1776
644.0,0.1779
645.0,0.1777
646.0,0.1712
647.0,0.1633
648.0,0.1646
649.0,0.1599
650.0,0.1683
651.0,0.1768
652.0,0.163
653.0,0.1752
654.0,0.1736
655.0,0.1638
656.0,0.1475
657.0,0.1521
658.0,0.173
659.0,0.1752
660.0,0.1768
661.0,0.1789
662.0,0.1785
663.0,0.1752
664.0,0.1789
665.0,0.1805
666.0,0.1811
667.0,0.1816
668.0,0.1825
669.0,0.1859
670.0,0.1855
671.0,0.1859
672.0,0.1846
673.0,0.1878
674.0,0.1875
675.0,0.1862
676.0,0.1878
677.0,0.1863
678.0,0.1871
679.0,0.1844
680.0,0.1861
681.0,0.185
682.0,0.1849
683.0,0.1846
684.0,0.1836
685.0,0.1856
686.0,0.184
687.0,0.05194
688.0,0.08411
689.0,0.08536
690.0,0.1
691.0,0.1192
692.0,0.1364
693.0,0.1353
694.0,0.1382
695.0,0.1544
696.0,0.1556
697.0,0.1766
698.0,0.1736
699.0,0.1611
700.0,0.1587
701.0,0.1531
702.0,0.1575
703.0,0.1596
704.0,0.1697
705.0,0.1695
706.0,0.1711
707.0,0.1722
708.0,0.1722
709.0,0.1763
710.0,0.174
711.0,0.1753
712.0,0.1768
713.0,0.173
714.0,0.1745
715.0,0.1652
716.0,0.1645
717.0,0.1142
718.0,0.1038
719.0,0.09296
720.0,0.09412
721.0,0.1185
722.0,0.1525
723.0,0.1341
724.0,0.1104
725.0,0.1062
726.0,0.1117
727.0,0.12
728.0,0.1049
729.0,0.118
730.0,0.1214
731.0,0.115
732.0,0.1338
733.0,0.1503
734.0,0.1575
735.0,0.1523
736.0,0.1509
737.0,0.152
738.0,0.1632
739.0,0.1606
740.0,0.1672
741.0,0.167
742.0,0.169
743.0,0.1738
744.0,0.1744
745.0,0.1754
746.0,0.1762
747.0,0.1769
748.0,0.1766
749.0,0.1747
750.0,0.1747
751.0,0.173
752.0,0.1739
753.0,0.1749
754.0,0.1753
755.0,0.1742
756.0,0.1743
757.0,0.1745
758.0,0.1721
759.0,0.162
760.0,0.002708
761.0,0.001333
762.0,0.02169
763.0,0.004816
764.0,0.01046
765.0,0.02153
766.0,0.04193
767.0,0.08075
768.0,0.1277
769.0,0.1399
770.0,0.1565
771.0,0.1633
772.0,0.1654
773.0,0.167
774.0,0.1666
775.0,0.1656
776.0,0.1678
777.0,0.1657
778.0,0.1646
779.0,0.1648
780.0,0.164
781.0,0.1642
782.0,0.1654
783.0,0.1627
784.0,0.1637
785.0,0.162
786.0,0.1634
787.0,0.1556
788.0,0.1517
789.0,0.1519
790.0,0.1424
791.0,0.1493
792.0,0.1492
793.0,0.1463
794.0,0.1544
795.0,0.1554
796.0,0.1421
797.0,0.1412
798.0,0.1541
799.0,0.1517
800.0,0.1471
801.0,0.1444
802.0,0.1435
803.0,0.1411
804.0,0.1425
805.0,0.1446
806.0,0.1533
807.0,0.1507
808.0,0.1509
809.0,0.1445
810.0,0.1417
811.0,0.1392
812.0,0.1276
813.0,0.1241
814.0,0.09709
815.0,0.09802
816.0,0.08864
817.0,0.0902
818.0,0.08422
819.0,0.1039
820.0,0.09509
821.0,0.1283
822.0,0.1216
823.0,0.05926
824.0,0.1111
825.0,0.1268
826.0,0.1155
827.0,0.1282
828.0,0.09148
829.0,0.1162
830.0,0.1141
831.0,0.1139
832.0,0.1073
833.0,0.1215
834.0,0.1132
835.0,0.1378
836.0,0.1214
837.0,0.1378
838.0,0.129
839.0,0.1349
840.0,0.1391
841.0,0.135
842.0,0.1387
843.0,0.1424
844.0,0.1386
845.0,0.1456
846.0,0.1457
847.0,0.144
848.0,0.1415
849.0,0.1375
850.0,0.1319
851.0,0.1379
852.0,0.1379
853.0,0.134
854.0,0.1146
855.0,0.1275
856.0,0.1386
857.0,0.1428
858.0,0.1412
859.0,0.1422
860.0,0.1429
861.0,0.142
862.0,0.1445
863.0,0.1479
864.0,0.1406
865.0,0.1395
866.0,0.1255
867.0,0.131
868.0,0.1426
869.0,0.1397
870.0,0.1438
871.0,0.1418
872.0,0.1414
873.0,0.1411
874.0,0.1395
875.0,0.1366
876.0,0.1379
877.0,0.1394
878.0,0.1406
879.0,0.1385
880.0,0.1356
881.0,0.1328
882.0,0.1353
883.0,0.1366
884.0,0.1356
885.0,0.1366
886.0,0.1277
887.0,0.131
888.0,0.1319
889.0,0.1355
890.0,0.1315
891.0,0.1327
892.0,0.1254
893.0,0.1185
894.0,0.107
895.0,0.09266
896.0,0.08513
897.0,0.06492
898.0,0.07398
899.0,0.04778
900.0,0.0811
901.0,0.05026
902.0,0.06887
903.0,0.06563
904.0,0.105
905.0,0.09912
906.0,0.08989
907.0,0.05826
908.0,0.06326
909.0,0.07256
910.0,0.05538
911.0,0.06786
912.0,0.0694
913.0,0.05576
914.0,0.0575
915.0,0.06073
916.0,0.05061
917.0,0.07306
918.0,0.05082
919.0,0.07768
920.0,0.0879
921.0,0.08973
922.0,0.07341
923.0,0.08782
924.0,0.07209
925.0,0.07101
926.0,0.07011
927.0,0.08484
928.0,0.04333
929.0,0.03544
930.0,0.02072
931.0,0.01875
932.0,0.008943
933.0,0.005872
934.0,0.001379
935.0,0.00685
936.0,0.002746
937.0,0.002823
938.0,0.00389
939.0,0.01796
940.0,0.02608
941.0,0.01464
942.0,0.01885
943.0,0.009171
944.0,0.01309
945.0,0.01621
946.0,0.004419
947.0,0.0151
948.0,0.0108
949.0,0.02563
950.0,0.002443
951.0,0.02488
952.0,0.008534
953.0,0.01408
954.0,0.02118
955.0,0.01493
956.0,0.02131
957.0,0.008558
958.0,0.03336
959.0,0.01985
960.0,0.02256
961.0,0.03066
962.0,0.02913
963.0,0.03902
964.0,0.03436
965.0,0.03764
966.0,0.03833
967.0,0.03699
968.0,0.07569
969.0,0.07352
970.0,0.0662
971.0,0.08789
972.0,0.08058
973.0,0.05832
974.0,0.05539
975.0,0.05991
976.0,0.05017
977.0,0.0729
978.0,0.06249
979.0,0.06814
980.0,0.06308
981.0,0.08765
982.0,0.07964
983.0,0.07409
984.0,0.09694
985.0,0.07849
986.0,0.1031
987.0,0.09775
988.0,0.09843
989.0,0.106
990.0,0.09695
991.0,0.1058
992.0,0.1069
993.0,0.1007
994.0,0.1075
995.0,0.1082
996.0,0.1069
997.0,0.1074
998.0,0.1066
999.0,0.1064
1000.0,0.1044
1001.0,0.1072
1002.0,0.09866
1003.0,0.105
1004.0,0.1009
1005.0,0.0992
1006.0,0.1022
1007.0,0.1048
1008.0,0.1033
1009.0,0.1017
1010.0,0.1008
1011.0,0.1044
1012.0,0.1025
1013.0,0.1045
1014.0,0.1037
1015.0,0.1029
1016.0,0.1023
1017.0,0.1023
1018.0,0.1026
1019.0,0.09829
1020.0,0.1018
1021.0,0.102
1022.0,0.1004
1023.0,0.1014
1024.0,0.09799
1025.0,0.102
1026.0,0.101
1027.0,0.1009
1028.0,0.1006
1029.0,0.0991
1030.0,0.1006
1031.0,0.09987
1032.0,0.0998
1033.0,0.09827
1034.0,0.09835
1035.0,0.09866
1036.0,0.0989
1037.0,0.0974
1038.0,0.09773
1039.0,0.09752
1040.0,0.09708
1041.0,0.09727
1042.0,0.09655
1043.0,0.09613
1044.0,0.09632
1045.0,0.09488
1046.0,0.09369
1047.0,0.09437
1048.0,0.0947
1049.0,0.09418
1050.0,0.09354
1051.0,0.09317
1052.0,0.09257
1053.0,0.09155
1054.0,0.09145
1055.0,0.09115
1056.0,0.09044
1057.0,0.08987
1058.0,0.08735
1059.0,0.08707
1060.0,0.08676
1061.0,0.08646
1062.0,0.08655
1063.0,0.08543
1064.0,0.08654
1065.0,0.08509
1066.0,0.08405
1067.0,0.08494
1068.0,0.0825
1069.0,0.08049
1070.0,0.08278
1071.0,0.08581
1072.0,0.08351
1073.0,0.08254
1074.0,0.08679
1075.0,0.0786
1076.0,0.08647
1077.0,0.08288
1078.0,0.07992
1079.0,0.0861
1080.0,0.08118
1081.0,0.07658
1082.0,0.08139
1083.0,0.08289
1084.0,0.07535
1085.0,0.08173
1086.0,0.06908
1087.0,0.075
1088.0,0.08221
1089.0,0.07464
1090.0,0.07143
1091.0,0.08067
1092.0,0.08101
1093.0,0.05815
1094.0,0.07276
1095.0,0.06024
1096.0,0.0552
1097.0,0.07921
1098.0,0.05252
1099.0,0.05589
1100.0,0.04853
1101.0,0.051
1102.0,0.04581
1103.0,0.0433
1104.0,0.04392
1105.0,0.05332
1106.0,0.02792
1107.0,0.04873
1108.0,0.03331
1109.0,0.0336
1110.0,0.0453
1111.0,0.02009
1112.0,0.03371
1113.0,0.01293
1114.0,0.01435
1115.0,0.01094
1116.0,0.005751
1117.0,0.0007425
1118.0,0.006573
1119.0,0.001636
1120.0,0.001797
1121.0,0.002882
1122.0,0.0004908
1123.0,0.001628
1124.0,0.001361
1125.0,0.002141
1126.0,0.0001913
1127.0,0.002459
1128.0,0.0006725
1129.0,0.0007444
1130.0,0.0005098
1131.0,0.008787
1132.0,0.005838
1133.0,0.001859
1134.0,0.0001455
1135.0,6.9e-05
1136.0,0.001125
1137.0,0.007923
1138.0,0.004828
1139.0,0.01397
1140.0,0.008846
1141.0,0.004715
1142.0,0.006344
1143.0,0.01242
1144.0,0.001956
1145.0,0.0017
1146.0,0.001828
1147.0,0.0002016
1148.0,0.009814
1149.0,0.006165
1150.0,0.002753
1151.0,0.004857
1152.0,0.00787
1153.0,0.009489
1154.0,0.002066
1155.0,0.01463
1156.0,0.01159
1157.0,0.01766
1158.0,0.01741
1159.0,0.01983
1160.0,0.01681
1161.0,0.0263
1162.0,0.02562
1163.0,0.04748
1164.0,0.03622
1165.0,0.03012
1166.0,0.03373
1167.0,0.03878
1168.0,0.03897
1169.0,0.04069
1170.0,0.04845
1171.0,0.04716
1172.0,0.05141
1173.0,0.04836
1174.0,0.02613
1175.0,0.05063
1176.0,0.06241
1177.0,0.05525
1178.0,0.03439
1179.0,0.06259
1180.0,0.04871
1181.0,0.05043
1182.0,0.0262
1183.0,0.05097
1184.0,0.04456
1185.0,0.04025
1186.0,0.05735
1187.0,0.05123
1188.0,0.0248
1189.0,0.04735
1190.0,0.05714
1191.0,0.04746
1192.0,0.05868
1193.0,0.05372
1194.0,0.05707
1195.0,0.04937
1196.0,0.04524
1197.0,0.05847
1198.0,0.05238
1199.0,0.03546
1200.0,0.05339
1201.0,0.04767
1202.0,0.05123
1203.0,0.04792
1204.0,0.03885
1205.0,0.05455
1206.0,0.06466
1207.0,0.0495
1208.0,0.05154
1209.0,0.05253
1210.0,0.05713
1211.0,0.05157
1212.0,0.04492
1213.0,0.05936
1214.0,0.04785
1215.0,0.0468
1216.0,0.06026
1217.0,0.05693
1218.0,0.05957
1219.0,0.05744
1220.0,0.05981
1221.0,0.06228
1222.0,0.05954
1223.0,0.0581
1224.0,0.05527
1225.0,0.06102
1226.0,0.06331
1227.0,0.05264
1228.0,0.06437
1229.0,0.06335
1230.0,0.06126
1231.0,0.06613
1232.0,0.0656
1233.0,0.05904
1234.0,0.06729
1235.0,0.066
1236.0,0.06717
1237.0,0.06462
1238.0,0.06696
1239.0,0.06606
1240.0,0.0666
1241.0,0.06488
1242.0,0.06598
1243.0,0.06553
1244.0,0.06553
1245.0,0.06608
1246.0,0.06576
1247.0,0.06508
1248.0,0.06431
1249.0,0.06516
1250.0,0.06431
1251.0,0.06256
1252.0,0.06375
1253.0,0.06113
1254.0,0.05903
1255.0,0.06314
1256.0,0.05757
1257.0,0.0565
1258.0,0.06054
1259.0,0.05272
1260.0,0.05367
1261.0,0.04431
1262.0,0.03994
1263.0,0.03988
1264.0,0.03068
1265.0,0.03972
1266.0,0.03445
1267.0,0.03766
1268.0,0.03169
1269.0,0.005732
1270.0,0.03647
1271.0,0.04519
1272.0,0.04574
1273.0,0.04455
1274.0,0.04572
1275.0,0.04743
1276.0,0.04921
1277.0,0.05141
1278.0,0.05483
1279.0,0.0546
1280.0,0.05379
1281.0,0.05263
1282.0,0.05283
1283.0,0.05644
1284.0,0.05747
1285.0,0.05825
1286.0,0.06015
1287.0,0.05713
1288.0,0.05793
1289.0,0.05199
1290.0,0.05748
1291.0,0.05909
1292.0,0.04872
1293.0,0.05646
1294.0,0.05581
1295.0,0.05279
1296.0,0.04677
1297.0,0.04169
1298.0,0.05055
1299.0,0.05698
1300.0,0.03906
1301.0,0.04129
1302.0,0.05097
1303.0,0.03902
1304.0,0.02614
1305.0,0.04925
1306.0,0.04781
1307.0,0.02905
1308.0,0.04025
1309.0,0.04567
1310.0,0.02749
1311.0,0.03676
1312.0,0.03539
1313.0,0.03179
1314.0,0.02541
1315.0,0.024
1316.0,0.03473
1317.0,0.03143
1318.0,0.03759
1319.0,0.02091
1320.0,0.02125
1321.0,0.02815
1322.0,0.02664
1323.0,0.01392
1324.0,0.02098
1325.0,0.03236
1326.0,0.02398
1327.0,0.02153
1328.0,0.01605
1329.0,0.007627
1330.0,0.01268
1331.0,0.003988
1332.0,0.004674
1333.0,0.007226
1334.0,0.009113
1335.0,0.01284
1336.0,0.007709
1337.0,0.006807
1338.0,0.007027
1339.0,0.007196
1340.0,0.008095
1341.0,0.005227
1342.0,0.005958
1343.0,0.001706
1344.0,0.001173
1345.0,0.001329
1346.0,0.0001923
1347.0,0.0001511
1348.0,4.303e-06
1349.0,1.599e-05
1350.0,1.68e-05
1351.0,3.539e-06
1352.0,9.402e-07
1353.0,4.785e-08
1354.0,1.645e-07
1355.0,1.324e-09
1356.0,2.317e-08
1357.0,3.521e-08
1358.0,1.555e-09
1359.0,1.958e-10
1360.0,7.078e-10
1361.0,7.917e-13
1362.0,2.166e-15
1363.0,9.517e-10
1364.0,3.929e-10
1365.0,7.561e-16
1366.0,4.124e-09
1367.0,1.683e-09
1368.0,5.839e-18
1369.0,1.448e-10
1370.0,7.13e-11
1371.0,4.042e-12
1372.0,9.131e-10
1373.0,1.84e-08
1374.0,8.532e-08
1375.0,1.547e-07
1376.0,1.388e-07
1377.0,6.34e-08
1378.0,6.198e-07
1379.0,2.649e-08
1380.0,3.806e-08
1381.0,9.915e-10
1382.0,8.003e-10
1383.0,1.196e-11
1384.0,1.569e-10
1385.0,7.501e-10
1386.0,7.056e-10
1387.0,8.534e-08
1388.0,1.679e-09
1389.0,2.881e-07
1390.0,2.473e-07
1391.0,1.645e-07
1392.0,1.066e-08
1393.0,5.649e-08
1394.0,2.911e-08
1395.0,2.133e-10
1396.0,1.031e-12
1397.0,2.224e-08
1398.0,6.575e-07
1399.0,4.159e-07
1400.0,4.408e-13
1401.0,1.829e-12
1402.0,1.17e-06
1403.0,1.449e-06
1404.0,4.39e-07
1405.0,1.01e-10
1406.0,1.133e-06
1407.0,1.011e-07
1408.0,9.222e-07
1409.0,3.073e-07
1410.0,2.463e-07
1411.0,1.248e-06
1412.0,1.709e-06
1413.0,1.949e-05
1414.0,1.925e-07
1415.0,9.181e-08
1416.0,7.039e-05
1417.0,1.323e-05
1418.0,1.048e-05
1419.0,1.581e-06
1420.0,6.355e-06
1421.0,9.441e-06
1422.0,9.223e-05
1423.0,1.638e-05
1424.0,5.173e-05
1425.0,4.461e-05
1426.0,0.0001025
1427.0,0.0002376
1428.0,3.138e-06
1429.0,0.000106
1430.0,0.0004604
1431.0,0.000575
1432.0,2.439e-06
1433.0,0.0002645
1434.0,9.757e-05
1435.0,3.71e-05
1436.0,0.0001645
1437.0,0.0001243
1438.0,3.478e-05
1439.0,0.00025
1440.0,0.0002507
1441.0,9.109e-05
1442.0,6.803e-05
1443.0,0.0001722
1444.0,0.0004588
1445.0,0.0001761
1446.0,4.158e-05
1447.0,0.0001203
1448.0,0.001884
1449.0,0.00147
1450.0,0.0001177
1451.0,3.359e-05
1452.0,0.0004456
1453.0,0.0007019
1454.0,0.003482
1455.0,0.0007563
1456.0,0.0009619
1457.0,0.002141
1458.0,0.004353
1459.0,0.005328
1460.0,0.00176
1461.0,0.001027
1462.0,0.003155
1463.0,0.0004513
1464.0,0.005138
1465.0,0.002587
1466.0,0.0004717
1467.0,0.0001546
1468.0,0.0007594
1469.0,0.0015
1470.0,0.0001358
1471.0,7.925e-05
1472.0,0.0001241
1473.0,0.0005325
1474.0,0.002063
1475.0,0.007359
1476.0,0.0008535
1477.0,0.000631
1478.0,0.00115
1479.0,0.00326
1480.0,0.0005484
1481.0,0.002483
1482.0,0.0009164
1483.0,0.004907
1484.0,0.00564
1485.0,0.004502
1486.0,0.003068
1487.0,0.0006034
1488.0,0.002747
1489.0,0.01028
1490.0,0.01071
1491.0,0.01352
1492.0,0.006765
1493.0,0.01028
1494.0,0.0155
1495.0,0.01198
1496.0,0.01014
1497.0,0.02296
1498.0,0.01481
1499.0,0.01917
1500.0,0.02806
1501.0,0.02808
1502.0,0.02327
1503.0,0.01555
1504.0,0.009691
1505.0,0.01536
1506.0,0.03073
1507.0,0.02853
1508.0,0.02706
1509.0,0.01516
1510.0,0.03351
1511.0,0.02976
1512.0,0.03234
1513.0,0.02461
1514.0,0.02117
1515.0,0.03398
1516.0,0.03145
1517.0,0.02787
1518.0,0.02921
1519.0,0.02633
1520.0,0.03099
1521.0,0.03935
1522.0,0.03358
1523.0,0.04035
1524.0,0.03739
1525.0,0.0319
1526.0,0.03258
1527.0,0.0336
1528.0,0.03955
1529.0,0.03668
1530.0,0.0337
1531.0,0.03584
1532.0,0.04044
1533.0,0.04106
1534.0,0.03982
1535.0,0.03857
1536.0,0.04029
1537.0,0.03855
1538.0,0.04043
1539.0,0.03902
1540.0,0.04009
1541.0,0.04007
1542.0,0.03879
1543.0,0.04039
1544.0,0.03906
1545.0,0.04103
1546.0,0.03955
1547.0,0.03964
1548.0,0.03968
1549.0,0.04041
1550.0,0.03992
1551.0,0.04002
1552.0,0.03907
1553.0,0.03972
1554.0,0.03913
1555.0,0.03951
1556.0,0.03936
1557.0,0.03996
1558.0,0.03972
1559.0,0.03941
1560.0,0.03964
1561.0,0.03995
1562.0,0.03905
1563.0,0.0389
1564.0,0.03898
1565.0,0.03944
1566.0,0.03869
1567.0,0.03891
1568.0,0.03834
1569.0,0.03891
1570.0,0.03916
1571.0,0.03938
1572.0,0.03911
1573.0,0.03867
1574.0,0.0371
1575.0,0.03649
1576.0,0.03543
1577.0,0.03437
1578.0,0.03581
1579.0,0.03554
1580.0,0.0361
1581.0,0.03561
1582.0,0.03507
1583.0,0.03503
1584.0,0.03665
1585.0,0.03728
1586.0,0.03659
1587.0,0.03606
1588.0,0.03581
1589.0,0.03478
1590.0,0.03527
1591.0,0.03629
1592.0,0.03686
1593.0,0.03797
1594.0,0.03755
1595.0,0.03735
1596.0,0.03608
1597.0,0.03653
1598.0,0.03772
1599.0,0.03732
1600.0,0.03726
1601.0,0.03651
1602.0,0.03634
1603.0,0.0372
1604.0,0.03687
1605.0,0.03692
1606.0,0.03647
1607.0,0.03682
1608.0,0.03636
1609.0,0.0357
1610.0,0.03494
1611.0,0.03547
1612.0,0.0361
1613.0,0.03583
1614.0,0.03602
1615.0,0.03529
1616.0,0.03469
1617.0,0.03507
1618.0,0.03601
1619.0,0.03487
1620.0,0.03465
1621.0,0.0349
1622.0,0.03543
1623.0,0.03601
1624.0,0.03532
1625.0,0.03519
1626.0,0.03517
1627.0,0.03559
1628.0,0.03524
1629.0,0.03517
1630.0,0.03482
1631.0,0.03407
1632.0,0.0343
1633.0,0.03211
1634.0,0.03423
1635.0,0.0322
1636.0,0.03294
1637.0,0.03306
1638.0,0.02858
1639.0,0.03224
1640.0,0.02775
1641.0,0.03165
1642.0,0.03295
1643.0,0.02685
1644.0,0.03317
1645.0,0.02964
1646.0,0.02673
1647.0,0.03357
1648.0,0.02682
1649.0,0.0318
1650.0,0.03238
1651.0,0.0252
1652.0,0.03137
1653.0,0.03228
1654.0,0.02693
1655.0,0.03224
1656.0,0.03018
1657.0,0.03111
1658.0,0.0328
1659.0,0.03221
1660.0,0.03253
1661.0,0.0321
1662.0,0.02989
1663.0,0.03256
1664.0,0.03182
1665.0,0.02665
1666.0,0.01352
1667.0,0.02642
1668.0,0.03064
1669.0,0.03065
1670.0,0.03201
1671.0,0.03039
1672.0,0.03066
1673.0,0.03167
1674.0,0.02953
1675.0,0.02944
1676.0,0.03025
1677.0,0.02956
1678.0,0.02737
1679.0,0.03049
1680.0,0.0289
1681.0,0.0265
1682.0,0.02992
1683.0,0.03057
1684.0,0.02385
1685.0,0.03089
1686.0,0.03073
1687.0,0.02732
1688.0,0.03021
1689.0,0.02998
1690.0,0.02927
1691.0,0.02263
1692.0,0.02866
1693.0,0.03093
1694.0,0.0276
1695.0,0.03014
1696.0,0.03053
1697.0,0.01909
1698.0,0.02963
1699.0,0.02933
1700.0,0.02739
1702.0,0.029
1705.0,0.02665
1710.0,0.0246
1715.0,0.02501
1720.0,0.02523
1725.0,0.02144
1730.0,0.0216
1735.0,0.02013
1740.0,0.01989
1745.0,0.01832
1750.0,0.01965
1755.0,0.01703
1760.0,0.01826
1765.0,0.01256
1770.0,0.01332
1775.0,0.008596
1780.0,0.006191
1785.0,0.003294
1790.0,0.004233
1795.0,0.0003866
1800.0,0.0004464
1805.0,1.234e-05
1810.0,2.303e-05
1815.0,8.551e-07
1820.0,2.049e-07
1825.0,2.677e-07
1830.0,6.494e-10
1835.0,9.836e-10
1840.0,5.737e-12
1845.0,6.134e-10
1850.0,2.769e-10
1855.0,2.646e-11
1860.0,1.517e-09
1865.0,2.113e-09
1870.0,1.157e-14
1875.0,2.09e-14
1880.0,1.113e-08
1885.0,5.931e-09
1890.0,3.253e-08
1895.0,1.888e-08
1900.0,8.067e-11
1905.0,5.495e-11
1910.0,2.661e-09
1915.0,2.593e-09
1920.0,6.801e-08
1925.0,1.606e-07
1930.0,9.528e-08
1935.0,1.105e-06
1940.0,3.623e-06
1945.0,2.514e-05
1950.0,0.0002198
1955.0,7.328e-05
1960.0,0.0005863
1965.0,0.00205
1970.0,0.004377
1975.0,0.005509
1980.0,0.005994
1985.0,0.007298
1990.0,0.007715
1995.0,0.008867
2000.0,0.01032
2005.0,0.006981
2010.0,0.01537
2015.0,0.009023
2020.0,0.0107
2025.0,0.01353
2030.0,0.01107
2035.0,0.01444
2040.0,0.01266
2045.0,0.0134
2050.0,0.01467
2055.0,0.01315
2060.0,0.01234
2065.0,0.01306
2070.0,0.01267
2075.0,0.01403
2080.0,0.01363
2085.0,0.01354
2090.0,0.01404
2095.0,0.01338
2100.0,0.01143
2105.0,0.01351
2110.0,0.01228
2115.0,0.01336
2120.0,0.01166
2125.0,0.01231
2130.0,0.01295
2135.0,0.0132
2140.0,0.0135
2145.0,0.01332
2150.0,0.01124
2155.0,0.01131
2160.0,0.01146
2165.0,0.01022
2170.0,0.01139
2175.0,0.01037
2180.0,0.01132
2185.0,0.009078
2190.0,0.01068
2195.0,0.01041
2200.0,0.007121
2205.0,0.008956
2210.0,0.01128
2215.0,0.01003
2220.0,0.01055
2225.0,0.009972
2230.0,0.01009
2235.0,0.009544
2240.0,0.009406
2245.0,0.008317
2250.0,0.009246
2255.0,0.007442
2260.0,0.007166
2265.0,0.008063
2270.0,0.006545
2275.0,0.00631
2280.0,0.0078
2285.0,0.006243
2290.0,0.006347
2295.0,0.006086
2300.0,0.005018
2305.0,0.005235
2310.0,0.007649
2315.0,0.005262
2320.0,0.003609
2325.0,0.005923
2330.0,0.00535
2335.0,0.005914
2340.0,0.002936
2345.0,0.003837
2350.0,0.002397
2355.0,0.003252
2360.0,0.003982
2365.0,0.004437
2370.0,0.0008371
2375.0,0.002875
2380.0,0.00295
2385.0,0.001398
2390.0,0.002073
2395.0,0.002485
2400.0,0.00304
2405.0,0.001938
2410.0,0.001935
2415.0,0.0009249
2420.0,0.0009962
2425.0,0.00149
2430.0,0.002816
2435.0,0.0002638
2440.0,0.002943
2445.0,0.0005319
2450.0,0.0001905
2455.0,0.0009188
2460.0,0.001277
2465.0,0.0005262
2470.0,0.0001459
2475.0,0.0001442
2480.0,4.258e-05
2485.0,4.835e-06
2490.0,8.482e-07
2495.0,7.772e-07
2500.0,1.067e-05
2505.0,1.956e-06
2510.0,3.549e-06
2515.0,1.977e-07
2520.0,2.065e-08
2525.0,2.5e-09
2530.0,1.634e-11
2535.0,3.613e-12
2540.0,8.572e-12
2545.0,6.648e-16
2550.0,2.695e-18
2555.0,1.294e-14
2560.0,3.883e-16
2565.0,8.692000000000001e-20
2570.0,2.588e-24
2575.0,1.637e-34
2580.0,1.707e-28
2585.0,3.5680000000000005e-42
2590.0,2.226e-38
2595.0,4.332e-40
2600.0,3.566e-35
2605.0,3.94e-42
2610.0,1.3569999999999998e-41
2615.0,1.4009999999999999e-45
2620.0,1.1950000000000001e-35
2625.0,2.189e-35
2630.0,0.0
2635.0,1.14e-21
2640.0,2.4679999999999996e-22
2645.0,1.076e-24
2650.0,1.071e-25
2655.0,1.2880000000000001e-34
2660.0,1.085e-31
2665.0,9.808999999999999e-45
2670.0,0.0
2675.0,5.185e-44
2680.0,2.199e-30
2685.0,2.101e-31
2690.0,7.8610000000000004e-31
2695.0,3.0839999999999996e-33
2700.0,8.982999999999999e-29
2705.0,2.5480000000000002e-26
2710.0,2.029e-31
2715.0,2.5619999999999997e-29
2720.0,0.0
2725.0,5.736e-27
2730.0,1.672e-24
2735.0,1.907e-26
2740.0,3.445e-32
2745.0,4.441e-27
2750.0,2.4890000000000002e-26
2755.0,4.005e-28
2760.0,6e-23
2765.0,2.816e-29
2770.0,1.3840000000000002e-26
2775.0,1.708e-23
2780.0,7.954000000000001e-21
2785.0,2.9860000000000003e-20
2790.0,6.809e-18
2795.0,1.498e-18
2800.0,4.782e-15
2805.0,8.941e-17
2810.0,3.585e-13
2815.0,1.069e-13
2820.0,1.307e-15
2825.0,1.147e-11
2830.0,2.493e-10
2835.0,3.433e-15
2840.0,7.346e-12
2845.0,2.544e-09
2850.0,4.4e-11
2855.0,1.767e-11
2860.0,9.162e-10
2865.0,6.767e-09
2870.0,1.709e-10
2875.0,1.73e-08
2880.0,2.241e-08
2885.0,1.804e-08
2890.0,2.035e-08
2895.0,1.723e-06
2900.0,1.018e-07
2905.0,6.094e-09
2910.0,2.512e-06
2915.0,4.922e-07
2920.0,2.34e-06
2925.0,1.339e-06
2930.0,2.499e-05
2935.0,2.596e-05
2940.0,2.582e-06
2945.0,3.398e-07
2950.0,1.404e-05
2955.0,7.561e-06
2960.0,2.814e-05
2965.0,8.41e-05
2970.0,9.196e-08
2975.0,1.63e-06
2980.0,2.448e-06
2985.0,8.637e-05
2990.0,0.0002875
2995.0,1.818e-05
3000.0,9.429e-05
3005.0,1.255e-05
3010.0,0.0001009
3015.0,4.592e-05
3020.0,4.57e-08
3025.0,9.102e-05
3030.0,6.148e-05
3035.0,5.556e-06
3040.0,6.832e-06
3045.0,1.437e-05
3050.0,1.406e-06
3055.0,8.482e-08
3060.0,7.143e-05
3065.0,1.034e-05
3070.0,1.991e-06
3075.0,5.886e-05
3080.0,1.797e-05
3085.0,1.831e-06
3090.0,4.015e-06
3095.0,2.218e-07
3100.0,2.994e-05
3105.0,1.96e-06
3110.0,9.492e-08
3115.0,2.561e-06
3120.0,0.0001914
3125.0,3.883e-05
3130.0,0.0001016
3135.0,0.000286
3140.0,2.048e-05
3145.0,2.252e-05
3150.0,0.0001127
3155.0,9.529e-05
3160.0,0.000218
3165.0,0.0006638
3170.0,0.000615
3175.0,0.0002036
3180.0,0.0004062
3185.0,7.259e-05
3190.0,4.784e-05
3195.0,2.507e-06
3200.0,2.606e-08
3205.0,9.917e-09
3210.0,5.525e-09
3215.0,1.196e-07
3220.0,4.514e-07
3225.0,6.898e-08
3230.0,6.073e-08
3235.0,8.165e-05
3240.0,5.709e-06
3245.0,1.738e-06
3250.0,6.939e-06
3255.0,0.0001927
3260.0,1.244e-06
3265.0,4.142e-06
3270.0,3.846e-07
3275.0,5.261e-05
3280.0,8.585e-06
3285.0,0.000365
3290.0,0.0001373
3295.0,4.112e-06
3300.0,4.034e-06
3305.0,1.937e-05
3310.0,1.177e-05
3315.0,1.65e-10
3320.0,1.114e-09
3325.0,5.217e-06
3330.0,0.0001029
3335.0,0.0002017
3340.0,6.23e-05
3345.0,1.991e-05
3350.0,0.0002558
3355.0,2.411e-05
3360.0,8.37e-05
3365.0,0.0002419
3370.0,1.64e-05
3375.0,0.000398
3380.0,3.822e-05
3385.0,0.000263
3390.0,0.0003293
3395.0,0.0004303
3400.0,0.00105
3405.0,2.761e-05
3410.0,0.0003125
3415.0,0.0001242
3420.0,0.001299
3425.0,0.0003957
3430.0,0.0002167
3435.0,0.001028
3440.0,0.0001774
3445.0,0.0008456
3450.0,0.0006941
3455.0,0.0002931
3460.0,0.001263
3465.0,0.0004083
3470.0,0.001231
3475.0,0.0007178
3480.0,0.0007801
3485.0,0.001125
3490.0,0.0006067
3495.0,0.001199
3500.0,0.001106
3505.0,0.001087
3510.0,0.001157
3515.0,0.001029
3520.0,0.001278
3525.0,0.001109
3530.0,0.0009698
3535.0,0.0005216
3540.0,0.0004532
3545.0,0.0005209
3550.0,0.0008896
3555.0,0.0005563
3560.0,0.0009926
3565.0,0.000934
3570.0,0.0005014
3575.0,0.0004361
3580.0,0.0008637
3585.0,0.0005798
3590.0,0.0007169
3595.0,0.0008897
3600.0,0.001035
3605.0,0.0009047
3610.0,0.000744
3615.0,0.0008927
3620.0,0.001446
3625.0,0.0009217
3630.0,0.0009655
3635.0,0.001033
3640.0,0.001448
3645.0,0.001024
3650.0,0.0009836
3655.0,0.001267
3660.0,0.00129
3665.0,0.0009536
3670.0,0.0005731
3675.0,0.0001373
3680.0,0.000539
3685.0,0.0007963
3690.0,0.0008363
3695.0,0.001082
3700.0,0.001414
3705.0,0.001342
3710.0,0.0008922
3715.0,0.0009342
3720.0,0.001272
3725.0,0.001355
3730.0,0.0009588
3735.0,0.0007613
3740.0,0.0008727
3745.0,0.001279
3750.0,0.001026
3755.0,0.0009524
3760.0,0.0008325
3765.0,0.0008179
3770.0,0.001017
3775.0,0.0009949
3780.0,0.001142
3785.0,0.0008728
3790.0,0.0006682
3795.0,0.0009768
3800.0,0.001283
3805.0,0.001101
3810.0,0.0007527
3815.0,0.0007031
3820.0,0.001248
3825.0,0.001189
3830.0,0.001255
3835.0,0.0006285
3840.0,0.001013
3845.0,0.0009247
3850.0,0.0009441
3855.0,0.0008366
3860.0,0.000637
3865.0,0.0006508
3870.0,0.0004476
3875.0,0.0003095
3880.0,0.0002685
3885.0,0.0003152
3890.0,0.0003368
3895.0,0.0004966
3900.0,0.0006566
3905.0,0.0006526
3910.0,0.0004188
3915.0,0.0003844
3920.0,0.0003899
3925.0,0.0003711
3930.0,0.0004287
3935.0,0.0005171
3940.0,0.0005502
3945.0,0.0006035
3950.0,0.0006594
3955.0,0.0006994
3960.0,0.0007326
3965.0,0.0007623
3970.0,0.0007396
3975.0,0.0006753
3980.0,0.0006479
3985.0,0.0006733
3990.0,0.00065
3995.0,0.0006058
4000.0,0.0005563
