interpolation:linear
wavelength,value
280.0,8.859999999999998e-22
280.5,1.908e-20
281.0,8.86e-20
281.5,1.942e-18
282.0,1.252e-17
282.5,4.158e-17
283.0,1.574e-16
283.5,2.731e-16
284.0,5.053e-15
284.5,1.494e-14
285.0,4.054e-14
285.5,2.674e-13
286.0,1.164e-12
286.5,5.868e-12
287.0,1.785e-11
287.5,7.244e-11
288.0,2.452e-10
288.5,8.988e-10
289.0,2.778e-09
289.5,9.504e-09
290.0,2.875e-08
290.5,6.255e-08
291.0,1.44e-07
291.5,4.495e-07
292.0,1.002e-06
292.5,1.434e-06
293.0,3.143e-06
293.5,7.865e-06
294.0,1.255e-05
294.5,2.444e-05
295.0,4.269e-05
295.5,8.794e-05
296.0,0.0001546
296.5,0.0001973
297.0,0.0002477
297.5,0.0005949
298.0,0.0008542
298.5,0.0008
299.0,0.001645
299.5,0.00242
300.0,0.002491
300.5,0.00337
301.0,0.005467
301.5,0.007901
302.0,0.006434
302.5,0.0117
303.0,0.0192
303.5,0.02285
304.0,0.0207
304.5,0.02812
305.0,0.03749
305.5,0.03966
306.0,0.03723
306.5,0.04408
307.0,0.05869
307.5,0.07049
308.0,0.07323
308.5,0.08233
309.0,0.07755
309.5,0.08271
310.0,0.08038
310.5,0.128
311.0,0.1563
311.5,0.1491
312.0,0.1405
312.5,0.1643
313.0,0.1745
313.5,0.1726
314.0,0.2058
314.5,0.1713
315.0,0.2226
315.5,0.1918
316.0,0.1592
316.5,0.2187
317.0,0.2717
317.5,0.2861
318.0,0.2166
318.5,0.254
319.0,0.2929
319.5,0.2498
320.0,0.3037
320.5,0.3588
321.0,0.3034
321.5,0.2892
322.0,0.3256
322.5,0.2823
323.0,0.2711
323.5,0.3216
324.0,0.3731
324.5,0.3843
325.0,0.3385
325.5,0.4228
326.0,0.5115
326.5,0.5023
327.0,0.5039
327.5,0.4909
328.0,0.4484
328.5,0.4566
329.0,0.5333
329.5,0.6008
330.0,0.6094
330.5,0.4967
331.0,0.5091
331.5,0.51
332.0,0.5398
332.5,0.529
333.0,0.5301
333.5,0.4867
334.0,0.4996
334.5,0.5667
335.0,0.5273
335.5,0.6154
336.0,0.4256
336.5,0.5007
337.0,0.4135
337.5,0.5154
338.0,0.4963
338.5,0.5723
339.0,0.5661
339.5,0.5443
340.0,0.6397
340.5,0.5757
341.0,0.5615
341.5,0.5152
342.0,0.6155
342.5,0.5755
343.0,0.6329
343.5,0.5959
344.0,0.4399
344.5,0.4444
345.0,0.5877
345.5,0.5996
346.0,0.5092
346.5,0.5763
347.0,0.6186
347.5,0.5
348.0,0.5697
348.5,0.5692
349.0,0.5277
349.5,0.5223
350.0,0.6457
350.5,0.6808
351.0,0.6081
351.5,0.5911
352.0,0.6345
352.5,0.4948
353.0,0.6229
353.5,0.6658
354.0,0.691
354.5,0.7006
355.0,0.6982
355.5,0.6304
356.0,0.6593
356.5,0.5629
357.0,0.465
357.5,0.5692
358.0,0.451
358.5,0.3853
359.0,0.5389
359.5,0.6868
360.0,0.7278
360.5,0.5816
361.0,0.5299
361.5,0.6097
362.0,0.5269
362.5,0.7288
363.0,0.6542
363.5,0.6023
364.0,0.7363
364.5,0.6292
365.0,0.6407
365.5,0.8039
366.0,0.8513
366.5,0.7995
367.0,0.7785
367.5,0.8077
368.0,0.7066
368.5,0.7128
369.0,0.7696
369.5,0.82
370.0,0.8739
370.5,0.6781
371.0,0.7243
371.5,0.906
372.0,0.6012
372.5,0.7207
373.0,0.7329
373.5,0.4767
374.0,0.6925
374.5,0.5733
375.0,0.5572
375.5,0.8319
376.0,0.6895
376.5,0.7144
377.0,0.7562
377.5,0.8845
378.0,0.9587
378.5,0.9061
379.0,0.7477
379.5,0.683
380.0,0.7101
380.5,0.8598
381.0,0.8613
381.5,0.6825
382.0,0.6059
382.5,0.5163
383.0,0.4778
383.5,0.4601
384.0,0.5074
384.5,0.7462
385.0,0.7398
385.5,0.6888
386.0,0.5898
386.5,0.7745
387.0,0.6435
387.5,0.7227
388.0,0.6671
388.5,0.6593
389.0,0.7116
389.5,0.8617
390.0,0.8646
390.5,0.7955
391.0,0.9362
391.5,0.9548
392.0,0.8041
392.5,0.7197
393.0,0.4004
393.5,0.291
394.0,0.592
394.5,0.7525
395.0,0.9181
395.5,0.9326
396.0,0.8084
396.5,0.4724
397.0,0.3545
397.5,0.7207
398.0,1.009
398.5,1.043
399.0,1.129
399.5,1.125
400.0,1.168
401.0,1.189
402.0,1.254
403.0,1.19
404.0,1.172
405.0,1.171
406.0,1.151
407.0,1.132
408.0,1.176
409.0,1.259
410.0,1.099
411.0,1.19
412.0,1.278
413.0,1.246
414.0,1.261
415.0,1.263
416.0,1.285
417.0,1.253
418.0,1.229
419.0,1.245
420.0,1.239
421.0,1.296
422.0,1.231
423.0,1.202
424.0,1.272
425.0,1.269
426.0,1.235
427.0,1.212
428.0,1.18
429.0,1.117
430.0,0.9771
431.0,0.9686
432.0,1.25
433.0,1.256
434.0,1.166
435.0,1.218
436.0,1.372
437.0,1.352
438.0,1.231
439.0,1.274
440.0,1.314
441.0,1.361
442.0,1.459
443.0,1.421
444.0,1.451
445.0,1.42
446.0,1.354
447.0,1.463
448.0,1.486
449.0,1.491
450.0,1.532
451.0,1.588
452.0,1.53
453.0,1.438
454.0,1.501
455.0,1.51
456.0,1.545
457.0,1.571
458.0,1.518
459.0,1.51
460.0,1.514
461.0,1.548
462.0,1.559
463.0,1.549
464.0,1.522
465.0,1.502
466.0,1.515
467.0,1.488
468.0,1.505
469.0,1.513
470.0,1.465
471.0,1.463
472.0,1.541
473.0,1.522
474.0,1.525
475.0,1.539
476.0,1.494
477.0,1.499
478.0,1.54
479.0,1.53
480.0,1.532
481.0,1.559
482.0,1.566
483.0,1.546
484.0,1.513
485.0,1.441
486.0,1.259
487.0,1.319
488.0,1.447
489.0,1.452
490.0,1.527
491.0,1.5
492.0,1.416
493.0,1.462
494.0,1.477
495.0,1.489
496.0,1.498
497.0,1.522
498.0,1.45
499.0,1.469
500.0,1.427
501.0,1.402
502.0,1.383
503.0,1.441
504.0,1.409
505.0,1.456
506.0,1.503
507.0,1.43
508.0,1.384
509.0,1.422
510.0,1.413
511.0,1.45
512.0,1.465
513.0,1.387
514.0,1.377
515.0,1.363
516.0,1.36
517.0,1.208
518.0,1.27
519.0,1.332
520.0,1.381
521.0,1.394
522.0,1.396
523.0,1.371
524.0,1.421
525.0,1.438
526.0,1.374
527.0,1.296
528.0,1.371
529.0,1.446
530.0,1.426
531.0,1.447
532.0,1.398
533.0,1.357
534.0,1.396
535.0,1.426
536.0,1.439
537.0,1.382
538.0,1.406
539.0,1.394
540.0,1.337
541.0,1.347
542.0,1.39
543.0,1.374
544.0,1.399
545.0,1.394
546.0,1.402
547.0,1.4
548.0,1.383
549.0,1.387
550.0,1.403
551.0,1.386
552.0,1.395
553.0,1.371
554.0,1.403
555.0,1.407
556.0,1.388
557.0,1.346
558.0,1.336
559.0,1.312
560.0,1.329
561.0,1.347
562.0,1.338
563.0,1.375
564.0,1.338
565.0,1.327
566.0,1.308
567.0,1.334
568.0,1.324
569.0,1.297
570.0,1.296
571.0,1.287
572.0,1.321
573.0,1.336
574.0,1.332
575.0,1.308
576.0,1.296
577.0,1.31
578.0,1.289
579.0,1.292
580.0,1.314
581.0,1.318
582.0,1.341
583.0,1.343
584.0,1.353
585.0,1.32
586.0,1.292
587.0,1.322
588.0,1.295
589.0,1.158
590.0,1.211
591.0,1.275
592.0,1.262
593.0,1.276
594.0,1.269
595.0,1.242
596.0,1.282
597.0,1.27
598.0,1.264
599.0,1.264
600.0,1.264
601.0,1.252
602.0,1.243
603.0,1.263
604.0,1.283
605.0,1.276
606.0,1.27
607.0,1.282
608.0,1.267
609.0,1.268
610.0,1.258
611.0,1.264
612.0,1.26
613.0,1.244
614.0,1.226
615.0,1.252
616.0,1.21
617.0,1.207
618.0,1.253
619.0,1.241
620.0,1.248
621.0,1.25
622.0,1.236
623.0,1.218
624.0,1.197
625.0,1.194
626.0,1.212
627.0,1.227
628.0,1.169
629.0,1.206
630.0,1.179
631.0,1.198
632.0,1.182
633.0,1.215
634.0,1.201
635.0,1.218
636.0,1.201
637.0,1.219
638.0,1.229
639.0,1.215
640.0,1.202
641.0,1.2
642.0,1.194
643.0,1.21
644.0,1.205
645.0,1.208
646.0,1.182
647.0,1.174
648.0,1.176
649.0,1.154
650.0,1.152
651.0,1.2
652.0,1.159
653.0,1.184
654.0,1.17
655.0,1.131
656.0,0.9989
657.0,1.025
658.0,1.147
659.0,1.154
660.0,1.158
661.0,1.166
662.0,1.17
663.0,1.146
664.0,1.158
665.0,1.157
666.0,1.157
667.0,1.155
668.0,1.155
669.0,1.172
670.0,1.167
671.0,1.166
672.0,1.156
673.0,1.173
674.0,1.168
675.0,1.157
676.0,1.165
677.0,1.153
678.0,1.156
679.0,1.137
680.0,1.146
681.0,1.138
682.0,1.137
683.0,1.135
684.0,1.129
685.0,1.138
686.0,1.132
687.0,0.8528
688.0,0.9497
689.0,0.9515
690.0,0.9817
691.0,1.015
692.0,1.038
693.0,1.031
694.0,1.023
695.0,1.053
696.0,1.055
697.0,1.104
698.0,1.087
699.0,1.071
700.0,1.058
701.0,1.051
702.0,1.054
703.0,1.056
704.0,1.084
705.0,1.085
706.0,1.082
707.0,1.082
708.0,1.085
709.0,1.083
710.0,1.084
711.0,1.082
712.0,1.077
713.0,1.067
714.0,1.071
715.0,1.041
716.0,1.043
717.0,0.9416
718.0,0.8722
719.0,0.8035
720.0,0.8439
721.0,0.9077
722.0,1.013
723.0,0.9563
724.0,0.877
725.0,0.8683
726.0,0.9054
727.0,0.91
728.0,0.8675
729.0,0.8863
730.0,0.9368
731.0,0.9011
732.0,0.9495
733.0,0.9912
734.0,1.011
735.0,0.9921
736.0,0.9905
737.0,0.995
738.0,1.002
739.0,0.982
740.0,1.005
741.0,0.9932
742.0,0.9926
743.0,1.017
744.0,1.013
745.0,1.013
746.0,1.018
747.0,1.02
748.0,1.017
749.0,1.006
750.0,1.005
751.0,0.9948
752.0,0.999
753.0,1.004
754.0,1.006
755.0,1.001
756.0,1.0
757.0,1.001
758.0,0.9892
759.0,0.9742
760.0,0.2773
761.0,0.1762
762.0,0.6048
763.0,0.3733
764.0,0.4965
765.0,0.6053
766.0,0.6906
767.0,0.8214
768.0,0.9096
769.0,0.9203
770.0,0.9423
771.0,0.9457
772.0,0.9464
773.0,0.9527
774.0,0.9479
775.0,0.9404
776.0,0.9518
777.0,0.9392
778.0,0.9335
779.0,0.9343
780.0,0.929
781.0,0.9299
782.0,0.9356
783.0,0.9192
784.0,0.9235
785.0,0.917
786.0,0.9274
787.0,0.915
788.0,0.9055
789.0,0.9057
790.0,0.8875
791.0,0.8896
792.0,0.8823
793.0,0.8687
794.0,0.8774
795.0,0.8938
796.0,0.8742
797.0,0.8754
798.0,0.8936
799.0,0.8894
800.0,0.8758
801.0,0.8747
802.0,0.8721
803.0,0.8664
804.0,0.8667
805.0,0.8618
806.0,0.8823
807.0,0.8725
808.0,0.8729
809.0,0.8593
810.0,0.8543
811.0,0.859
812.0,0.8399
813.0,0.8261
814.0,0.746
815.0,0.7409
816.0,0.6927
817.0,0.7028
818.0,0.6808
819.0,0.7441
820.0,0.7075
821.0,0.8041
822.0,0.7849
823.0,0.5713
824.0,0.7697
825.0,0.7914
826.0,0.7682
827.0,0.8033
828.0,0.7017
829.0,0.7621
830.0,0.7544
831.0,0.7562
832.0,0.7369
833.0,0.773
834.0,0.7525
835.0,0.8121
836.0,0.7863
837.0,0.8137
838.0,0.7923
839.0,0.8006
840.0,0.8171
841.0,0.8073
842.0,0.8064
843.0,0.8033
844.0,0.7936
845.0,0.8183
846.0,0.8143
847.0,0.7983
848.0,0.7946
849.0,0.772
850.0,0.7395
851.0,0.7842
852.0,0.7781
853.0,0.748
854.0,0.6467
855.0,0.7093
856.0,0.7756
857.0,0.7921
858.0,0.7866
859.0,0.7868
860.0,0.7879
861.0,0.7837
862.0,0.7958
863.0,0.8146
864.0,0.7738
865.0,0.767
866.0,0.6896
867.0,0.7196
868.0,0.783
869.0,0.7668
870.0,0.7886
871.0,0.7779
872.0,0.775
873.0,0.7735
874.0,0.7643
875.0,0.7488
876.0,0.7567
877.0,0.7642
878.0,0.7727
879.0,0.7608
880.0,0.7445
881.0,0.7339
882.0,0.75
883.0,0.7518
884.0,0.7485
885.0,0.7542
886.0,0.7208
887.0,0.7269
888.0,0.7387
889.0,0.7452
890.0,0.7411
891.0,0.7388
892.0,0.7201
893.0,0.7012
894.0,0.683
895.0,0.6538
896.0,0.6202
897.0,0.5447
898.0,0.5873
899.0,0.4618
900.0,0.5942
901.0,0.4832
902.0,0.5474
903.0,0.559
904.0,0.6779
905.0,0.6584
906.0,0.6194
907.0,0.5208
908.0,0.5289
909.0,0.5641
910.0,0.5142
911.0,0.5391
912.0,0.5597
913.0,0.5225
914.0,0.5155
915.0,0.5567
916.0,0.4766
917.0,0.5872
918.0,0.489
919.0,0.5942
920.0,0.5929
921.0,0.6144
922.0,0.5603
923.0,0.593
924.0,0.5746
925.0,0.5626
926.0,0.5685
927.0,0.6259
928.0,0.4893
929.0,0.4548
930.0,0.371
931.0,0.349
932.0,0.265
933.0,0.2233
934.0,0.1392
935.0,0.2219
936.0,0.1489
937.0,0.1526
938.0,0.1834
939.0,0.3382
940.0,0.3975
941.0,0.313
942.0,0.3537
943.0,0.243
944.0,0.247
945.0,0.3205
946.0,0.1773
947.0,0.3254
948.0,0.2417
949.0,0.4214
950.0,0.1401
951.0,0.4125
952.0,0.2406
953.0,0.2983
954.0,0.3522
955.0,0.3002
956.0,0.2859
957.0,0.2429
958.0,0.3851
959.0,0.3203
960.0,0.3584
961.0,0.3914
962.0,0.372
963.0,0.4193
964.0,0.3875
965.0,0.4165
966.0,0.419
967.0,0.418
968.0,0.5287
969.0,0.5541
970.0,0.5136
971.0,0.5741
972.0,0.5518
973.0,0.4943
974.0,0.4714
975.0,0.4837
976.0,0.4665
977.0,0.5167
978.0,0.4968
979.0,0.5157
980.0,0.488
981.0,0.5701
982.0,0.5501
983.0,0.5311
984.0,0.5821
985.0,0.5478
986.0,0.5891
987.0,0.5809
988.0,0.5799
989.0,0.5853
990.0,0.5761
991.0,0.5874
992.0,0.5905
993.0,0.5807
994.0,0.5899
995.0,0.5887
996.0,0.5866
997.0,0.5872
998.0,0.5847
999.0,0.5824
1000.0,0.5791
1001.0,0.5854
1002.0,0.5726
1003.0,0.5753
1004.0,0.5621
1005.0,0.5403
1006.0,0.562
1007.0,0.5736
1008.0,0.5711
1009.0,0.5687
1010.0,0.5666
1011.0,0.5706
1012.0,0.5663
1013.0,0.569
1014.0,0.565
1015.0,0.5614
1016.0,0.559
1017.0,0.5605
1018.0,0.558
1019.0,0.5473
1020.0,0.5552
1021.0,0.5543
1022.0,0.5504
1023.0,0.5563
1024.0,0.5504
1025.0,0.5555
1026.0,0.5535
1027.0,0.5521
1028.0,0.5511
1029.0,0.5447
1030.0,0.5479
1031.0,0.5459
1032.0,0.5442
1033.0,0.536
1034.0,0.536
1035.0,0.5377
1036.0,0.5406
1037.0,0.5318
1038.0,0.5342
1039.0,0.5339
1040.0,0.5318
1041.0,0.534
1042.0,0.5303
1043.0,0.5287
1044.0,0.5306
1045.0,0.5235
1046.0,0.5178
1047.0,0.5226
1048.0,0.5255
1049.0,0.5237
1050.0,0.5214
1051.0,0.5208
1052.0,0.5188
1053.0,0.5148
1054.0,0.5161
1055.0,0.5166
1056.0,0.515
1057.0,0.5135
1058.0,0.5011
1059.0,0.5018
1060.0,0.5012
1061.0,0.5007
1062.0,0.5035
1063.0,0.4987
1064.0,0.5045
1065.0,0.5014
1066.0,0.4911
1067.0,0.4976
1068.0,0.487
1069.0,0.4717
1070.0,0.4881
1071.0,0.4945
1072.0,0.4897
1073.0,0.4825
1074.0,0.4937
1075.0,0.4725
1076.0,0.4935
1077.0,0.4867
1078.0,0.4782
1079.0,0.485
1080.0,0.4792
1081.0,0.4655
1082.0,0.47
1083.0,0.4707
1084.0,0.4654
1085.0,0.4799
1086.0,0.4438
1087.0,0.4536
1088.0,0.4708
1089.0,0.4597
1090.0,0.4521
1091.0,0.4702
1092.0,0.4683
1093.0,0.4076
1094.0,0.4297
1095.0,0.4229
1096.0,0.4082
1097.0,0.4573
1098.0,0.4028
1099.0,0.4185
1100.0,0.394
1101.0,0.3974
1102.0,0.3824
1103.0,0.3808
1104.0,0.3811
1105.0,0.4099
1106.0,0.332
1107.0,0.3929
1108.0,0.3442
1109.0,0.3427
1110.0,0.3908
1111.0,0.2803
1112.0,0.3392
1113.0,0.2321
1114.0,0.2573
1115.0,0.2138
1116.0,0.181
1117.0,0.0786
1118.0,0.1928
1119.0,0.105
1120.0,0.1322
1121.0,0.1694
1122.0,0.07952
1123.0,0.1192
1124.0,0.1007
1125.0,0.1292
1126.0,0.05331
1127.0,0.1449
1128.0,0.09561
1129.0,0.09993
1130.0,0.07011
1131.0,0.2544
1132.0,0.2034
1133.0,0.1397
1134.0,0.04305
1135.0,0.01584
1136.0,0.1205
1137.0,0.2527
1138.0,0.1808
1139.0,0.2498
1140.0,0.2163
1141.0,0.1717
1142.0,0.1933
1143.0,0.2663
1144.0,0.1035
1145.0,0.1344
1146.0,0.1451
1147.0,0.05994
1148.0,0.2306
1149.0,0.1904
1150.0,0.111
1151.0,0.1795
1152.0,0.2136
1153.0,0.2028
1154.0,0.1324
1155.0,0.2609
1156.0,0.2387
1157.0,0.2625
1158.0,0.2594
1159.0,0.2746
1160.0,0.2411
1161.0,0.2857
1162.0,0.2879
1163.0,0.37
1164.0,0.3244
1165.0,0.3123
1166.0,0.3059
1167.0,0.3296
1168.0,0.3345
1169.0,0.34
1170.0,0.3642
1171.0,0.356
1172.0,0.3594
1173.0,0.3634
1174.0,0.2747
1175.0,0.3528
1176.0,0.3808
1177.0,0.37
1178.0,0.2895
1179.0,0.3835
1180.0,0.3503
1181.0,0.3606
1182.0,0.2614
1183.0,0.3532
1184.0,0.3352
1185.0,0.327
1186.0,0.3757
1187.0,0.3615
1188.0,0.2668
1189.0,0.3377
1190.0,0.3672
1191.0,0.3547
1192.0,0.3716
1193.0,0.3583
1194.0,0.3678
1195.0,0.3521
1196.0,0.342
1197.0,0.3655
1198.0,0.338
1199.0,0.2975
1200.0,0.3542
1201.0,0.345
1202.0,0.3411
1203.0,0.3383
1204.0,0.3017
1205.0,0.346
1206.0,0.3766
1207.0,0.3411
1208.0,0.3328
1209.0,0.3389
1210.0,0.3507
1211.0,0.3379
1212.0,0.338
1213.0,0.3663
1214.0,0.344
1215.0,0.3385
1216.0,0.3649
1217.0,0.3572
1218.0,0.3621
1219.0,0.3585
1220.0,0.3622
1221.0,0.3648
1222.0,0.3565
1223.0,0.3539
1224.0,0.3531
1225.0,0.3625
1226.0,0.3638
1227.0,0.3405
1228.0,0.3646
1229.0,0.3638
1230.0,0.3585
1231.0,0.3656
1232.0,0.3635
1233.0,0.3549
1234.0,0.3645
1235.0,0.3627
1236.0,0.3649
1237.0,0.3614
1238.0,0.3637
1239.0,0.3591
1240.0,0.3602
1241.0,0.3595
1242.0,0.3579
1243.0,0.3549
1244.0,0.3577
1245.0,0.3591
1246.0,0.3569
1247.0,0.3558
1248.0,0.356
1249.0,0.3567
1250.0,0.3548
1251.0,0.3509
1252.0,0.3502
1253.0,0.3487
1254.0,0.3462
1255.0,0.3502
1256.0,0.3428
1257.0,0.3414
1258.0,0.3459
1259.0,0.3371
1260.0,0.3384
1261.0,0.3243
1262.0,0.3172
1263.0,0.3179
1264.0,0.2995
1265.0,0.3158
1266.0,0.3074
1267.0,0.3103
1268.0,0.2983
1269.0,0.2131
1270.0,0.3102
1271.0,0.3226
1272.0,0.3231
1273.0,0.3202
1274.0,0.3205
1275.0,0.3243
1276.0,0.3264
1277.0,0.3275
1278.0,0.3318
1279.0,0.329
1280.0,0.3247
1281.0,0.3089
1282.0,0.2962
1283.0,0.3193
1284.0,0.3272
1285.0,0.3292
1286.0,0.3328
1287.0,0.3292
1288.0,0.3287
1289.0,0.3213
1290.0,0.3256
1291.0,0.3296
1292.0,0.3153
1293.0,0.3246
1294.0,0.3226
1295.0,0.3224
1296.0,0.3115
1297.0,0.2978
1298.0,0.3145
1299.0,0.3244
1300.0,0.285
1301.0,0.2916
1302.0,0.3133
1303.0,0.2801
1304.0,0.2488
1305.0,0.3077
1306.0,0.3083
1307.0,0.2508
1308.0,0.279
1309.0,0.3066
1310.0,0.2464
1311.0,0.2697
1312.0,0.264
1313.0,0.2604
1314.0,0.2367
1315.0,0.2358
1316.0,0.2671
1317.0,0.2541
1318.0,0.2721
1319.0,0.2246
1320.0,0.215
1321.0,0.2463
1322.0,0.2505
1323.0,0.1985
1324.0,0.2202
1325.0,0.2637
1326.0,0.2327
1327.0,0.2236
1328.0,0.196
1329.0,0.1557
1330.0,0.1982
1331.0,0.1305
1332.0,0.1309
1333.0,0.1792
1334.0,0.1477
1335.0,0.1975
1336.0,0.1614
1337.0,0.1462
1338.0,0.1576
1339.0,0.1556
1340.0,0.1487
1341.0,0.1512
1342.0,0.1584
1343.0,0.1208
1344.0,0.07222
1345.0,0.1022
1346.0,0.06051
1347.0,0.06312
1348.0,0.006467
1349.0,0.02018
1350.0,0.019
1351.0,0.006902
1352.0,0.002766
1353.0,0.0002331
1354.0,0.0005961
1355.0,1.266e-05
1356.0,0.0001193
1357.0,0.0001781
1358.0,1.442e-05
1359.0,3.63e-06
1360.0,8.454e-06
1361.0,4.347e-08
1362.0,2.442e-10
1363.0,1.318e-05
1364.0,6.044e-06
1365.0,1.861e-10
1366.0,4.75e-05
1367.0,1.834e-05
1368.0,6.96e-12
1369.0,2.397e-06
1370.0,1.576e-06
1371.0,1.339e-07
1372.0,1.022e-05
1373.0,0.0001241
1374.0,0.0004133
1375.0,0.0007322
1376.0,0.0005285
1377.0,0.0002635
1378.0,0.002121
1379.0,0.0001138
1380.0,0.000196
1381.0,6.602e-06
1382.0,9.97e-06
1383.0,2.094e-07
1384.0,3.011e-06
1385.0,6.935e-06
1386.0,1.075e-05
1387.0,0.0005005
1388.0,1.113e-05
1389.0,0.001213
1390.0,0.001033
1391.0,0.0007572
1392.0,5.805e-05
1393.0,0.0002526
1394.0,0.0002135
1395.0,2.493e-06
1396.0,5.156e-08
1397.0,0.0001158
1398.0,0.002431
1399.0,0.001554
1400.0,3.251e-08
1401.0,8.025e-08
1402.0,0.002854
1403.0,0.003847
1404.0,0.001217
1405.0,1.562e-06
1406.0,0.003546
1407.0,0.0003056
1408.0,0.002855
1409.0,0.001219
1410.0,0.0008724
1411.0,0.003344
1412.0,0.004024
1413.0,0.0283
1414.0,0.0006723
1415.0,0.0003654
1416.0,0.03867
1417.0,0.01475
1418.0,0.01678
1419.0,0.002781
1420.0,0.01042
1421.0,0.01161
1422.0,0.04943
1423.0,0.01049
1424.0,0.01891
1425.0,0.02866
1426.0,0.03003
1427.0,0.04928
1428.0,0.006263
1429.0,0.03935
1430.0,0.06099
1431.0,0.06547
1432.0,0.005033
1433.0,0.0439
1434.0,0.02348
1435.0,0.02735
1436.0,0.04644
1437.0,0.03572
1438.0,0.01689
1439.0,0.06032
1440.0,0.04566
1441.0,0.03768
1442.0,0.04097
1443.0,0.04709
1444.0,0.06359
1445.0,0.05312
1446.0,0.02496
1447.0,0.0394
1448.0,0.108
1449.0,0.09721
1450.0,0.02915
1451.0,0.01269
1452.0,0.06174
1453.0,0.07894
1454.0,0.1239
1455.0,0.06281
1456.0,0.08622
1457.0,0.1086
1458.0,0.1214
1459.0,0.1446
1460.0,0.07897
1461.0,0.08522
1462.0,0.1193
1463.0,0.04266
1464.0,0.136
1465.0,0.08303
1466.0,0.0646
1467.0,0.03746
1468.0,0.07422
1469.0,0.089
1470.0,0.05003
1471.0,0.01937
1472.0,0.04809
1473.0,0.06734
1474.0,0.09041
1475.0,0.1599
1476.0,0.06538
1477.0,0.06722
1478.0,0.05939
1479.0,0.1088
1480.0,0.05809
1481.0,0.105
1482.0,0.05482
1483.0,0.133
1484.0,0.1216
1485.0,0.1115
1486.0,0.1108
1487.0,0.05664
1488.0,0.08938
1489.0,0.1633
1490.0,0.1498
1491.0,0.1654
1492.0,0.1447
1493.0,0.1566
1494.0,0.1713
1495.0,0.1537
1496.0,0.1451
1497.0,0.1873
1498.0,0.1588
1499.0,0.1826
1500.0,0.2037
1501.0,0.214
1502.0,0.1822
1503.0,0.1602
1504.0,0.1329
1505.0,0.1552
1506.0,0.2111
1507.0,0.2055
1508.0,0.1959
1509.0,0.1583
1510.0,0.2184
1511.0,0.2132
1512.0,0.2097
1513.0,0.1974
1514.0,0.187
1515.0,0.2144
1516.0,0.2066
1517.0,0.2041
1518.0,0.2032
1519.0,0.2003
1520.0,0.2118
1521.0,0.2205
1522.0,0.213
1523.0,0.2234
1524.0,0.2188
1525.0,0.2119
1526.0,0.2147
1527.0,0.2128
1528.0,0.2228
1529.0,0.2133
1530.0,0.2103
1531.0,0.2161
1532.0,0.2217
1533.0,0.2211
1534.0,0.2179
1535.0,0.2179
1536.0,0.2211
1537.0,0.2173
1538.0,0.2182
1539.0,0.2152
1540.0,0.215
1541.0,0.217
1542.0,0.2156
1543.0,0.2187
1544.0,0.2171
1545.0,0.2201
1546.0,0.2173
1547.0,0.2137
1548.0,0.2136
1549.0,0.2152
1550.0,0.2138
1551.0,0.2156
1552.0,0.2146
1553.0,0.2125
1554.0,0.2108
1555.0,0.2112
1556.0,0.2112
1557.0,0.2136
1558.0,0.2125
1559.0,0.2111
1560.0,0.2126
1561.0,0.2141
1562.0,0.2117
1563.0,0.2098
1564.0,0.2109
1565.0,0.2109
1566.0,0.2083
1567.0,0.2085
1568.0,0.2065
1569.0,0.2074
1570.0,0.2093
1571.0,0.2109
1572.0,0.2094
1573.0,0.2081
1574.0,0.2009
1575.0,0.1987
1576.0,0.1961
1577.0,0.1912
1578.0,0.201
1579.0,0.2032
1580.0,0.2047
1581.0,0.2016
1582.0,0.1974
1583.0,0.1985
1584.0,0.2012
1585.0,0.2032
1586.0,0.201
1587.0,0.1976
1588.0,0.1913
1589.0,0.1853
1590.0,0.1897
1591.0,0.1943
1592.0,0.2004
1593.0,0.2031
1594.0,0.2031
1595.0,0.2002
1596.0,0.1944
1597.0,0.1997
1598.0,0.2019
1599.0,0.1996
1600.0,0.1981
1601.0,0.1956
1602.0,0.1964
1603.0,0.1979
1604.0,0.1964
1605.0,0.1963
1606.0,0.1941
1607.0,0.1958
1608.0,0.196
1609.0,0.1906
1610.0,0.1866
1611.0,0.19
1612.0,0.192
1613.0,0.1926
1614.0,0.1924
1615.0,0.188
1616.0,0.1852
1617.0,0.189
1618.0,0.192
1619.0,0.1888
1620.0,0.1844
1621.0,0.1867
1622.0,0.1896
1623.0,0.1923
1624.0,0.1903
1625.0,0.1895
1626.0,0.1901
1627.0,0.1914
1628.0,0.1911
1629.0,0.1893
1630.0,0.1882
1631.0,0.1876
1632.0,0.187
1633.0,0.1822
1634.0,0.1853
1635.0,0.1839
1636.0,0.1816
1637.0,0.1792
1638.0,0.1708
1639.0,0.1755
1640.0,0.1706
1641.0,0.1744
1642.0,0.1774
1643.0,0.1711
1644.0,0.1771
1645.0,0.1743
1646.0,0.1721
1647.0,0.1801
1648.0,0.1713
1649.0,0.1765
1650.0,0.1775
1651.0,0.1688
1652.0,0.1765
1653.0,0.1776
1654.0,0.1712
1655.0,0.1776
1656.0,0.176
1657.0,0.1767
1658.0,0.178
1659.0,0.1769
1660.0,0.1784
1661.0,0.1778
1662.0,0.1741
1663.0,0.1765
1664.0,0.1753
1665.0,0.1683
1666.0,0.1467
1667.0,0.1667
1668.0,0.1703
1669.0,0.1718
1670.0,0.1741
1671.0,0.1697
1672.0,0.1672
1673.0,0.1709
1674.0,0.1684
1675.0,0.1655
1676.0,0.1664
1677.0,0.1666
1678.0,0.163
1679.0,0.1643
1680.0,0.1579
1681.0,0.1542
1682.0,0.1613
1683.0,0.1648
1684.0,0.1574
1685.0,0.1667
1686.0,0.1663
1687.0,0.162
1688.0,0.1656
1689.0,0.1638
1690.0,0.164
1691.0,0.1542
1692.0,0.164
1693.0,0.1671
1694.0,0.1627
1695.0,0.1657
1696.0,0.1654
1697.0,0.1465
1698.0,0.1644
1699.0,0.1623
1700.0,0.1588
1702.0,0.1605
1705.0,0.1571
1710.0,0.15
1715.0,0.1502
1720.0,0.1482
1725.0,0.1408
1730.0,0.1389
1735.0,0.1299
1740.0,0.1321
1745.0,0.1252
1750.0,0.1328
1755.0,0.1238
1760.0,0.1284
1765.0,0.1081
1770.0,0.1155
1775.0,0.09611
1780.0,0.08433
1785.0,0.06667
1790.0,0.07628
1795.0,0.04411
1800.0,0.02962
1805.0,0.01584
1810.0,0.0104
1815.0,0.004464
1820.0,0.001481
1825.0,0.001912
1830.0,1.537e-05
1835.0,1.527e-05
1840.0,2.69e-07
1845.0,2.267e-05
1850.0,1.146e-05
1855.0,1.143e-06
1860.0,2.79e-05
1865.0,4.613e-05
1870.0,2.604e-09
1875.0,4.261e-09
1880.0,0.0001659
1885.0,0.0001001
1890.0,0.000461
1895.0,0.0002651
1900.0,2.993e-06
1905.0,1.896e-06
1910.0,6.094e-05
1915.0,4.563e-05
1920.0,0.0008146
1925.0,0.001436
1930.0,0.0008757
1935.0,0.004546
1940.0,0.003905
1945.0,0.01294
1950.0,0.02248
1955.0,0.02168
1960.0,0.03265
1965.0,0.04446
1970.0,0.05868
1975.0,0.06512
1980.0,0.0649
1985.0,0.06873
1990.0,0.07085
1995.0,0.07375
2000.0,0.07695
2005.0,0.06725
2010.0,0.08935
2015.0,0.07454
2020.0,0.07845
2025.0,0.08347
2030.0,0.07835
2035.0,0.08323
2040.0,0.08054
2045.0,0.08261
2050.0,0.08315
2055.0,0.08059
2060.0,0.07836
2065.0,0.07924
2070.0,0.07855
2075.0,0.07974
2080.0,0.07787
2085.0,0.07738
2090.0,0.07779
2095.0,0.07578
2100.0,0.07205
2105.0,0.07625
2110.0,0.0737
2115.0,0.07481
2120.0,0.07117
2125.0,0.07176
2130.0,0.07229
2135.0,0.07248
2140.0,0.07283
2145.0,0.07212
2150.0,0.06877
2155.0,0.06861
2160.0,0.06775
2165.0,0.06218
2170.0,0.06567
2175.0,0.06478
2180.0,0.06586
2185.0,0.06043
2190.0,0.06395
2195.0,0.06351
2200.0,0.05789
2205.0,0.05966
2210.0,0.06326
2215.0,0.06119
2220.0,0.06212
2225.0,0.06053
2230.0,0.06073
2235.0,0.05953
2240.0,0.05885
2245.0,0.05715
2250.0,0.05794
2255.0,0.05503
2260.0,0.05437
2265.0,0.05524
2270.0,0.05287
2275.0,0.05218
2280.0,0.05365
2285.0,0.05114
2290.0,0.05108
2295.0,0.04977
2300.0,0.04793
2305.0,0.04818
2310.0,0.05136
2315.0,0.04724
2320.0,0.0426
2325.0,0.04583
2330.0,0.04613
2335.0,0.04683
2340.0,0.03829
2345.0,0.04224
2350.0,0.0346
2355.0,0.03926
2360.0,0.04115
2365.0,0.04035
2370.0,0.02666
2375.0,0.03663
2380.0,0.035
2385.0,0.0265
2390.0,0.03054
2395.0,0.03326
2400.0,0.03588
2405.0,0.02813
2410.0,0.02834
2415.0,0.0235
2420.0,0.02254
2425.0,0.02779
2430.0,0.0365
2435.0,0.01332
2440.0,0.03541
2445.0,0.01823
2450.0,0.01244
2455.0,0.02145
2460.0,0.02814
2465.0,0.02111
2470.0,0.01536
2475.0,0.01522
2480.0,0.007988
2485.0,0.005928
2490.0,0.003991
2495.0,0.003465
2500.0,0.007474
2505.0,0.001756
2510.0,0.002541
2515.0,0.0006888
2520.0,0.0006341
2525.0,7.414e-05
2530.0,2.678e-06
2535.0,9.366e-07
2540.0,1.753e-06
2545.0,5.588e-10
2550.0,4.374e-12
2555.0,1.016e-08
2560.0,3.15e-10
2565.0,4.399e-13
2570.0,1.701e-16
2575.0,2.249e-24
2580.0,2.013e-19
2585.0,3.748e-30
2590.0,5.11e-27
2595.0,4.219e-30
2600.0,1.805e-24
2605.0,3.463e-31
2610.0,1.12e-29
2615.0,5.182e-33
2620.0,7.631000000000001e-26
2625.0,2.015e-24
2630.0,1.884e-39
2635.0,2.021e-14
2640.0,8.527e-15
2645.0,1.319e-16
2650.0,3.405e-17
2655.0,3.864e-24
2660.0,2.0089999999999997e-22
2665.0,4.873e-33
2670.0,0.0
2675.0,2.825e-32
2680.0,2.1e-21
2685.0,3.4e-22
2690.0,5.162e-21
2695.0,7.66e-24
2700.0,1.105e-19
2705.0,1.707e-17
2710.0,1.0099999999999999e-22
2715.0,1.005e-19
2720.0,7.809e-38
2725.0,6.642e-19
2730.0,7.031e-16
2735.0,7.393e-18
2740.0,2.5839999999999997e-23
2745.0,1.017e-18
2750.0,5.897e-18
2755.0,1.437e-19
2760.0,3.489e-15
2765.0,1.4890000000000002e-20
2770.0,3.366e-18
2775.0,1.98e-15
2780.0,8.451e-14
2785.0,9.695e-14
2790.0,3.66e-11
2795.0,1.918e-11
2800.0,4.124e-09
2805.0,7.993e-11
2810.0,1.475e-07
2815.0,4.671e-08
2820.0,1.17e-09
2825.0,2.903e-06
2830.0,2.936e-05
2835.0,3.57e-09
2840.0,1.492e-06
2845.0,0.0001597
2850.0,6.783e-06
2855.0,1.762e-06
2860.0,6.918e-05
2865.0,0.0003577
2870.0,2.024e-05
2875.0,0.0006775
2880.0,0.0003889
2885.0,0.0007109
2890.0,0.0002791
2895.0,0.003091
2900.0,0.001024
2905.0,0.0001752
2910.0,0.003064
2915.0,0.001566
2920.0,0.003235
2925.0,0.001289
2930.0,0.006101
2935.0,0.006688
2940.0,0.001942
2945.0,0.001765
2950.0,0.005535
2955.0,0.00248
2960.0,0.004864
2965.0,0.007418
2970.0,0.000453
2975.0,0.001072
2980.0,0.001657
2985.0,0.007069
2990.0,0.009728
2995.0,0.0045
3000.0,0.007595
3005.0,0.003118
3010.0,0.006691
3015.0,0.0057
3020.0,0.0008428
3025.0,0.007254
3030.0,0.005953
3035.0,0.002619
3040.0,0.002193
3045.0,0.00436
3050.0,0.001195
3055.0,0.0003926
3060.0,0.006058
3065.0,0.003098
3070.0,0.002
3075.0,0.005819
3080.0,0.003623
3085.0,0.001992
3090.0,0.00264
3095.0,0.0008323
3100.0,0.004398
3105.0,0.001064
3110.0,0.001063
3115.0,0.00247
3120.0,0.009292
3125.0,0.003103
3130.0,0.005487
3135.0,0.01056
3140.0,0.003408
3145.0,0.003297
3150.0,0.006439
3155.0,0.005442
3160.0,0.008659
3165.0,0.01233
3170.0,0.01112
3175.0,0.008481
3180.0,0.00951
3185.0,0.007686
3190.0,0.004106
3195.0,0.002946
3200.0,0.0005685
3205.0,0.0004333
3210.0,0.0002046
3215.0,0.0006646
3220.0,0.001832
3225.0,0.0002607
3230.0,0.0004405
3235.0,0.006859
3240.0,0.00384
3245.0,0.0008212
3250.0,0.002623
3255.0,0.008965
3260.0,0.001365
3265.0,0.002543
3270.0,0.001372
3275.0,0.005652
3280.0,0.002887
3285.0,0.009743
3290.0,0.007876
3295.0,0.0013
3300.0,0.001788
3305.0,0.003869
3310.0,0.00389
3315.0,3.39e-05
3320.0,9.686e-05
3325.0,0.003581
3330.0,0.004304
3335.0,0.008184
3340.0,0.003363
3345.0,0.003489
3350.0,0.007293
3355.0,0.003642
3360.0,0.004977
3365.0,0.006528
3370.0,0.003919
3375.0,0.007629
3380.0,0.004928
3385.0,0.006804
3390.0,0.008743
3395.0,0.008394
3400.0,0.0106
3405.0,0.004313
3410.0,0.006405
3415.0,0.006616
3420.0,0.01109
3425.0,0.00875
3430.0,0.007752
3435.0,0.009886
3440.0,0.007263
3445.0,0.009691
3450.0,0.009587
3455.0,0.007364
3460.0,0.01055
3465.0,0.008527
3470.0,0.0103
3475.0,0.009352
3480.0,0.009557
3485.0,0.01016
3490.0,0.008938
3495.0,0.01024
3500.0,0.01
3505.0,0.00993
3510.0,0.01004
3515.0,0.009669
3520.0,0.01011
3525.0,0.009568
3530.0,0.009368
3535.0,0.008097
3540.0,0.007785
3545.0,0.008152
3550.0,0.008864
3555.0,0.007783
3560.0,0.009034
3565.0,0.009047
3570.0,0.007215
3575.0,0.007469
3580.0,0.008553
3585.0,0.007806
3590.0,0.008027
3595.0,0.008129
3600.0,0.00857
3605.0,0.008634
3610.0,0.008018
3615.0,0.007962
3620.0,0.00951
3625.0,0.008495
3630.0,0.008299
3635.0,0.008529
3640.0,0.009355
3645.0,0.008693
3650.0,0.008347
3655.0,0.008922
3660.0,0.008887
3665.0,0.008407
3670.0,0.006709
3675.0,0.004377
3680.0,0.006993
3685.0,0.00779
3690.0,0.008012
3695.0,0.008229
3700.0,0.008724
3705.0,0.008639
3710.0,0.007682
3715.0,0.007568
3720.0,0.008414
3725.0,0.00861
3730.0,0.007613
3735.0,0.007043
3740.0,0.007174
3745.0,0.008186
3750.0,0.007544
3755.0,0.007347
3760.0,0.007312
3765.0,0.007061
3770.0,0.007471
3775.0,0.007387
3780.0,0.007773
3785.0,0.007234
3790.0,0.006474
3795.0,0.007248
3800.0,0.007996
3805.0,0.007582
3810.0,0.006861
3815.0,0.006462
3820.0,0.007816
3825.0,0.007685
3830.0,0.007768
3835.0,0.006414
3840.0,0.007342
3845.0,0.007193
3850.0,0.007232
3855.0,0.00697
3860.0,0.006595
3865.0,0.00663
3870.0,0.006122
3875.0,0.005677
3880.0,0.005519
3885.0,0.005664
3890.0,0.00573
3895.0,0.006168
3900.0,0.006472
3905.0,0.006454
3910.0,0.005906
3915.0,0.005783
3920.0,0.005771
3925.0,0.005689
3930.0,0.005839
3935.0,0.006032
3940.0,0.00609
3945.0,0.006166
3950.0,0.006228
3955.0,0.006273
3960.0,0.006316
3965.0,0.006357
3970.0,0.006296
3975.0,0.006158
3980.0,0.006083
3985.0,0.006088
3990.0,0.006016
3995.0,0.005904
4000.0,0.005679
