interpolation:linear
wavelength,value
280.0,9.257e-23
280.5,3.0880000000000002e-21
281.0,1.666e-20
281.5,5.146e-19
282.0,5.276e-19
282.5,1.274e-18
283.0,3.992e-18
283.5,6.496e-18
284.0,1.071e-16
284.5,3.138e-16
285.0,5.809e-16
285.5,2.77e-15
286.0,1.109e-14
286.5,4.95e-14
287.0,1.418e-13
287.5,5.466e-13
288.0,1.917e-12
288.5,5.568e-12
289.0,1.449e-11
289.5,4.315e-11
290.0,1.191e-10
290.5,2.424e-10
291.0,5.201e-10
291.5,1.494e-09
292.0,3.029e-09
292.5,4.227e-09
293.0,9.01e-09
293.5,2.176e-08
294.0,3.395e-08
294.5,4.441e-08
295.0,7.493e-08
295.5,1.268e-07
296.0,2.411e-07
296.5,3.319e-07
297.0,4.426e-07
297.5,1.16e-06
298.0,1.788e-06
298.5,1.765e-06
299.0,3.813e-06
299.5,6.092e-06
300.0,6.541e-06
300.5,9.225e-06
301.0,1.594e-05
301.5,2.424e-05
302.0,2.02e-05
302.5,3.919e-05
303.0,7.025e-05
303.5,8.914e-05
304.0,8.592e-05
304.5,0.0001376
305.0,0.0002316
305.5,0.000284
306.0,0.0002823
306.5,0.0003678
307.0,0.0006051
307.5,0.0008907
308.0,0.0009562
308.5,0.001188
309.0,0.001404
309.5,0.0019
310.0,0.002061
310.5,0.003468
311.0,0.004633
311.5,0.004594
312.0,0.005259
312.5,0.006996
313.0,0.00795
313.5,0.00739
314.0,0.01028
314.5,0.0105
315.0,0.01415
315.5,0.01105
316.0,0.01082
316.5,0.01715
317.0,0.02125
317.5,0.0215
318.0,0.01794
318.5,0.02534
319.0,0.03208
319.5,0.02355
320.0,0.028
320.5,0.03997
321.0,0.04006
321.5,0.03886
322.0,0.03647
322.5,0.03193
323.0,0.03454
323.5,0.0468
324.0,0.0554
324.5,0.05424
325.0,0.04408
325.5,0.06062
326.0,0.0772
326.5,0.08095
327.0,0.07932
327.5,0.07497
328.0,0.06276
328.5,0.07107
329.0,0.09023
329.5,0.1043
330.0,0.1037
330.5,0.07932
331.0,0.07958
331.5,0.08366
332.0,0.0949
332.5,0.09597
333.0,0.09449
333.5,0.08251
334.0,0.08405
334.5,0.101
335.0,0.09722
335.5,0.1146
336.0,0.07932
336.5,0.09101
337.0,0.07341
337.5,0.09076
338.0,0.09166
338.5,0.1072
339.0,0.1064
339.5,0.1022
340.0,0.1187
340.5,0.1074
341.0,0.1058
341.5,0.09758
342.0,0.1168
342.5,0.1094
343.0,0.1201
343.5,0.1129
344.0,0.08265
344.5,0.08412
345.0,0.1119
345.5,0.1145
346.0,0.09754
346.5,0.1106
347.0,0.1185
347.5,0.09581
348.0,0.1096
348.5,0.1097
349.0,0.102
349.5,0.101
350.0,0.125
350.5,0.1319
351.0,0.1177
351.5,0.1141
352.0,0.1229
352.5,0.09612
353.0,0.1213
353.5,0.1299
354.0,0.135
354.5,0.1369
355.0,0.1365
355.5,0.1234
356.0,0.1293
356.5,0.1104
357.0,0.09126
357.5,0.1118
358.0,0.08866
358.5,0.07581
359.0,0.106
359.5,0.1351
360.0,0.1433
360.5,0.1146
361.0,0.1046
361.5,0.1207
362.0,0.1045
362.5,0.1448
363.0,0.1302
363.5,0.1201
364.0,0.147
364.5,0.1257
365.0,0.1281
365.5,0.1609
366.0,0.1707
366.5,0.1605
367.0,0.1565
367.5,0.1625
368.0,0.1423
368.5,0.1437
369.0,0.1553
369.5,0.1657
370.0,0.1768
370.5,0.1373
371.0,0.1469
371.5,0.1839
372.0,0.1221
372.5,0.1466
373.0,0.1492
373.5,0.09718
374.0,0.1413
374.5,0.1171
375.0,0.114
375.5,0.1702
376.0,0.1412
376.5,0.1464
377.0,0.1552
377.5,0.1817
378.0,0.1971
378.5,0.1864
379.0,0.1539
379.5,0.1406
380.0,0.1463
380.5,0.1774
381.0,0.178
381.5,0.1413
382.0,0.1256
382.5,0.1072
383.0,0.09937
383.5,0.09581
384.0,0.1058
384.5,0.1557
385.0,0.1546
385.5,0.1441
386.0,0.1235
386.5,0.1625
387.0,0.1351
387.5,0.1519
388.0,0.1403
388.5,0.1389
389.0,0.15
389.5,0.1819
390.0,0.1827
390.5,0.1683
391.0,0.1983
391.5,0.2024
392.0,0.1706
392.5,0.1529
393.0,0.08516
393.5,0.06197
394.0,0.1262
394.5,0.1606
395.0,0.1961
395.5,0.1994
396.0,0.173
396.5,0.1013
397.0,0.07608
397.5,0.1548
398.0,0.2169
398.5,0.2244
399.0,0.2434
399.5,0.2428
400.0,0.2522
401.0,0.2533
402.0,0.2678
403.0,0.255
404.0,0.2514
405.0,0.2518
406.0,0.2482
407.0,0.2447
408.0,0.2545
409.0,0.2728
410.0,0.2388
411.0,0.2591
412.0,0.279
413.0,0.2724
414.0,0.2762
415.0,0.2775
416.0,0.2829
417.0,0.2763
418.0,0.2716
419.0,0.2757
420.0,0.2748
421.0,0.288
422.0,0.2741
423.0,0.2681
424.0,0.2838
425.0,0.2838
426.0,0.2771
427.0,0.2723
428.0,0.2656
429.0,0.2522
430.0,0.2211
431.0,0.2192
432.0,0.2836
433.0,0.2856
434.0,0.2654
435.0,0.2774
436.0,0.3133
437.0,0.3098
438.0,0.2825
439.0,0.2918
440.0,0.3016
441.0,0.3131
442.0,0.3361
443.0,0.3272
444.0,0.335
445.0,0.3279
446.0,0.3139
447.0,0.3402
448.0,0.3452
449.0,0.3476
450.0,0.3578
451.0,0.3714
452.0,0.3583
453.0,0.3375
454.0,0.3531
455.0,0.3554
456.0,0.3642
457.0,0.3704
458.0,0.3574
459.0,0.3558
460.0,0.3566
461.0,0.365
462.0,0.3685
463.0,0.3661
464.0,0.3611
465.0,0.3575
466.0,0.3617
467.0,0.3549
468.0,0.3592
469.0,0.3612
470.0,0.3496
471.0,0.3494
472.0,0.3683
473.0,0.3636
474.0,0.3636
475.0,0.366
476.0,0.3542
477.0,0.3545
478.0,0.3646
479.0,0.3629
480.0,0.3641
481.0,0.3716
482.0,0.3745
483.0,0.371
484.0,0.364
485.0,0.3475
486.0,0.3045
487.0,0.3198
488.0,0.3508
489.0,0.3517
490.0,0.3705
491.0,0.3646
492.0,0.3445
493.0,0.356
494.0,0.3597
495.0,0.363
496.0,0.3653
497.0,0.3709
498.0,0.3535
499.0,0.3577
500.0,0.3467
501.0,0.3397
502.0,0.3337
503.0,0.346
504.0,0.3339
505.0,0.3485
506.0,0.3597
507.0,0.3425
508.0,0.3329
509.0,0.3431
510.0,0.342
511.0,0.352
512.0,0.3562
513.0,0.3372
514.0,0.3352
515.0,0.3319
516.0,0.3309
517.0,0.2943
518.0,0.3093
519.0,0.3243
520.0,0.336
521.0,0.339
522.0,0.339
523.0,0.3326
524.0,0.3439
525.0,0.347
526.0,0.3311
527.0,0.3113
528.0,0.3286
529.0,0.3458
530.0,0.3405
531.0,0.3452
532.0,0.3332
533.0,0.3234
534.0,0.3333
535.0,0.341
536.0,0.3445
537.0,0.3313
538.0,0.3374
539.0,0.3345
540.0,0.3205
541.0,0.3215
542.0,0.3311
543.0,0.3284
544.0,0.3332
545.0,0.3323
546.0,0.3329
547.0,0.3335
548.0,0.33
549.0,0.3312
550.0,0.3352
551.0,0.3313
552.0,0.3336
553.0,0.3275
554.0,0.3352
555.0,0.3356
556.0,0.3311
557.0,0.3204
558.0,0.3175
559.0,0.3109
560.0,0.3144
561.0,0.3179
562.0,0.315
563.0,0.3227
564.0,0.3133
565.0,0.3101
566.0,0.305
567.0,0.31
568.0,0.3054
569.0,0.2947
570.0,0.295
571.0,0.2941
572.0,0.2988
573.0,0.3015
574.0,0.3
575.0,0.2936
576.0,0.291
577.0,0.2945
578.0,0.2911
579.0,0.2939
580.0,0.3021
581.0,0.3057
582.0,0.3132
583.0,0.3154
584.0,0.3192
585.0,0.3119
586.0,0.3056
587.0,0.3112
588.0,0.2993
589.0,0.2569
590.0,0.2693
591.0,0.29
592.0,0.2834
593.0,0.2914
594.0,0.2879
595.0,0.2774
596.0,0.2954
597.0,0.2903
598.0,0.2917
599.0,0.2928
600.0,0.295
601.0,0.2939
602.0,0.2922
603.0,0.2977
604.0,0.303
605.0,0.3019
606.0,0.3014
607.0,0.3052
608.0,0.3027
609.0,0.3039
610.0,0.3025
611.0,0.3046
612.0,0.3042
613.0,0.3008
614.0,0.2974
615.0,0.3045
616.0,0.2951
617.0,0.2949
618.0,0.3066
619.0,0.3038
620.0,0.3057
621.0,0.3055
622.0,0.3015
623.0,0.2965
624.0,0.2919
625.0,0.2911
626.0,0.2952
627.0,0.2968
628.0,0.2571
629.0,0.2827
630.0,0.2754
631.0,0.2885
632.0,0.2864
633.0,0.298
634.0,0.2974
635.0,0.3032
636.0,0.3005
637.0,0.3065
638.0,0.3111
639.0,0.3084
640.0,0.3065
641.0,0.307
642.0,0.3065
643.0,0.3108
644.0,0.3107
645.0,0.3107
646.0,0.301
647.0,0.2917
648.0,0.2926
649.0,0.2859
650.0,0.2947
651.0,0.3087
652.0,0.2889
653.0,0.3051
654.0,0.3023
655.0,0.2874
656.0,0.2573
657.0,0.2647
658.0,0.299
659.0,0.3021
660.0,0.304
661.0,0.3065
662.0,0.3059
663.0,0.3003
664.0,0.3059
665.0,0.3077
666.0,0.3086
667.0,0.3091
668.0,0.3101
669.0,0.3154
670.0,0.3144
671.0,0.3148
672.0,0.3124
673.0,0.3175
674.0,0.3167
675.0,0.3142
676.0,0.3167
677.0,0.3138
678.0,0.315
679.0,0.3102
680.0,0.3129
681.0,0.3109
682.0,0.3106
683.0,0.3101
684.0,0.3085
685.0,0.3115
686.0,0.3093
687.0,0.1261
688.0,0.1793
689.0,0.1811
690.0,0.2024
691.0,0.2282
692.0,0.2497
693.0,0.2471
694.0,0.2477
695.0,0.2687
696.0,0.2698
697.0,0.2983
698.0,0.2934
699.0,0.278
700.0,0.2742
701.0,0.2678
702.0,0.273
703.0,0.2746
704.0,0.2885
705.0,0.2888
706.0,0.2904
707.0,0.2915
708.0,0.2919
709.0,0.2959
710.0,0.2939
711.0,0.2949
712.0,0.2957
713.0,0.291
714.0,0.2927
715.0,0.2799
716.0,0.2792
717.0,0.2123
718.0,0.1931
719.0,0.1746
720.0,0.1797
721.0,0.2147
722.0,0.2637
723.0,0.2367
724.0,0.2022
725.0,0.1958
726.0,0.2056
727.0,0.216
728.0,0.194
729.0,0.2113
730.0,0.2207
731.0,0.2096
732.0,0.2353
733.0,0.2587
734.0,0.2683
735.0,0.2609
736.0,0.2599
737.0,0.2611
738.0,0.2736
739.0,0.2685
740.0,0.278
741.0,0.2767
742.0,0.2786
743.0,0.2862
744.0,0.2864
745.0,0.2873
746.0,0.2886
747.0,0.2895
748.0,0.289
749.0,0.2858
750.0,0.2857
751.0,0.2828
752.0,0.2842
753.0,0.2857
754.0,0.2864
755.0,0.2847
756.0,0.2847
757.0,0.2851
758.0,0.2814
759.0,0.2699
760.0,0.006692
761.0,0.00231
762.0,0.06355
763.0,0.01482
764.0,0.0341
765.0,0.06333
766.0,0.1038
767.0,0.1666
768.0,0.2281
769.0,0.242
770.0,0.2608
771.0,0.2677
772.0,0.2698
773.0,0.2721
774.0,0.2712
775.0,0.2693
776.0,0.2728
777.0,0.2692
778.0,0.2675
779.0,0.2678
780.0,0.2664
781.0,0.2667
782.0,0.2685
783.0,0.264
784.0,0.2654
785.0,0.2631
786.0,0.2656
787.0,0.2566
788.0,0.2515
789.0,0.2514
790.0,0.2393
791.0,0.2469
792.0,0.246
793.0,0.2414
794.0,0.2511
795.0,0.2538
796.0,0.2381
797.0,0.2376
798.0,0.2525
799.0,0.2495
800.0,0.2433
801.0,0.2406
802.0,0.2397
803.0,0.2368
804.0,0.2381
805.0,0.2397
806.0,0.2505
807.0,0.2467
808.0,0.2471
809.0,0.2394
810.0,0.2357
811.0,0.2325
812.0,0.2197
813.0,0.2135
814.0,0.1745
815.0,0.1747
816.0,0.1605
817.0,0.164
818.0,0.1548
819.0,0.1842
820.0,0.1698
821.0,0.2162
822.0,0.2071
823.0,0.1155
824.0,0.1941
825.0,0.2127
826.0,0.1986
827.0,0.2156
828.0,0.1657
829.0,0.1987
830.0,0.195
831.0,0.1955
832.0,0.1864
833.0,0.2059
834.0,0.1938
835.0,0.2258
836.0,0.2068
837.0,0.2264
838.0,0.2147
839.0,0.2232
840.0,0.2292
841.0,0.224
842.0,0.2276
843.0,0.2307
844.0,0.2258
845.0,0.2357
846.0,0.2352
847.0,0.2318
848.0,0.2289
849.0,0.2224
850.0,0.2132
851.0,0.2242
852.0,0.2234
853.0,0.2162
854.0,0.1857
855.0,0.2054
856.0,0.2239
857.0,0.2299
858.0,0.2277
859.0,0.2286
860.0,0.2295
861.0,0.2281
862.0,0.2319
863.0,0.2374
864.0,0.2256
865.0,0.2238
866.0,0.2012
867.0,0.21
868.0,0.2286
869.0,0.2239
870.0,0.2303
871.0,0.2272
872.0,0.2265
873.0,0.226
874.0,0.2234
875.0,0.2188
876.0,0.221
877.0,0.2233
878.0,0.2255
879.0,0.2221
880.0,0.2173
881.0,0.2134
882.0,0.2177
883.0,0.2191
884.0,0.2178
885.0,0.2194
886.0,0.2066
887.0,0.2108
888.0,0.2129
889.0,0.2173
890.0,0.2129
891.0,0.2138
892.0,0.2042
893.0,0.1948
894.0,0.1808
895.0,0.1623
896.0,0.1509
897.0,0.1205
898.0,0.1356
899.0,0.09333
900.0,0.1448
901.0,0.0978
902.0,0.1274
903.0,0.1239
904.0,0.179
905.0,0.1702
906.0,0.1565
907.0,0.1117
908.0,0.1174
909.0,0.1324
910.0,0.1065
911.0,0.1225
912.0,0.1277
913.0,0.1075
914.0,0.109
915.0,0.1167
916.0,0.09771
917.0,0.1342
918.0,0.09913
919.0,0.1406
920.0,0.1512
921.0,0.1561
922.0,0.1317
923.0,0.1519
924.0,0.1321
925.0,0.1299
926.0,0.1296
927.0,0.1527
928.0,0.08985
929.0,0.07655
930.0,0.05139
931.0,0.04826
932.0,0.02719
933.0,0.01932
934.0,0.005807
935.0,0.02179
936.0,0.0101
937.0,0.0102
938.0,0.01367
939.0,0.04651
940.0,0.06222
941.0,0.03945
942.0,0.0491
943.0,0.02695
944.0,0.03396
945.0,0.04237
946.0,0.01481
947.0,0.04063
948.0,0.02928
949.0,0.06196
950.0,0.008684
951.0,0.06147
952.0,0.02466
953.0,0.03731
954.0,0.05228
955.0,0.03854
956.0,0.04572
957.0,0.02444
958.0,0.07128
959.0,0.04747
960.0,0.05333
961.0,0.0672
962.0,0.06343
963.0,0.07986
964.0,0.07134
965.0,0.07886
966.0,0.07863
967.0,0.07708
968.0,0.1323
969.0,0.133
970.0,0.1201
971.0,0.1505
972.0,0.1407
973.0,0.1096
974.0,0.1034
975.0,0.111
976.0,0.09793
977.0,0.1275
978.0,0.1144
979.0,0.1232
980.0,0.1143
981.0,0.1499
982.0,0.1385
983.0,0.1304
984.0,0.1609
985.0,0.1375
986.0,0.1679
987.0,0.1606
988.0,0.1606
989.0,0.1702
990.0,0.1595
991.0,0.1702
992.0,0.1717
993.0,0.1636
994.0,0.1722
995.0,0.1727
996.0,0.1711
997.0,0.1718
998.0,0.1707
999.0,0.1703
1000.0,0.1679
1001.0,0.1713
1002.0,0.1617
1003.0,0.168
1004.0,0.1626
1005.0,0.1584
1006.0,0.1638
1007.0,0.1676
1008.0,0.1659
1009.0,0.1641
1010.0,0.1629
1011.0,0.1669
1012.0,0.1646
1013.0,0.1668
1014.0,0.1656
1015.0,0.1644
1016.0,0.1635
1017.0,0.1637
1018.0,0.1637
1019.0,0.1584
1020.0,0.1626
1021.0,0.1627
1022.0,0.1607
1023.0,0.1624
1024.0,0.1583
1025.0,0.1629
1026.0,0.1617
1027.0,0.1614
1028.0,0.1609
1029.0,0.1588
1030.0,0.1606
1031.0,0.1597
1032.0,0.1594
1033.0,0.157
1034.0,0.1571
1035.0,0.1576
1036.0,0.1581
1037.0,0.1557
1038.0,0.1563
1039.0,0.1561
1040.0,0.1554
1041.0,0.1558
1042.0,0.1547
1043.0,0.1541
1044.0,0.1545
1045.0,0.1523
1046.0,0.1505
1047.0,0.1517
1048.0,0.1524
1049.0,0.1517
1050.0,0.1508
1051.0,0.1504
1052.0,0.1496
1053.0,0.1482
1054.0,0.1483
1055.0,0.148
1056.0,0.1472
1057.0,0.1465
1058.0,0.1426
1059.0,0.1424
1060.0,0.1421
1061.0,0.1417
1062.0,0.1422
1063.0,0.1405
1064.0,0.1423
1065.0,0.1405
1066.0,0.1383
1067.0,0.1399
1068.0,0.1363
1069.0,0.1326
1070.0,0.1366
1071.0,0.1404
1072.0,0.1375
1073.0,0.1358
1074.0,0.1412
1075.0,0.1298
1076.0,0.1408
1077.0,0.1359
1078.0,0.1321
1079.0,0.1394
1080.0,0.1338
1081.0,0.1272
1082.0,0.1331
1083.0,0.1346
1084.0,0.1261
1085.0,0.1344
1086.0,0.117
1087.0,0.1244
1088.0,0.1338
1089.0,0.125
1090.0,0.1204
1091.0,0.1322
1092.0,0.1326
1093.0,0.1014
1094.0,0.1199
1095.0,0.1058
1096.0,0.09851
1097.0,0.1296
1098.0,0.09513
1099.0,0.1007
1100.0,0.0898
1101.0,0.09253
1102.0,0.08534
1103.0,0.08242
1104.0,0.0829
1105.0,0.09742
1106.0,0.05884
1107.0,0.08976
1108.0,0.06672
1109.0,0.06801
1110.0,0.08649
1111.0,0.04622
1112.0,0.06801
1113.0,0.0322
1114.0,0.03618
1115.0,0.02894
1116.0,0.01812
1117.0,0.003279
1118.0,0.02059
1119.0,0.006731
1120.0,0.007904
1121.0,0.012
1122.0,0.002826
1123.0,0.007246
1124.0,0.006069
1125.0,0.00877
1126.0,0.00117
1127.0,0.01009
1128.0,0.003631
1129.0,0.004017
1130.0,0.002441
1131.0,0.02757
1132.0,0.01976
1133.0,0.008283
1134.0,0.0008785
1135.0,0.0004056
1136.0,0.00568
1137.0,0.02536
1138.0,0.01682
1139.0,0.03653
1140.0,0.02599
1141.0,0.01616
1142.0,0.02043
1143.0,0.03438
1144.0,0.007499
1145.0,0.007895
1146.0,0.008484
1147.0,0.001272
1148.0,0.0287
1149.0,0.01992
1150.0,0.009193
1151.0,0.01674
1152.0,0.02416
1153.0,0.02661
1154.0,0.008226
1155.0,0.03802
1156.0,0.03174
1157.0,0.04154
1158.0,0.04087
1159.0,0.04636
1160.0,0.03821
1161.0,0.0544
1162.0,0.05375
1163.0,0.08748
1164.0,0.06983
1165.0,0.0607
1166.0,0.06481
1167.0,0.07304
1168.0,0.07288
1169.0,0.07579
1170.0,0.08715
1171.0,0.08496
1172.0,0.08992
1173.0,0.08707
1174.0,0.05216
1175.0,0.08832
1176.0,0.104
1177.0,0.095
1178.0,0.06346
1179.0,0.1047
1180.0,0.08611
1181.0,0.08905
1182.0,0.05221
1183.0,0.08911
1184.0,0.08026
1185.0,0.07449
1186.0,0.09835
1187.0,0.09035
1188.0,0.05118
1189.0,0.08376
1190.0,0.09702
1191.0,0.0853
1192.0,0.09904
1193.0,0.09258
1194.0,0.09698
1195.0,0.0871
1196.0,0.08149
1197.0,0.0987
1198.0,0.08863
1199.0,0.06621
1200.0,0.09145
1201.0,0.08464
1202.0,0.08744
1203.0,0.08444
1204.0,0.07036
1205.0,0.09184
1206.0,0.1059
1207.0,0.0857
1208.0,0.08719
1209.0,0.08929
1210.0,0.09524
1211.0,0.08759
1212.0,0.08093
1213.0,0.09962
1214.0,0.08478
1215.0,0.08282
1216.0,0.1001
1217.0,0.09567
1218.0,0.09905
1219.0,0.09663
1220.0,0.09936
1221.0,0.1016
1222.0,0.09823
1223.0,0.09644
1224.0,0.09371
1225.0,0.1005
1226.0,0.1028
1227.0,0.08963
1228.0,0.1043
1229.0,0.1028
1230.0,0.1001
1231.0,0.1062
1232.0,0.1055
1233.0,0.09746
1234.0,0.1072
1235.0,0.1057
1236.0,0.1071
1237.0,0.1039
1238.0,0.1068
1239.0,0.1053
1240.0,0.106
1241.0,0.1043
1242.0,0.1051
1243.0,0.1043
1244.0,0.1047
1245.0,0.1054
1246.0,0.1048
1247.0,0.1041
1248.0,0.1034
1249.0,0.1042
1250.0,0.1032
1251.0,0.1011
1252.0,0.1021
1253.0,0.09956
1254.0,0.09727
1255.0,0.1016
1256.0,0.09551
1257.0,0.09434
1258.0,0.09864
1259.0,0.09022
1260.0,0.09128
1261.0,0.08037
1262.0,0.07506
1263.0,0.07505
1264.0,0.06303
1265.0,0.07468
1266.0,0.06808
1267.0,0.07189
1268.0,0.06408
1269.0,0.02074
1270.0,0.0706
1271.0,0.08091
1272.0,0.08171
1273.0,0.08019
1274.0,0.08135
1275.0,0.08355
1276.0,0.08553
1277.0,0.08768
1278.0,0.09161
1279.0,0.09075
1280.0,0.08969
1281.0,0.0867
1282.0,0.08539
1283.0,0.09157
1284.0,0.09344
1285.0,0.09439
1286.0,0.09665
1287.0,0.0933
1288.0,0.09392
1289.0,0.08725
1290.0,0.09323
1291.0,0.09523
1292.0,0.08302
1293.0,0.09192
1294.0,0.09102
1295.0,0.08823
1296.0,0.08051
1297.0,0.07363
1298.0,0.08503
1299.0,0.09257
1300.0,0.06908
1301.0,0.0726
1302.0,0.08503
1303.0,0.06893
1304.0,0.05091
1305.0,0.08284
1306.0,0.0817
1307.0,0.05485
1308.0,0.07043
1309.0,0.07942
1310.0,0.05292
1311.0,0.06558
1312.0,0.06295
1313.0,0.05936
1314.0,0.05012
1315.0,0.04791
1316.0,0.06298
1317.0,0.05833
1318.0,0.06696
1319.0,0.043
1320.0,0.04322
1321.0,0.05383
1322.0,0.05251
1323.0,0.03231
1324.0,0.04263
1325.0,0.0607
1326.0,0.04763
1327.0,0.04403
1328.0,0.03529
1329.0,0.02068
1330.0,0.03022
1331.0,0.01273
1332.0,0.01443
1333.0,0.0211
1334.0,0.02194
1335.0,0.0313
1336.0,0.02131
1337.0,0.01836
1338.0,0.01938
1339.0,0.0199
1340.0,0.02104
1341.0,0.01649
1342.0,0.01794
1343.0,0.007192
1344.0,0.004768
1345.0,0.006289
1346.0,0.001394
1347.0,0.001182
1348.0,1.857e-05
1349.0,8.567e-05
1350.0,0.0001048
1351.0,8.305e-06
1352.0,1.076e-06
1353.0,5.06e-08
1354.0,1.884e-07
1355.0,1.363e-09
1356.0,2.454e-08
1357.0,3.721e-08
1358.0,1.601e-09
1359.0,2.012e-10
1360.0,7.277e-10
1361.0,8.134e-13
1362.0,2.225e-15
1363.0,9.778e-10
1364.0,4.037e-10
1365.0,7.768e-16
1366.0,4.238e-09
1367.0,1.731e-09
1368.0,5.998e-18
1369.0,1.488e-10
1370.0,7.325e-11
1371.0,4.152e-12
1372.0,9.391e-10
1373.0,1.905e-08
1374.0,9.06e-08
1375.0,1.615e-07
1376.0,1.625e-07
1377.0,7.269e-08
1378.0,7.003e-07
1379.0,3.096e-08
1380.0,4.063e-08
1381.0,1.052e-09
1382.0,8.227e-10
1383.0,1.23e-11
1384.0,1.612e-10
1385.0,7.75e-10
1386.0,7.249e-10
1387.0,8.824e-08
1388.0,1.78e-09
1389.0,3.132e-07
1390.0,2.645e-07
1391.0,1.767e-07
1392.0,1.16e-08
1393.0,6.409e-08
1394.0,3.005e-08
1395.0,2.197e-10
1396.0,1.059e-12
1397.0,2.432e-08
1398.0,7.27e-07
1399.0,4.67e-07
1400.0,4.527e-13
1401.0,1.878e-12
1402.0,2.855e-06
1403.0,2.636e-06
1404.0,6.894e-07
1405.0,1.038e-10
1406.0,1.399e-06
1407.0,2.083e-07
1408.0,1.187e-06
1409.0,3.372e-07
1410.0,3.364e-07
1411.0,2.446e-06
1412.0,4.703e-06
1413.0,0.0001201
1414.0,2.824e-07
1415.0,1.194e-07
1416.0,0.0006138
1417.0,9.489e-05
1418.0,5.787e-05
1419.0,7.778e-06
1420.0,3.468e-05
1421.0,6.362e-05
1422.0,0.0007923
1423.0,0.0001395
1424.0,0.0003454
1425.0,0.0003603
1426.0,0.0006736
1427.0,0.001671
1428.0,1.387e-05
1429.0,0.0008866
1430.0,0.002643
1431.0,0.003192
1432.0,1.061e-05
1433.0,0.001665
1434.0,0.0006873
1435.0,0.0003061
1436.0,0.00114
1437.0,0.0009024
1438.0,0.0002499
1439.0,0.001743
1440.0,0.001477
1441.0,0.0006985
1442.0,0.0006458
1443.0,0.001363
1444.0,0.002633
1445.0,0.001308
1446.0,0.0003979
1447.0,0.0008621
1448.0,0.008113
1449.0,0.006384
1450.0,0.0007337
1451.0,0.0002214
1452.0,0.00264
1453.0,0.003872
1454.0,0.01208
1455.0,0.003666
1456.0,0.004615
1457.0,0.008551
1458.0,0.01373
1459.0,0.01617
1460.0,0.00654
1461.0,0.005046
1462.0,0.01081
1463.0,0.002137
1464.0,0.01574
1465.0,0.008629
1466.0,0.002761
1467.0,0.0009945
1468.0,0.003918
1469.0,0.006212
1470.0,0.001186
1471.0,0.0004743
1472.0,0.001101
1473.0,0.003112
1474.0,0.00771
1475.0,0.02099
1476.0,0.003923
1477.0,0.003358
1478.0,0.004491
1479.0,0.01091
1480.0,0.002902
1481.0,0.009348
1482.0,0.003775
1483.0,0.01483
1484.0,0.01569
1485.0,0.01283
1486.0,0.01065
1487.0,0.002897
1488.0,0.008853
1489.0,0.02505
1490.0,0.02454
1491.0,0.03029
1492.0,0.01872
1493.0,0.02396
1494.0,0.03183
1495.0,0.02656
1496.0,0.02361
1497.0,0.0431
1498.0,0.03037
1499.0,0.03769
1500.0,0.04971
1501.0,0.0508
1502.0,0.04253
1503.0,0.03136
1504.0,0.02192
1505.0,0.03038
1506.0,0.05374
1507.0,0.05037
1508.0,0.04807
1509.0,0.03032
1510.0,0.05727
1511.0,0.05273
1512.0,0.05486
1513.0,0.04495
1514.0,0.04017
1515.0,0.0571
1516.0,0.05357
1517.0,0.04975
1518.0,0.05071
1519.0,0.04757
1520.0,0.05394
1521.0,0.06344
1522.0,0.05662
1523.0,0.06474
1524.0,0.0609
1525.0,0.05487
1526.0,0.05629
1527.0,0.05664
1528.0,0.06398
1529.0,0.05946
1530.0,0.05695
1531.0,0.05931
1532.0,0.06468
1533.0,0.06522
1534.0,0.06362
1535.0,0.06237
1536.0,0.06446
1537.0,0.06232
1538.0,0.06426
1539.0,0.06256
1540.0,0.06356
1541.0,0.06378
1542.0,0.06237
1543.0,0.06427
1544.0,0.06276
1545.0,0.06504
1546.0,0.06335
1547.0,0.06298
1548.0,0.063
1549.0,0.06386
1550.0,0.06325
1551.0,0.06356
1552.0,0.06253
1553.0,0.06289
1554.0,0.06215
1555.0,0.06255
1556.0,0.06241
1557.0,0.06326
1558.0,0.0629
1559.0,0.06244
1560.0,0.06285
1561.0,0.06331
1562.0,0.06218
1563.0,0.06182
1564.0,0.06202
1565.0,0.06244
1566.0,0.06144
1567.0,0.06166
1568.0,0.06089
1569.0,0.06152
1570.0,0.06199
1571.0,0.06239
1572.0,0.06196
1573.0,0.0614
1574.0,0.05906
1575.0,0.05823
1576.0,0.05694
1577.0,0.05536
1578.0,0.0579
1579.0,0.05793
1580.0,0.05863
1581.0,0.0578
1582.0,0.05677
1583.0,0.05686
1584.0,0.05869
1585.0,0.05951
1586.0,0.0586
1587.0,0.0577
1588.0,0.05668
1589.0,0.05498
1590.0,0.05598
1591.0,0.05748
1592.0,0.05876
1593.0,0.06013
1594.0,0.05973
1595.0,0.05919
1596.0,0.05731
1597.0,0.05839
1598.0,0.05974
1599.0,0.05909
1600.0,0.05885
1601.0,0.05784
1602.0,0.0578
1603.0,0.05877
1604.0,0.05829
1605.0,0.0583
1606.0,0.05762
1607.0,0.05815
1608.0,0.05778
1609.0,0.05648
1610.0,0.0553
1611.0,0.0562
1612.0,0.05702
1613.0,0.05685
1614.0,0.057
1615.0,0.05579
1616.0,0.05488
1617.0,0.05571
1618.0,0.05694
1619.0,0.0555
1620.0,0.05474
1621.0,0.05526
1622.0,0.05612
1623.0,0.05698
1624.0,0.0561
1625.0,0.0559
1626.0,0.05595
1627.0,0.05649
1628.0,0.05614
1629.0,0.05584
1630.0,0.05539
1631.0,0.05464
1632.0,0.05475
1633.0,0.05218
1634.0,0.05448
1635.0,0.05247
1636.0,0.05285
1637.0,0.05266
1638.0,0.04749
1639.0,0.05143
1640.0,0.04665
1641.0,0.05078
1642.0,0.05232
1643.0,0.04588
1644.0,0.05249
1645.0,0.0489
1646.0,0.04588
1647.0,0.05322
1648.0,0.04588
1649.0,0.05117
1650.0,0.05182
1651.0,0.04401
1652.0,0.05065
1653.0,0.0517
1654.0,0.04596
1655.0,0.05171
1656.0,0.04961
1657.0,0.05055
1658.0,0.05224
1659.0,0.05159
1660.0,0.05208
1661.0,0.05157
1662.0,0.04907
1663.0,0.05185
1664.0,0.05101
1665.0,0.04537
1666.0,0.02911
1667.0,0.04495
1668.0,0.04933
1669.0,0.04946
1670.0,0.05104
1671.0,0.049
1672.0,0.04893
1673.0,0.05034
1674.0,0.04806
1675.0,0.04761
1676.0,0.04841
1677.0,0.04783
1678.0,0.04533
1679.0,0.04841
1680.0,0.04616
1681.0,0.04353
1682.0,0.04754
1683.0,0.04856
1684.0,0.04084
1685.0,0.0491
1686.0,0.04891
1687.0,0.04516
1688.0,0.04835
1689.0,0.04788
1690.0,0.04723
1691.0,0.0391
1692.0,0.0466
1693.0,0.04919
1694.0,0.04551
1695.0,0.04829
1696.0,0.04859
1697.0,0.03448
1698.0,0.04768
1699.0,0.04705
1700.0,0.04482
1702.0,0.04661
1705.0,0.04391
1710.0,0.04091
1715.0,0.04139
1720.0,0.04138
1725.0,0.03661
1730.0,0.03665
1735.0,0.03419
1740.0,0.03423
1745.0,0.03171
1750.0,0.03418
1755.0,0.03035
1760.0,0.0322
1765.0,0.02393
1770.0,0.02544
1775.0,0.01801
1780.0,0.01403
1785.0,0.008663
1790.0,0.01063
1795.0,0.002193
1800.0,0.002006
1805.0,0.0001717
1810.0,0.0001881
1815.0,5.653e-06
1820.0,5.306e-07
1825.0,7.568e-07
1830.0,6.826e-10
1835.0,1.283e-09
1840.0,5.9e-12
1845.0,6.294e-10
1850.0,2.84e-10
1855.0,2.722e-11
1860.0,1.758e-09
1865.0,2.253e-09
1870.0,1.186e-14
1875.0,2.143e-14
1880.0,1.448e-08
1885.0,7.149e-09
1890.0,3.795e-08
1895.0,2.665e-08
1900.0,8.35e-11
1905.0,5.739e-11
1910.0,2.86e-09
1915.0,3.437e-09
1920.0,1.014e-07
1925.0,5.095e-07
1930.0,4.532e-07
1935.0,1.445e-05
1940.0,3.822e-05
1945.0,0.0002655
1950.0,0.001105
1955.0,0.0006019
1960.0,0.002425
1965.0,0.005419
1970.0,0.009742
1975.0,0.01179
1980.0,0.01247
1985.0,0.01435
1990.0,0.01497
1995.0,0.01667
2000.0,0.01846
2005.0,0.01382
2010.0,0.02522
2015.0,0.01675
2020.0,0.01902
2025.0,0.02262
2030.0,0.01945
2035.0,0.0235
2040.0,0.02127
2045.0,0.0224
2050.0,0.02375
2055.0,0.02194
2060.0,0.02089
2065.0,0.02179
2070.0,0.02134
2075.0,0.02273
2080.0,0.02211
2085.0,0.02199
2090.0,0.02253
2095.0,0.02166
2100.0,0.01917
2105.0,0.02189
2110.0,0.02035
2115.0,0.02156
2120.0,0.01944
2125.0,0.02014
2130.0,0.02083
2135.0,0.0211
2140.0,0.02146
2145.0,0.02121
2150.0,0.01876
2155.0,0.01883
2160.0,0.01888
2165.0,0.01699
2170.0,0.01858
2175.0,0.01744
2180.0,0.01855
2185.0,0.01558
2190.0,0.01764
2195.0,0.01733
2200.0,0.01341
2205.0,0.01546
2210.0,0.0182
2215.0,0.01671
2220.0,0.01741
2225.0,0.01666
2230.0,0.01682
2235.0,0.01615
2240.0,0.01595
2245.0,0.01468
2250.0,0.01569
2255.0,0.01358
2260.0,0.01322
2265.0,0.01423
2270.0,0.01241
2275.0,0.01209
2280.0,0.01379
2285.0,0.01191
2290.0,0.01201
2295.0,0.0116
2300.0,0.01023
2305.0,0.0105
2310.0,0.01334
2315.0,0.01042
2320.0,0.008024
2325.0,0.01088
2330.0,0.01038
2335.0,0.01108
2340.0,0.006708
2345.0,0.008277
2350.0,0.005722
2355.0,0.007289
2360.0,0.008335
2365.0,0.00872
2370.0,0.002791
2375.0,0.00656
2380.0,0.006454
2385.0,0.003637
2390.0,0.004952
2395.0,0.005733
2400.0,0.006699
2405.0,0.00453
2410.0,0.004499
2415.0,0.002801
2420.0,0.002884
2425.0,0.004003
2430.0,0.006557
2435.0,0.001057
2440.0,0.006638
2445.0,0.001819
2450.0,0.0008416
2455.0,0.002631
2460.0,0.003739
2465.0,0.001976
2470.0,0.0008418
2475.0,0.0008003
2480.0,0.0002734
2485.0,7.722e-05
2490.0,2.115e-05
2495.0,1.912e-05
2500.0,0.0001227
2505.0,2.091e-05
2510.0,3.411e-05
2515.0,3.041e-06
2520.0,7.927e-08
2525.0,2.373e-08
2530.0,1.677e-11
2535.0,3.703e-12
2540.0,8.787e-12
2545.0,6.813e-16
2550.0,2.762e-18
2555.0,1.326e-14
2560.0,3.979e-16
2565.0,8.907e-20
2570.0,2.652e-24
2575.0,1.6780000000000001e-34
2580.0,1.749e-28
2585.0,3.6560000000000005e-42
2590.0,2.281e-38
2595.0,4.438e-40
2600.0,3.654e-35
2605.0,4.039e-42
2610.0,1.3899999999999998e-41
2615.0,1.4009999999999999e-45
2620.0,1.225e-35
2625.0,2.243e-35
2630.0,0.0
2635.0,1.168e-21
2640.0,2.5289999999999997e-22
2645.0,1.102e-24
2650.0,1.098e-25
2655.0,1.32e-34
2660.0,1.112e-31
2665.0,1.121e-44
2670.0,0.0
2675.0,5.325e-44
2680.0,2.254e-30
2685.0,2.153e-31
2690.0,8.055e-31
2695.0,3.16e-33
2700.0,9.205e-29
2705.0,2.611e-26
2710.0,2.079e-31
2715.0,2.625e-29
2720.0,0.0
2725.0,5.878e-27
2730.0,1.713e-24
2735.0,1.954e-26
2740.0,3.53e-32
2745.0,4.551e-27
2750.0,2.551e-26
2755.0,4.104e-28
2760.0,6.148e-23
2765.0,2.886e-29
2770.0,1.4180000000000002e-26
2775.0,1.751e-23
2780.0,8.15e-21
2785.0,3.0600000000000005e-20
2790.0,6.977e-18
2795.0,1.535e-18
2800.0,4.91e-15
2805.0,9.163e-17
2810.0,3.674e-13
2815.0,1.096e-13
2820.0,1.339e-15
2825.0,1.183e-11
2830.0,2.835e-10
2835.0,3.518e-15
2840.0,7.868e-12
2845.0,6.656e-09
2850.0,4.6e-11
2855.0,5.302e-11
2860.0,2.436e-09
2865.0,3.464e-08
2870.0,2.265e-10
2875.0,2.687e-07
2880.0,6.046e-07
2885.0,2.914e-07
2890.0,4.851e-07
2895.0,3.083e-05
2900.0,3.436e-06
2905.0,1.499e-07
2910.0,4.062e-05
2915.0,9.459e-06
2920.0,4.033e-05
2925.0,1.495e-05
2930.0,0.0001959
2935.0,0.0002146
2940.0,2.593e-05
2945.0,9.657e-06
2950.0,0.0001385
2955.0,6.91e-05
2960.0,0.0001764
2965.0,0.0004293
2970.0,2.42e-06
2975.0,1.481e-05
2980.0,2.256e-05
2985.0,0.000403
2990.0,0.0009499
2995.0,0.0001388
3000.0,0.0004645
3005.0,8.766e-05
3010.0,0.0004512
3015.0,0.0002548
3020.0,1.756e-06
3025.0,0.0004587
3030.0,0.0003262
3035.0,6.089e-05
3040.0,5.146e-05
3045.0,0.0001219
3050.0,1.687e-05
3055.0,1.568e-06
3060.0,0.0003664
3065.0,7.966e-05
3070.0,2.493e-05
3075.0,0.0003209
3080.0,0.0001364
3085.0,2.654e-05
3090.0,4.365e-05
3095.0,4.322e-06
3100.0,0.0001917
3105.0,1.717e-05
3110.0,3.528e-06
3115.0,3.844e-05
3120.0,0.0007649
3125.0,0.0001666
3130.0,0.0004303
3135.0,0.001042
3140.0,0.0001327
3145.0,0.0001405
3150.0,0.0004645
3155.0,0.0003939
3160.0,0.0007741
3165.0,0.001816
3170.0,0.001622
3175.0,0.0007781
3180.0,0.001213
3185.0,0.000421
3190.0,0.0002386
3195.0,3.843e-05
3200.0,1.116e-06
3205.0,3.506e-07
3210.0,1.739e-07
3215.0,2.427e-06
3220.0,1.22e-05
3225.0,1.205e-06
3230.0,1.49e-06
3235.0,0.0004268
3240.0,7.252e-05
3245.0,1.44e-05
3250.0,6.781e-05
3255.0,0.0007949
3260.0,1.619e-05
3265.0,5.134e-05
3270.0,9.766e-06
3275.0,0.0002986
3280.0,7.725e-05
3285.0,0.001168
3290.0,0.0006103
3295.0,3.092e-05
3300.0,4.306e-05
3305.0,0.0001437
3310.0,0.0001093
3315.0,1.902e-10
3320.0,1.906e-08
3325.0,6.754e-05
3330.0,0.0003857
3335.0,0.0007695
3340.0,0.0002365
3345.0,0.000139
3350.0,0.0008241
3355.0,0.0001481
3360.0,0.0003657
3365.0,0.0007532
3370.0,0.000131
3375.0,0.001033
3380.0,0.0002336
3385.0,0.0007853
3390.0,0.00105
3395.0,0.001172
3400.0,0.002177
3405.0,0.0001828
3410.0,0.000829
3415.0,0.0005303
3420.0,0.002521
3425.0,0.001161
3430.0,0.0007869
3435.0,0.002068
3440.0,0.0006766
3445.0,0.001814
3450.0,0.001664
3455.0,0.0008934
3460.0,0.002392
3465.0,0.001172
3470.0,0.00235
3475.0,0.00167
3480.0,0.001773
3485.0,0.002219
3490.0,0.001478
3495.0,0.002326
3500.0,0.002195
3505.0,0.002165
3510.0,0.002259
3515.0,0.00205
3520.0,0.002394
3525.0,0.002116
3530.0,0.001967
3535.0,0.001286
3540.0,0.001162
3545.0,0.001301
3550.0,0.001808
3555.0,0.001289
3560.0,0.001948
3565.0,0.001907
3570.0,0.001164
3575.0,0.001114
3580.0,0.001765
3585.0,0.001345
3590.0,0.001523
3595.0,0.001723
3600.0,0.001945
3605.0,0.001829
3610.0,0.001558
3615.0,0.001713
3620.0,0.0025
3625.0,0.001827
3630.0,0.00184
3635.0,0.001943
3640.0,0.002485
3645.0,0.001981
3650.0,0.001875
3655.0,0.002252
3660.0,0.002262
3665.0,0.001874
3670.0,0.00121
3675.0,0.0004131
3680.0,0.001214
3685.0,0.001608
3690.0,0.001702
3695.0,0.001977
3700.0,0.002381
3705.0,0.0023
3710.0,0.001709
3715.0,0.001725
3720.0,0.002196
3725.0,0.002313
3730.0,0.001766
3735.0,0.001489
3740.0,0.00162
3745.0,0.002189
3750.0,0.00184
3755.0,0.001736
3760.0,0.001605
3765.0,0.001556
3770.0,0.001819
3775.0,0.001788
3780.0,0.001992
3785.0,0.001635
3790.0,0.001322
3795.0,0.00175
3800.0,0.002173
3805.0,0.001928
3810.0,0.001466
3815.0,0.001353
3820.0,0.002116
3825.0,0.002029
3830.0,0.002115
3835.0,0.001276
3840.0,0.001821
3845.0,0.001714
3850.0,0.001739
3855.0,0.001595
3860.0,0.001332
3865.0,0.001364
3870.0,0.001065
3875.0,0.0008319
3880.0,0.0007614
3885.0,0.000847
3890.0,0.0008835
3895.0,0.001137
3900.0,0.00135
3905.0,0.001351
3910.0,0.001014
3915.0,0.0009568
3920.0,0.0009635
3925.0,0.0009301
3930.0,0.001022
3935.0,0.001153
3940.0,0.001199
3945.0,0.00127
3950.0,0.00134
3955.0,0.001391
3960.0,0.001432
3965.0,0.001469
3970.0,0.001438
3975.0,0.001353
3980.0,0.001315
3985.0,0.001345
3990.0,0.001312
3995.0,0.001251
4000.0,0.001172
