interpolation:linear
wavelength,value
280.0,5.800999999999999e-22
280.5,1.2000000000000001e-20
281.0,5.513e-20
281.5,1.192e-18
282.0,7.659e-18
282.5,2.544e-17
283.0,9.648e-17
283.5,1.675e-16
284.0,3.151e-15
284.5,9.402e-15
285.0,2.651e-14
285.5,1.775e-13
286.0,7.773e-13
286.5,3.964e-12
287.0,1.217e-11
287.5,4.991e-11
288.0,1.715e-10
288.5,6.376e-10
289.0,2e-09
289.5,6.957e-09
290.0,2.134e-08
290.5,4.7e-08
291.0,1.098e-07
291.5,3.488e-07
292.0,7.869e-07
292.5,1.139e-06
293.0,2.534e-06
293.5,6.466e-06
294.0,1.048e-05
294.5,2.042e-05
295.0,3.608e-05
295.5,7.534e-05
296.0,0.0001334
296.5,0.0001714
297.0,0.0002165
297.5,0.0005242
298.0,0.0007575
298.5,0.0007129
299.0,0.001473
299.5,0.002183
300.0,0.002257
300.5,0.003065
301.0,0.005003
301.5,0.007268
302.0,0.005933
302.5,0.01083
303.0,0.01784
303.5,0.02128
304.0,0.0193
304.5,0.02631
305.0,0.03523
305.5,0.03736
306.0,0.03511
306.5,0.04164
307.0,0.05562
307.5,0.06702
308.0,0.06966
308.5,0.07844
309.0,0.07406
309.5,0.07917
310.0,0.07703
310.5,0.1228
311.0,0.1501
311.5,0.1431
312.0,0.1351
312.5,0.1582
313.0,0.1682
313.5,0.1663
314.0,0.1985
314.5,0.1657
315.0,0.2153
315.5,0.1853
316.0,0.1541
316.5,0.212
317.0,0.2633
317.5,0.2772
318.0,0.21
318.5,0.2468
319.0,0.2848
319.5,0.2425
320.0,0.2949
320.5,0.3489
321.0,0.2955
321.5,0.2818
322.0,0.3167
322.5,0.2746
323.0,0.264
323.5,0.3136
324.0,0.3638
324.5,0.3746
325.0,0.3298
325.5,0.4122
326.0,0.4989
326.5,0.4902
327.0,0.4917
327.5,0.4789
328.0,0.4371
328.5,0.4455
329.0,0.5208
329.5,0.5868
330.0,0.5951
330.5,0.4848
331.0,0.4968
331.5,0.498
332.0,0.5274
332.5,0.517
333.0,0.5179
333.5,0.4754
334.0,0.488
334.5,0.5537
335.0,0.5154
335.5,0.6016
336.0,0.4161
336.5,0.4894
337.0,0.4041
337.5,0.5037
338.0,0.4852
338.5,0.5595
339.0,0.5535
339.5,0.5321
340.0,0.6255
340.5,0.5629
341.0,0.5491
341.5,0.5038
342.0,0.6018
342.5,0.5627
343.0,0.6189
343.5,0.5827
344.0,0.4302
344.5,0.4346
345.0,0.5747
345.5,0.5864
346.0,0.4981
346.5,0.5637
347.0,0.6051
347.5,0.4891
348.0,0.5572
348.5,0.5567
349.0,0.5162
349.5,0.5109
350.0,0.6316
350.5,0.666
351.0,0.5949
351.5,0.5783
352.0,0.6207
352.5,0.4841
353.0,0.6094
353.5,0.6514
354.0,0.676
354.5,0.6855
355.0,0.6831
355.5,0.6168
356.0,0.6451
356.5,0.5507
357.0,0.455
357.5,0.557
358.0,0.4413
358.5,0.377
359.0,0.5273
359.5,0.672
360.0,0.7122
360.5,0.5691
361.0,0.5186
361.5,0.5967
362.0,0.5157
362.5,0.7133
363.0,0.6403
363.5,0.5895
364.0,0.7207
364.5,0.6159
365.0,0.6271
365.5,0.7869
366.0,0.8334
366.5,0.7827
367.0,0.7621
367.5,0.7907
368.0,0.6917
368.5,0.6978
369.0,0.7534
369.5,0.8028
370.0,0.8556
370.5,0.6639
371.0,0.7092
371.5,0.8871
372.0,0.5887
372.5,0.7057
373.0,0.7176
373.5,0.4668
374.0,0.6781
374.5,0.5614
375.0,0.5457
375.5,0.8146
376.0,0.6752
376.5,0.6996
377.0,0.7405
377.5,0.8662
378.0,0.9389
378.5,0.8874
379.0,0.7323
379.5,0.6689
380.0,0.6954
380.5,0.842
381.0,0.8435
381.5,0.6684
382.0,0.5934
382.5,0.5057
383.0,0.468
383.5,0.4507
384.0,0.497
384.5,0.7309
385.0,0.7247
385.5,0.6747
386.0,0.5777
386.5,0.7587
387.0,0.6304
387.5,0.708
388.0,0.6535
388.5,0.6459
389.0,0.6971
389.5,0.8442
390.0,0.847
390.5,0.7794
391.0,0.9173
391.5,0.9355
392.0,0.7878
392.5,0.7052
393.0,0.3923
393.5,0.2851
394.0,0.58
394.5,0.7373
395.0,0.8996
395.5,0.9138
396.0,0.7921
396.5,0.4629
397.0,0.3473
397.5,0.7063
398.0,0.9891
398.5,1.022
399.0,1.106
399.5,1.103
400.0,1.145
401.0,1.165
402.0,1.228
403.0,1.166
404.0,1.148
405.0,1.148
406.0,1.128
407.0,1.11
408.0,1.153
409.0,1.234
410.0,1.078
411.0,1.167
412.0,1.252
413.0,1.221
414.0,1.236
415.0,1.238
416.0,1.259
417.0,1.228
418.0,1.205
419.0,1.22
420.0,1.215
421.0,1.27
422.0,1.207
423.0,1.179
424.0,1.247
425.0,1.244
426.0,1.211
427.0,1.188
428.0,1.157
429.0,1.095
430.0,0.9581
431.0,0.9498
432.0,1.226
433.0,1.232
434.0,1.144
435.0,1.195
436.0,1.345
437.0,1.326
438.0,1.207
439.0,1.249
440.0,1.288
441.0,1.334
442.0,1.431
443.0,1.394
444.0,1.423
445.0,1.393
446.0,1.328
447.0,1.435
448.0,1.458
449.0,1.462
450.0,1.503
451.0,1.558
452.0,1.501
453.0,1.411
454.0,1.472
455.0,1.481
456.0,1.516
457.0,1.541
458.0,1.489
459.0,1.481
460.0,1.485
461.0,1.519
462.0,1.53
463.0,1.519
464.0,1.493
465.0,1.473
466.0,1.487
467.0,1.46
468.0,1.477
469.0,1.485
470.0,1.437
471.0,1.435
472.0,1.512
473.0,1.493
474.0,1.496
475.0,1.509
476.0,1.465
477.0,1.47
478.0,1.511
479.0,1.501
480.0,1.503
481.0,1.53
482.0,1.536
483.0,1.517
484.0,1.485
485.0,1.414
486.0,1.236
487.0,1.294
488.0,1.42
489.0,1.425
490.0,1.498
491.0,1.472
492.0,1.39
493.0,1.435
494.0,1.449
495.0,1.461
496.0,1.47
497.0,1.493
498.0,1.423
499.0,1.442
500.0,1.4
501.0,1.375
502.0,1.357
503.0,1.414
504.0,1.382
505.0,1.428
506.0,1.475
507.0,1.403
508.0,1.358
509.0,1.395
510.0,1.387
511.0,1.423
512.0,1.438
513.0,1.361
514.0,1.351
515.0,1.338
516.0,1.335
517.0,1.186
518.0,1.246
519.0,1.307
520.0,1.355
521.0,1.368
522.0,1.37
523.0,1.345
524.0,1.394
525.0,1.411
526.0,1.349
527.0,1.272
528.0,1.346
529.0,1.419
530.0,1.399
531.0,1.42
532.0,1.371
533.0,1.331
534.0,1.37
535.0,1.399
536.0,1.412
537.0,1.356
538.0,1.379
539.0,1.368
540.0,1.312
541.0,1.322
542.0,1.364
543.0,1.348
544.0,1.373
545.0,1.368
546.0,1.375
547.0,1.374
548.0,1.357
549.0,1.36
550.0,1.377
551.0,1.36
552.0,1.369
553.0,1.345
554.0,1.377
555.0,1.38
556.0,1.362
557.0,1.32
558.0,1.311
559.0,1.287
560.0,1.304
561.0,1.321
562.0,1.312
563.0,1.349
564.0,1.313
565.0,1.302
566.0,1.284
567.0,1.309
568.0,1.299
569.0,1.272
570.0,1.271
571.0,1.263
572.0,1.296
573.0,1.31
574.0,1.307
575.0,1.283
576.0,1.271
577.0,1.285
578.0,1.264
579.0,1.267
580.0,1.289
581.0,1.293
582.0,1.316
583.0,1.317
584.0,1.328
585.0,1.295
586.0,1.268
587.0,1.297
588.0,1.271
589.0,1.136
590.0,1.187
591.0,1.25
592.0,1.238
593.0,1.252
594.0,1.245
595.0,1.218
596.0,1.258
597.0,1.246
598.0,1.24
599.0,1.24
600.0,1.24
601.0,1.228
602.0,1.22
603.0,1.239
604.0,1.259
605.0,1.252
606.0,1.246
607.0,1.258
608.0,1.243
609.0,1.244
610.0,1.235
611.0,1.241
612.0,1.237
613.0,1.221
614.0,1.203
615.0,1.229
616.0,1.188
617.0,1.185
618.0,1.23
619.0,1.217
620.0,1.225
621.0,1.227
622.0,1.213
623.0,1.196
624.0,1.174
625.0,1.172
626.0,1.189
627.0,1.204
628.0,1.146
629.0,1.183
630.0,1.157
631.0,1.176
632.0,1.16
633.0,1.192
634.0,1.179
635.0,1.196
636.0,1.179
637.0,1.197
638.0,1.207
639.0,1.192
640.0,1.18
641.0,1.179
642.0,1.172
643.0,1.188
644.0,1.183
645.0,1.186
646.0,1.161
647.0,1.153
648.0,1.155
649.0,1.133
650.0,1.13
651.0,1.178
652.0,1.137
653.0,1.162
654.0,1.148
655.0,1.11
656.0,0.9806
657.0,1.007
658.0,1.126
659.0,1.133
660.0,1.137
661.0,1.145
662.0,1.149
663.0,1.126
664.0,1.137
665.0,1.136
666.0,1.136
667.0,1.134
668.0,1.134
669.0,1.151
670.0,1.146
671.0,1.145
672.0,1.135
673.0,1.152
674.0,1.147
675.0,1.137
676.0,1.144
677.0,1.132
678.0,1.135
679.0,1.117
680.0,1.126
681.0,1.118
682.0,1.117
683.0,1.114
684.0,1.109
685.0,1.118
686.0,1.112
687.0,0.8335
688.0,0.93
689.0,0.9318
690.0,0.9621
691.0,0.9956
692.0,1.018
693.0,1.012
694.0,1.004
695.0,1.034
696.0,1.035
697.0,1.084
698.0,1.067
699.0,1.051
700.0,1.039
701.0,1.031
702.0,1.035
703.0,1.037
704.0,1.064
705.0,1.066
706.0,1.063
707.0,1.063
708.0,1.065
709.0,1.063
710.0,1.065
711.0,1.062
712.0,1.058
713.0,1.048
714.0,1.052
715.0,1.022
716.0,1.024
717.0,0.9231
718.0,0.8547
719.0,0.7871
720.0,0.8267
721.0,0.8902
722.0,0.9941
723.0,0.9383
724.0,0.8597
725.0,0.851
726.0,0.8876
727.0,0.8924
728.0,0.8502
729.0,0.8692
730.0,0.9188
731.0,0.8836
732.0,0.9316
733.0,0.9732
734.0,0.9928
735.0,0.9741
736.0,0.9726
737.0,0.9769
738.0,0.9837
739.0,0.9645
740.0,0.987
741.0,0.9757
742.0,0.9751
743.0,0.9995
744.0,0.9957
745.0,0.9952
746.0,0.9997
747.0,1.002
748.0,0.9996
749.0,0.9881
750.0,0.9874
751.0,0.9774
752.0,0.9815
753.0,0.9864
754.0,0.9886
755.0,0.983
756.0,0.9825
757.0,0.984
758.0,0.9719
759.0,0.9569
760.0,0.2666
761.0,0.1681
762.0,0.5894
763.0,0.3607
764.0,0.4821
765.0,0.5899
766.0,0.675
767.0,0.8049
768.0,0.8928
769.0,0.9037
770.0,0.9256
771.0,0.9292
772.0,0.9299
773.0,0.9361
774.0,0.9313
775.0,0.924
776.0,0.9352
777.0,0.9228
778.0,0.9173
779.0,0.918
780.0,0.9128
781.0,0.9137
782.0,0.9193
783.0,0.9032
784.0,0.9074
785.0,0.901
786.0,0.9112
787.0,0.8989
788.0,0.8895
789.0,0.8897
790.0,0.8715
791.0,0.8738
792.0,0.8667
793.0,0.8533
794.0,0.8621
795.0,0.8781
796.0,0.8585
797.0,0.8598
798.0,0.8779
799.0,0.8737
800.0,0.8603
801.0,0.8592
802.0,0.8566
803.0,0.8509
804.0,0.8513
805.0,0.8465
806.0,0.8669
807.0,0.8572
808.0,0.8576
809.0,0.8441
810.0,0.8391
811.0,0.8436
812.0,0.8246
813.0,0.8109
814.0,0.7314
815.0,0.7265
816.0,0.679
817.0,0.689
818.0,0.6673
819.0,0.73
820.0,0.6939
821.0,0.7896
822.0,0.7706
823.0,0.5592
824.0,0.7553
825.0,0.777
826.0,0.754
827.0,0.7887
828.0,0.6881
829.0,0.7481
830.0,0.7404
831.0,0.7422
832.0,0.723
833.0,0.759
834.0,0.7386
835.0,0.7976
836.0,0.7719
837.0,0.7993
838.0,0.7781
839.0,0.7865
840.0,0.8027
841.0,0.793
842.0,0.7922
843.0,0.7892
844.0,0.7797
845.0,0.8041
846.0,0.8002
847.0,0.7845
848.0,0.7807
849.0,0.7586
850.0,0.7266
851.0,0.7705
852.0,0.7646
853.0,0.735
854.0,0.6354
855.0,0.697
856.0,0.7621
857.0,0.7784
858.0,0.773
859.0,0.7732
860.0,0.7742
861.0,0.7701
862.0,0.782
863.0,0.8005
864.0,0.7604
865.0,0.7537
866.0,0.6777
867.0,0.7072
868.0,0.7695
869.0,0.7535
870.0,0.7749
871.0,0.7644
872.0,0.7616
873.0,0.7601
874.0,0.751
875.0,0.7359
876.0,0.7436
877.0,0.751
878.0,0.7594
879.0,0.7476
880.0,0.7316
881.0,0.7212
882.0,0.7369
883.0,0.7388
884.0,0.7356
885.0,0.7411
886.0,0.7082
887.0,0.7143
888.0,0.7258
889.0,0.7323
890.0,0.7282
891.0,0.7259
892.0,0.7075
893.0,0.6887
894.0,0.6706
895.0,0.6415
896.0,0.6083
897.0,0.5337
898.0,0.5757
899.0,0.4519
900.0,0.5828
901.0,0.4729
902.0,0.5367
903.0,0.5478
904.0,0.6655
905.0,0.6462
906.0,0.6077
907.0,0.5102
908.0,0.5182
909.0,0.5532
910.0,0.5034
911.0,0.5282
912.0,0.5486
913.0,0.5115
914.0,0.5048
915.0,0.5453
916.0,0.4665
917.0,0.5757
918.0,0.4786
919.0,0.5827
920.0,0.5817
921.0,0.603
922.0,0.5493
923.0,0.582
924.0,0.5634
925.0,0.5515
926.0,0.5574
927.0,0.6142
928.0,0.4786
929.0,0.4445
930.0,0.3619
931.0,0.3406
932.0,0.2579
933.0,0.2169
934.0,0.1344
935.0,0.2159
936.0,0.1444
937.0,0.1479
938.0,0.1779
939.0,0.33
940.0,0.3883
941.0,0.3051
942.0,0.3453
943.0,0.2367
944.0,0.241
945.0,0.3125
946.0,0.1721
947.0,0.3172
948.0,0.2354
949.0,0.4115
950.0,0.1355
951.0,0.4029
952.0,0.234
953.0,0.2907
954.0,0.3439
955.0,0.2926
956.0,0.2789
957.0,0.2361
958.0,0.3768
959.0,0.3126
960.0,0.3498
961.0,0.3826
962.0,0.3635
963.0,0.4102
964.0,0.3789
965.0,0.4075
966.0,0.4099
967.0,0.4088
968.0,0.5187
969.0,0.5436
970.0,0.5036
971.0,0.5636
972.0,0.5416
973.0,0.4844
974.0,0.4619
975.0,0.4741
976.0,0.4569
977.0,0.5068
978.0,0.487
979.0,0.5058
980.0,0.4784
981.0,0.5597
982.0,0.5398
983.0,0.521
984.0,0.5717
985.0,0.5376
986.0,0.5788
987.0,0.5706
988.0,0.5696
989.0,0.5752
990.0,0.5658
991.0,0.5772
992.0,0.5802
993.0,0.5705
994.0,0.5797
995.0,0.5786
996.0,0.5765
997.0,0.5771
998.0,0.5745
999.0,0.5723
1000.0,0.569
1001.0,0.5753
1002.0,0.5625
1003.0,0.5653
1004.0,0.5523
1005.0,0.531
1006.0,0.5523
1007.0,0.5637
1008.0,0.5612
1009.0,0.5588
1010.0,0.5567
1011.0,0.5607
1012.0,0.5565
1013.0,0.5592
1014.0,0.5553
1015.0,0.5517
1016.0,0.5493
1017.0,0.5508
1018.0,0.5483
1019.0,0.5378
1020.0,0.5456
1021.0,0.5447
1022.0,0.5409
1023.0,0.5467
1024.0,0.5408
1025.0,0.5459
1026.0,0.5439
1027.0,0.5426
1028.0,0.5415
1029.0,0.5352
1030.0,0.5385
1031.0,0.5365
1032.0,0.5348
1033.0,0.5268
1034.0,0.5267
1035.0,0.5284
1036.0,0.5313
1037.0,0.5226
1038.0,0.5249
1039.0,0.5247
1040.0,0.5226
1041.0,0.5248
1042.0,0.5211
1043.0,0.5195
1044.0,0.5214
1045.0,0.5144
1046.0,0.5088
1047.0,0.5135
1048.0,0.5164
1049.0,0.5146
1050.0,0.5123
1051.0,0.5118
1052.0,0.5098
1053.0,0.5059
1054.0,0.5071
1055.0,0.5076
1056.0,0.506
1057.0,0.5046
1058.0,0.4923
1059.0,0.493
1060.0,0.4924
1061.0,0.4919
1062.0,0.4947
1063.0,0.4899
1064.0,0.4957
1065.0,0.4925
1066.0,0.4825
1067.0,0.4888
1068.0,0.4784
1069.0,0.4634
1070.0,0.4795
1071.0,0.4859
1072.0,0.4811
1073.0,0.474
1074.0,0.485
1075.0,0.464
1076.0,0.4848
1077.0,0.478
1078.0,0.4697
1079.0,0.4766
1080.0,0.4707
1081.0,0.4571
1082.0,0.4617
1083.0,0.4624
1084.0,0.457
1085.0,0.4714
1086.0,0.4356
1087.0,0.4455
1088.0,0.4626
1089.0,0.4515
1090.0,0.4438
1091.0,0.4619
1092.0,0.46
1093.0,0.3998
1094.0,0.4221
1095.0,0.415
1096.0,0.4004
1097.0,0.4492
1098.0,0.3951
1099.0,0.4105
1100.0,0.3862
1101.0,0.3897
1102.0,0.3748
1103.0,0.3731
1104.0,0.3734
1105.0,0.4021
1106.0,0.3246
1107.0,0.3852
1108.0,0.3369
1109.0,0.3355
1110.0,0.383
1111.0,0.274
1112.0,0.3321
1113.0,0.2264
1114.0,0.251
1115.0,0.2086
1116.0,0.176
1117.0,0.07577
1118.0,0.1877
1119.0,0.1017
1120.0,0.1281
1121.0,0.1645
1122.0,0.07678
1123.0,0.1155
1124.0,0.09761
1125.0,0.1253
1126.0,0.05127
1127.0,0.1406
1128.0,0.0923
1129.0,0.09656
1130.0,0.06748
1131.0,0.2479
1132.0,0.198
1133.0,0.1354
1134.0,0.0413
1135.0,0.01521
1136.0,0.1166
1137.0,0.2462
1138.0,0.1759
1139.0,0.2441
1140.0,0.2109
1141.0,0.1671
1142.0,0.1883
1143.0,0.2598
1144.0,0.1004
1145.0,0.1303
1146.0,0.1406
1147.0,0.05762
1148.0,0.225
1149.0,0.1854
1150.0,0.1077
1151.0,0.1747
1152.0,0.2082
1153.0,0.198
1154.0,0.1282
1155.0,0.2548
1156.0,0.233
1157.0,0.2565
1158.0,0.2534
1159.0,0.2686
1160.0,0.2354
1161.0,0.2795
1162.0,0.2816
1163.0,0.363
1164.0,0.3178
1165.0,0.3057
1166.0,0.2996
1167.0,0.323
1168.0,0.3278
1169.0,0.3332
1170.0,0.3572
1171.0,0.3492
1172.0,0.3526
1173.0,0.3564
1174.0,0.2687
1175.0,0.3462
1176.0,0.3739
1177.0,0.3632
1178.0,0.2836
1179.0,0.3766
1180.0,0.3436
1181.0,0.3537
1182.0,0.2558
1183.0,0.3467
1184.0,0.3287
1185.0,0.3205
1186.0,0.3688
1187.0,0.3547
1188.0,0.261
1189.0,0.3313
1190.0,0.3604
1191.0,0.348
1192.0,0.3648
1193.0,0.3517
1194.0,0.361
1195.0,0.3455
1196.0,0.3354
1197.0,0.3589
1198.0,0.3317
1199.0,0.2915
1200.0,0.3476
1201.0,0.3384
1202.0,0.3347
1203.0,0.3319
1204.0,0.2957
1205.0,0.3397
1206.0,0.3699
1207.0,0.3347
1208.0,0.3267
1209.0,0.3326
1210.0,0.3444
1211.0,0.3316
1212.0,0.3315
1213.0,0.3597
1214.0,0.3375
1215.0,0.3321
1216.0,0.3584
1217.0,0.3507
1218.0,0.3556
1219.0,0.3521
1220.0,0.3558
1221.0,0.3583
1222.0,0.3501
1223.0,0.3476
1224.0,0.3467
1225.0,0.3561
1226.0,0.3573
1227.0,0.3343
1228.0,0.3582
1229.0,0.3573
1230.0,0.3521
1231.0,0.3593
1232.0,0.3572
1233.0,0.3486
1234.0,0.3582
1235.0,0.3564
1236.0,0.3586
1237.0,0.3551
1238.0,0.3574
1239.0,0.3528
1240.0,0.354
1241.0,0.3532
1242.0,0.3517
1243.0,0.3488
1244.0,0.3515
1245.0,0.3528
1246.0,0.3508
1247.0,0.3496
1248.0,0.3499
1249.0,0.3505
1250.0,0.3487
1251.0,0.3448
1252.0,0.3441
1253.0,0.3426
1254.0,0.3401
1255.0,0.3441
1256.0,0.3368
1257.0,0.3354
1258.0,0.3398
1259.0,0.3311
1260.0,0.3324
1261.0,0.3183
1262.0,0.3112
1263.0,0.3119
1264.0,0.2936
1265.0,0.3098
1266.0,0.3015
1267.0,0.3044
1268.0,0.2924
1269.0,0.2077
1270.0,0.3042
1271.0,0.3167
1272.0,0.3172
1273.0,0.3143
1274.0,0.3147
1275.0,0.3183
1276.0,0.3205
1277.0,0.3216
1278.0,0.3259
1279.0,0.3231
1280.0,0.3189
1281.0,0.3035
1282.0,0.291
1283.0,0.3137
1284.0,0.3215
1285.0,0.3234
1286.0,0.327
1287.0,0.3234
1288.0,0.3229
1289.0,0.3155
1290.0,0.3199
1291.0,0.3238
1292.0,0.3096
1293.0,0.3189
1294.0,0.3169
1295.0,0.3167
1296.0,0.3058
1297.0,0.2922
1298.0,0.3089
1299.0,0.3187
1300.0,0.2795
1301.0,0.2861
1302.0,0.3077
1303.0,0.2748
1304.0,0.2436
1305.0,0.3021
1306.0,0.3027
1307.0,0.2457
1308.0,0.2738
1309.0,0.301
1310.0,0.2414
1311.0,0.2646
1312.0,0.2589
1313.0,0.2553
1314.0,0.2319
1315.0,0.2309
1316.0,0.2619
1317.0,0.2491
1318.0,0.267
1319.0,0.2198
1320.0,0.2105
1321.0,0.2414
1322.0,0.2454
1323.0,0.1939
1324.0,0.2155
1325.0,0.2586
1326.0,0.2279
1327.0,0.2188
1328.0,0.1917
1329.0,0.1519
1330.0,0.1936
1331.0,0.1269
1332.0,0.1275
1333.0,0.1747
1334.0,0.1441
1335.0,0.193
1336.0,0.1575
1337.0,0.1425
1338.0,0.1536
1339.0,0.1517
1340.0,0.1451
1341.0,0.1473
1342.0,0.1543
1343.0,0.117
1344.0,0.06993
1345.0,0.0991
1346.0,0.0582
1347.0,0.06065
1348.0,0.006073
1349.0,0.0191
1350.0,0.01807
1351.0,0.006438
1352.0,0.002536
1353.0,0.0002084
1354.0,0.0005403
1355.0,1.095e-05
1356.0,0.0001063
1357.0,0.000159
1358.0,1.25e-05
1359.0,3.051e-06
1360.0,7.248e-06
1361.0,3.469e-08
1362.0,1.877e-10
1363.0,1.127e-05
1364.0,5.127e-06
1365.0,1.384e-10
1366.0,4.099e-05
1367.0,1.581e-05
1368.0,4.824e-12
1369.0,2.026e-06
1370.0,1.315e-06
1371.0,1.095e-07
1372.0,8.799e-06
1373.0,0.0001096
1374.0,0.0003708
1375.0,0.0006591
1376.0,0.0004793
1377.0,0.0002379
1378.0,0.001937
1379.0,0.0001025
1380.0,0.0001753
1381.0,5.82e-06
1382.0,8.558e-06
1383.0,1.764e-07
1384.0,2.535e-06
1385.0,6.029e-06
1386.0,9.152e-06
1387.0,0.0004468
1388.0,9.828e-06
1389.0,0.001099
1390.0,0.0009369
1391.0,0.0006828
1392.0,5.18e-05
1393.0,0.0002278
1394.0,0.0001885
1395.0,2.146e-06
1396.0,4.15e-08
1397.0,0.0001037
1398.0,0.00222
1399.0,0.001417
1400.0,2.574e-08
1401.0,6.503e-08
1402.0,0.00265
1403.0,0.003564
1404.0,0.001125
1405.0,1.329e-06
1406.0,0.003266
1407.0,0.0002807
1408.0,0.00263
1409.0,0.001111
1410.0,0.0007974
1411.0,0.003098
1412.0,0.003748
1413.0,0.02689
1414.0,0.000615
1415.0,0.0003322
1416.0,0.03705
1417.0,0.01395
1418.0,0.0159
1419.0,0.002624
1420.0,0.009863
1421.0,0.01096
1422.0,0.04744
1423.0,0.01
1424.0,0.01808
1425.0,0.02737
1426.0,0.0288
1427.0,0.04756
1428.0,0.005874
1429.0,0.03784
1430.0,0.05896
1431.0,0.06337
1432.0,0.004715
1433.0,0.04235
1434.0,0.02259
1435.0,0.02609
1436.0,0.04462
1437.0,0.03431
1438.0,0.01611
1439.0,0.05813
1440.0,0.04395
1441.0,0.03612
1442.0,0.03934
1443.0,0.04544
1444.0,0.06142
1445.0,0.05113
1446.0,0.02398
1447.0,0.03781
1448.0,0.1049
1449.0,0.09426
1450.0,0.02797
1451.0,0.01211
1452.0,0.05967
1453.0,0.07644
1454.0,0.1206
1455.0,0.06087
1456.0,0.08345
1457.0,0.1055
1458.0,0.1184
1459.0,0.1409
1460.0,0.07671
1461.0,0.08264
1462.0,0.116
1463.0,0.0412
1464.0,0.1326
1465.0,0.08086
1466.0,0.06245
1467.0,0.03599
1468.0,0.07187
1469.0,0.08631
1470.0,0.0482
1471.0,0.01856
1472.0,0.04632
1473.0,0.06516
1474.0,0.0879
1475.0,0.1561
1476.0,0.06334
1477.0,0.06505
1478.0,0.05761
1479.0,0.1059
1480.0,0.05621
1481.0,0.1021
1482.0,0.05313
1483.0,0.1295
1484.0,0.1186
1485.0,0.1085
1486.0,0.1079
1487.0,0.05475
1488.0,0.08693
1489.0,0.1595
1490.0,0.1464
1491.0,0.1619
1492.0,0.1412
1493.0,0.1529
1494.0,0.1676
1495.0,0.1503
1496.0,0.1418
1497.0,0.1836
1498.0,0.1554
1499.0,0.1788
1500.0,0.1998
1501.0,0.2099
1502.0,0.1786
1503.0,0.1568
1504.0,0.1298
1505.0,0.1518
1506.0,0.2072
1507.0,0.2016
1508.0,0.1922
1509.0,0.1549
1510.0,0.2144
1511.0,0.2092
1512.0,0.2058
1513.0,0.1935
1514.0,0.1833
1515.0,0.2105
1516.0,0.2028
1517.0,0.2003
1518.0,0.1994
1519.0,0.1964
1520.0,0.2079
1521.0,0.2166
1522.0,0.2092
1523.0,0.2195
1524.0,0.2149
1525.0,0.208
1526.0,0.2108
1527.0,0.209
1528.0,0.2189
1529.0,0.2095
1530.0,0.2065
1531.0,0.2122
1532.0,0.2179
1533.0,0.2173
1534.0,0.2141
1535.0,0.2141
1536.0,0.2173
1537.0,0.2135
1538.0,0.2144
1539.0,0.2115
1540.0,0.2113
1541.0,0.2132
1542.0,0.2119
1543.0,0.2149
1544.0,0.2133
1545.0,0.2163
1546.0,0.2135
1547.0,0.21
1548.0,0.2099
1549.0,0.2115
1550.0,0.2101
1551.0,0.2119
1552.0,0.2108
1553.0,0.2088
1554.0,0.2072
1555.0,0.2076
1556.0,0.2075
1557.0,0.2099
1558.0,0.2088
1559.0,0.2075
1560.0,0.209
1561.0,0.2104
1562.0,0.2081
1563.0,0.2062
1564.0,0.2072
1565.0,0.2073
1566.0,0.2047
1567.0,0.2049
1568.0,0.2029
1569.0,0.2039
1570.0,0.2057
1571.0,0.2073
1572.0,0.2058
1573.0,0.2046
1574.0,0.1974
1575.0,0.1952
1576.0,0.1927
1577.0,0.1879
1578.0,0.1975
1579.0,0.1997
1580.0,0.2011
1581.0,0.1981
1582.0,0.1939
1583.0,0.195
1584.0,0.1977
1585.0,0.1996
1586.0,0.1975
1587.0,0.1942
1588.0,0.1881
1589.0,0.1821
1590.0,0.1865
1591.0,0.1909
1592.0,0.197
1593.0,0.1996
1594.0,0.1996
1595.0,0.1967
1596.0,0.1911
1597.0,0.1963
1598.0,0.1984
1599.0,0.1962
1600.0,0.1947
1601.0,0.1922
1602.0,0.193
1603.0,0.1945
1604.0,0.1931
1605.0,0.1929
1606.0,0.1908
1607.0,0.1924
1608.0,0.1926
1609.0,0.1873
1610.0,0.1834
1611.0,0.1867
1612.0,0.1887
1613.0,0.1893
1614.0,0.1891
1615.0,0.1848
1616.0,0.182
1617.0,0.1858
1618.0,0.1887
1619.0,0.1856
1620.0,0.1812
1621.0,0.1834
1622.0,0.1863
1623.0,0.189
1624.0,0.187
1625.0,0.1863
1626.0,0.1868
1627.0,0.1881
1628.0,0.1878
1629.0,0.186
1630.0,0.185
1631.0,0.1844
1632.0,0.1838
1633.0,0.1791
1634.0,0.182
1635.0,0.1807
1636.0,0.1784
1637.0,0.1761
1638.0,0.1678
1639.0,0.1724
1640.0,0.1675
1641.0,0.1714
1642.0,0.1743
1643.0,0.168
1644.0,0.1741
1645.0,0.1712
1646.0,0.169
1647.0,0.177
1648.0,0.1682
1649.0,0.1734
1650.0,0.1744
1651.0,0.1657
1652.0,0.1734
1653.0,0.1745
1654.0,0.1681
1655.0,0.1746
1656.0,0.1729
1657.0,0.1736
1658.0,0.1749
1659.0,0.1739
1660.0,0.1754
1661.0,0.1747
1662.0,0.171
1663.0,0.1734
1664.0,0.1723
1665.0,0.1653
1666.0,0.1438
1667.0,0.1637
1668.0,0.1673
1669.0,0.1688
1670.0,0.1711
1671.0,0.1667
1672.0,0.1643
1673.0,0.1679
1674.0,0.1654
1675.0,0.1626
1676.0,0.1635
1677.0,0.1637
1678.0,0.1601
1679.0,0.1615
1680.0,0.1552
1681.0,0.1515
1682.0,0.1585
1683.0,0.162
1684.0,0.1545
1685.0,0.1639
1686.0,0.1634
1687.0,0.1591
1688.0,0.1627
1689.0,0.161
1690.0,0.1612
1691.0,0.1513
1692.0,0.1611
1693.0,0.1642
1694.0,0.1598
1695.0,0.1628
1696.0,0.1626
1697.0,0.1437
1698.0,0.1615
1699.0,0.1595
1700.0,0.156
1702.0,0.1577
1705.0,0.1543
1710.0,0.1473
1715.0,0.1475
1720.0,0.1456
1725.0,0.1382
1730.0,0.1363
1735.0,0.1275
1740.0,0.1297
1745.0,0.1228
1750.0,0.1304
1755.0,0.1214
1760.0,0.126
1765.0,0.106
1770.0,0.1132
1775.0,0.09403
1780.0,0.08241
1785.0,0.06499
1790.0,0.07442
1795.0,0.04272
1800.0,0.02872
1805.0,0.01517
1810.0,0.009945
1815.0,0.0042
1820.0,0.001376
1825.0,0.001778
1830.0,1.349e-05
1835.0,1.364e-05
1840.0,2.284e-07
1845.0,1.96e-05
1850.0,9.86e-06
1855.0,9.767e-07
1860.0,2.484e-05
1865.0,4.082e-05
1870.0,2.061e-09
1875.0,3.39e-09
1880.0,0.0001497
1885.0,8.976e-05
1890.0,0.0004183
1895.0,0.0002402
1900.0,2.589e-06
1905.0,1.645e-06
1910.0,5.406e-05
1915.0,4.093e-05
1920.0,0.0007471
1925.0,0.001335
1930.0,0.0008107
1935.0,0.004289
1940.0,0.003707
1945.0,0.01243
1950.0,0.02172
1955.0,0.02089
1960.0,0.0317
1965.0,0.04329
1970.0,0.05733
1975.0,0.06369
1980.0,0.06351
1985.0,0.06731
1990.0,0.0694
1995.0,0.07229
2000.0,0.07546
2005.0,0.06585
2010.0,0.08778
2015.0,0.07306
2020.0,0.07695
2025.0,0.08196
2030.0,0.07687
2035.0,0.08176
2040.0,0.07907
2045.0,0.08113
2050.0,0.08169
2055.0,0.07914
2060.0,0.07694
2065.0,0.07783
2070.0,0.07714
2075.0,0.07834
2080.0,0.0765
2085.0,0.07602
2090.0,0.07643
2095.0,0.07445
2100.0,0.07073
2105.0,0.07492
2110.0,0.07238
2115.0,0.0735
2120.0,0.0699
2125.0,0.07049
2130.0,0.07102
2135.0,0.07122
2140.0,0.07158
2145.0,0.07087
2150.0,0.06754
2155.0,0.06739
2160.0,0.06655
2165.0,0.06106
2170.0,0.06451
2175.0,0.06361
2180.0,0.0647
2185.0,0.05931
2190.0,0.06281
2195.0,0.06237
2200.0,0.05677
2205.0,0.05856
2210.0,0.06216
2215.0,0.0601
2220.0,0.06102
2225.0,0.05945
2230.0,0.05965
2235.0,0.05846
2240.0,0.0578
2245.0,0.05611
2250.0,0.05691
2255.0,0.05401
2260.0,0.05335
2265.0,0.05423
2270.0,0.05187
2275.0,0.05119
2280.0,0.05267
2285.0,0.05017
2290.0,0.05011
2295.0,0.04882
2300.0,0.04699
2305.0,0.04724
2310.0,0.05042
2315.0,0.04632
2320.0,0.04172
2325.0,0.04496
2330.0,0.04523
2335.0,0.04595
2340.0,0.03746
2345.0,0.04138
2350.0,0.03383
2355.0,0.03844
2360.0,0.04031
2365.0,0.03954
2370.0,0.02598
2375.0,0.03585
2380.0,0.03426
2385.0,0.02586
2390.0,0.02985
2395.0,0.03253
2400.0,0.03513
2405.0,0.02748
2410.0,0.02768
2415.0,0.02292
2420.0,0.02199
2425.0,0.02715
2430.0,0.03573
2435.0,0.01294
2440.0,0.03467
2445.0,0.01775
2450.0,0.01207
2455.0,0.02091
2460.0,0.02748
2465.0,0.02056
2470.0,0.0149
2475.0,0.01475
2480.0,0.007695
2485.0,0.005683
2490.0,0.003801
2495.0,0.0033
2500.0,0.007164
2505.0,0.00167
2510.0,0.00242
2515.0,0.0006482
2520.0,0.0005853
2525.0,6.811e-05
2530.0,2.289e-06
2535.0,7.85e-07
2540.0,1.486e-06
2545.0,4.404e-10
2550.0,3.341e-12
2555.0,8.072e-09
2560.0,2.487e-10
2565.0,3.187e-13
2570.0,1.094e-16
2575.0,1.125e-24
2580.0,1.136e-19
2585.0,1.534e-30
2590.0,2.254e-27
2595.0,2.1140000000000002e-30
2600.0,8.566e-25
2605.0,1.573e-31
2610.0,4.645e-30
2615.0,1.986e-33
2620.0,3.941e-26
2625.0,9.346000000000001e-25
2630.0,5.638e-40
2635.0,1.388e-14
2640.0,5.708e-15
2645.0,8.299e-17
2650.0,2.065e-17
2655.0,1.883e-24
2660.0,1.1079999999999998e-22
2665.0,2.056e-33
2670.0,0.0
2675.0,1.1880000000000001e-32
2680.0,1.196e-21
2685.0,1.8899999999999997e-22
2690.0,2.717e-21
2695.0,4.1619999999999996e-24
2700.0,6.265000000000001e-20
2705.0,1.001e-17
2710.0,5.907e-23
2715.0,5.44e-20
2720.0,2.553e-38
2725.0,4.183e-19
2730.0,4.24e-16
2735.0,4.439e-18
2740.0,1.4859999999999998e-23
2745.0,6.247e-19
2750.0,3.618e-18
2755.0,8.619e-20
2760.0,2.293e-15
2765.0,8.764e-21
2770.0,2.064e-18
2775.0,1.257e-15
2780.0,6.002e-14
2785.0,7.283e-14
2790.0,2.698e-11
2795.0,1.363e-11
2800.0,3.299e-09
2805.0,6.379e-11
2810.0,1.231e-07
2815.0,3.887e-08
2820.0,9.372e-10
2825.0,2.479e-06
2830.0,2.601e-05
2835.0,2.848e-09
2840.0,1.287e-06
2845.0,0.0001459
2850.0,5.946e-06
2855.0,1.565e-06
2860.0,6.263e-05
2865.0,0.0003297
2870.0,1.795e-05
2875.0,0.0006321
2880.0,0.0003636
2885.0,0.0006634
2890.0,0.0002607
2895.0,0.002953
2900.0,0.000971
2905.0,0.0001629
2910.0,0.002932
2915.0,0.001487
2920.0,0.0031
2925.0,0.001228
2930.0,0.005886
2935.0,0.006459
2940.0,0.00185
2945.0,0.001681
2950.0,0.005334
2955.0,0.002389
2960.0,0.004687
2965.0,0.007189
2970.0,0.0004299
2975.0,0.00102
2980.0,0.001578
2985.0,0.006843
2990.0,0.009463
2995.0,0.00434
3000.0,0.007368
3005.0,0.002998
3010.0,0.006491
3015.0,0.005506
3020.0,0.0007967
3025.0,0.007042
3030.0,0.005768
3035.0,0.002521
3040.0,0.002103
3045.0,0.004202
3050.0,0.00114
3055.0,0.0003693
3060.0,0.005874
3065.0,0.002977
3070.0,0.00191
3075.0,0.00564
3080.0,0.003501
3085.0,0.001905
3090.0,0.002529
3095.0,0.000788
3100.0,0.004252
3105.0,0.001016
3110.0,0.001008
3115.0,0.002372
3120.0,0.009034
3125.0,0.002996
3130.0,0.005332
3135.0,0.01029
3140.0,0.00329
3145.0,0.003186
3150.0,0.006247
3155.0,0.005279
3160.0,0.008422
3165.0,0.01205
3170.0,0.01086
3175.0,0.008256
3180.0,0.009283
3185.0,0.007456
3190.0,0.003979
3195.0,0.002823
3200.0,0.0005372
3205.0,0.0004067
3210.0,0.0001906
3215.0,0.0006258
3220.0,0.001749
3225.0,0.0002459
3230.0,0.0004154
3235.0,0.006659
3240.0,0.003693
3245.0,0.0007846
3250.0,0.002527
3255.0,0.008731
3260.0,0.001302
3265.0,0.002447
3270.0,0.001309
3275.0,0.005478
3280.0,0.002782
3285.0,0.009509
3290.0,0.007661
3295.0,0.001245
3300.0,0.001722
3305.0,0.003739
3310.0,0.003752
3315.0,3.016e-05
3320.0,8.913e-05
3325.0,0.003445
3330.0,0.004186
3335.0,0.007972
3340.0,0.003257
3345.0,0.003373
3350.0,0.007111
3355.0,0.003517
3360.0,0.004834
3365.0,0.006364
3370.0,0.003784
3375.0,0.007442
3380.0,0.004771
3385.0,0.00663
3390.0,0.008534
3395.0,0.008198
3400.0,0.01039
3405.0,0.004172
3410.0,0.006244
3415.0,0.006436
3420.0,0.01088
3425.0,0.008547
3430.0,0.007558
3435.0,0.009686
3440.0,0.007075
3445.0,0.009488
3450.0,0.009384
3455.0,0.007185
3460.0,0.01034
3465.0,0.008332
3470.0,0.0101
3475.0,0.009155
3480.0,0.00936
3485.0,0.00996
3490.0,0.008745
3495.0,0.01004
3500.0,0.009809
3505.0,0.009736
3510.0,0.009846
3515.0,0.009478
3520.0,0.009915
3525.0,0.009381
3530.0,0.009181
3535.0,0.007918
3540.0,0.007608
3545.0,0.007973
3550.0,0.008683
3555.0,0.007611
3560.0,0.008854
3565.0,0.008867
3570.0,0.007051
3575.0,0.0073
3580.0,0.00838
3585.0,0.007637
3590.0,0.007858
3595.0,0.007963
3600.0,0.008402
3605.0,0.008462
3610.0,0.007851
3615.0,0.0078
3620.0,0.009338
3625.0,0.008327
3630.0,0.008135
3635.0,0.008363
3640.0,0.009186
3645.0,0.008527
3650.0,0.008184
3655.0,0.008757
3660.0,0.008723
3665.0,0.008244
3670.0,0.006561
3675.0,0.004254
3680.0,0.006841
3685.0,0.007634
3690.0,0.007854
3695.0,0.008073
3700.0,0.008568
3705.0,0.008483
3710.0,0.00753
3715.0,0.007419
3720.0,0.00826
3725.0,0.008456
3730.0,0.007465
3735.0,0.0069
3740.0,0.007032
3745.0,0.008039
3750.0,0.0074
3755.0,0.007205
3760.0,0.007168
3765.0,0.00692
3770.0,0.007329
3775.0,0.007246
3780.0,0.00763
3785.0,0.007093
3790.0,0.00634
3795.0,0.007109
3800.0,0.007854
3805.0,0.007442
3810.0,0.006724
3815.0,0.00633
3820.0,0.007676
3825.0,0.007545
3830.0,0.00763
3835.0,0.006282
3840.0,0.007205
3845.0,0.007057
3850.0,0.007096
3855.0,0.006835
3860.0,0.006463
3865.0,0.006498
3870.0,0.005992
3875.0,0.005549
3880.0,0.005392
3885.0,0.005538
3890.0,0.005604
3895.0,0.00604
3900.0,0.006344
3905.0,0.006326
3910.0,0.00578
3915.0,0.005659
3920.0,0.005647
3925.0,0.005566
3930.0,0.005716
3935.0,0.005909
3940.0,0.005967
3945.0,0.006043
3950.0,0.006106
3955.0,0.006152
3960.0,0.006195
3965.0,0.006235
3970.0,0.006175
3975.0,0.006039
3980.0,0.005964
3985.0,0.00597
3990.0,0.005899
3995.0,0.005787
4000.0,0.005566
