interpolation:linear
wavelength,value
280.0,2.879e-23
280.5,1.0000000000000001e-21
281.0,5.452e-21
281.5,1.828e-19
282.0,1.5e-18
282.5,4.622e-18
283.0,1.38e-17
283.5,2.208e-17
284.0,3.62e-16
284.5,1.062e-15
285.0,9.088e-16
285.5,4.726e-15
286.0,1.922e-14
286.5,8.87e-14
287.0,2.581e-13
287.5,1.015e-12
288.0,8.363e-12
288.5,1.973e-11
289.0,4.607e-11
289.5,1.279e-10
290.0,3.384e-10
290.5,6.671e-10
291.0,1.389e-09
291.5,3.886e-09
292.0,7.377e-09
292.5,9.875e-09
293.0,2.014e-08
293.5,4.645e-08
294.0,6.962e-08
294.5,1.4e-08
295.0,2.355e-08
295.5,3.629e-08
296.0,6.398e-08
296.5,8.185e-08
297.0,1.029e-07
297.5,2.471e-07
298.0,3.54e-07
298.5,3.307e-07
299.0,6.778e-07
299.5,9.888e-07
300.0,1.011e-06
300.5,1.359e-06
301.0,2.178e-06
301.5,3.109e-06
302.0,2.514e-06
302.5,3.549e-06
303.0,6.318e-06
303.5,7.89e-06
304.0,7.354e-06
304.5,1.087e-05
305.0,1.668e-05
305.5,1.951e-05
306.0,1.909e-05
306.5,2.427e-05
307.0,3.818e-05
307.5,5.451e-05
308.0,5.833e-05
308.5,7.179e-05
309.0,6.37e-05
309.5,7.322e-05
310.0,7.477e-05
310.5,0.0001225
311.0,0.0001572
311.5,0.0001534
312.0,0.0001642
312.5,0.0002113
313.0,0.0002368
313.5,0.0002231
314.0,0.0003015
314.5,0.0003015
315.0,0.0004055
315.5,0.0003188
316.0,0.0003145
316.5,0.000518
317.0,0.0006415
317.5,0.0006417
318.0,0.0005507
318.5,0.0008268
319.0,0.001084
319.5,0.0007536
320.0,0.0008895
320.5,0.001359
321.0,0.001462
321.5,0.001429
322.0,0.001243
322.5,0.001092
323.0,0.001241
323.5,0.003103
324.0,0.003767
324.5,0.003455
325.0,0.001599
325.5,0.002298
326.0,0.005346
326.5,0.006098
327.0,0.005775
327.5,0.005256
328.0,0.003936
328.5,0.005093
329.0,0.007342
329.5,0.008839
330.0,0.008501
330.5,0.005847
331.0,0.005711
331.5,0.006427
332.0,0.008163
332.5,0.008668
333.0,0.008296
333.5,0.006673
334.0,0.0067
334.5,0.008841
335.0,0.008957
335.5,0.01113
336.0,0.007702
336.5,0.008167
337.0,0.006338
337.5,0.007722
338.0,0.0084
338.5,0.01046
339.0,0.01044
339.5,0.00999
340.0,0.01091
340.5,0.009935
341.0,0.01036
341.5,0.009649
342.0,0.01158
342.5,0.01087
343.0,0.01186
343.5,0.0111
344.0,0.007661
344.5,0.008194
345.0,0.01103
345.5,0.01134
346.0,0.00968
346.5,0.01099
347.0,0.01172
347.5,0.00945
348.0,0.01087
348.5,0.01093
349.0,0.01016
349.5,0.01005
350.0,0.01245
350.5,0.01313
351.0,0.01168
351.5,0.01122
352.0,0.01214
352.5,0.009529
353.0,0.01205
353.5,0.01291
354.0,0.01343
354.5,0.01362
355.0,0.01356
355.5,0.01226
356.0,0.01285
356.5,0.01098
357.0,0.009067
357.5,0.01111
358.0,0.008812
358.5,0.007535
359.0,0.01053
359.5,0.01338
360.0,0.0142
360.5,0.01137
361.0,0.01038
361.5,0.01196
362.0,0.01035
362.5,0.01433
363.0,0.01288
363.5,0.01186
364.0,0.01451
364.5,0.0124
365.0,0.01263
365.5,0.01586
366.0,0.01681
366.5,0.0158
367.0,0.01539
367.5,0.01598
368.0,0.01398
368.5,0.01411
369.0,0.01524
369.5,0.01625
370.0,0.01733
370.5,0.01345
371.0,0.01438
371.5,0.018
372.0,0.01195
372.5,0.01433
373.0,0.01458
373.5,0.009485
374.0,0.01378
374.5,0.01142
375.0,0.0111
375.5,0.01658
376.0,0.01375
376.5,0.01425
377.0,0.01509
377.5,0.01766
378.0,0.01914
378.5,0.0181
379.0,0.01494
379.5,0.01365
380.0,0.01419
380.5,0.01719
381.0,0.01723
381.5,0.01366
382.0,0.01214
382.5,0.01035
383.0,0.009582
383.5,0.009232
384.0,0.01019
384.5,0.01499
385.0,0.01486
385.5,0.01385
386.0,0.01186
386.5,0.01558
387.0,0.01295
387.5,0.01455
388.0,0.01344
388.5,0.01328
389.0,0.01434
389.5,0.01737
390.0,0.01744
390.5,0.01605
391.0,0.0189
391.5,0.01928
392.0,0.01624
392.5,0.01455
393.0,0.008096
393.5,0.005886
394.0,0.01198
394.5,0.01523
395.0,0.01859
395.5,0.01889
396.0,0.01638
396.5,0.00958
397.0,0.007192
397.5,0.01463
398.0,0.02049
398.5,0.02119
399.0,0.02295
399.5,0.02288
400.0,0.02376
401.0,0.02347
402.0,0.02477
403.0,0.02354
404.0,0.02318
405.0,0.02319
406.0,0.02281
407.0,0.02244
408.0,0.02331
409.0,0.02495
410.0,0.0218
411.0,0.02362
412.0,0.02539
413.0,0.02478
414.0,0.02509
415.0,0.02515
416.0,0.02558
417.0,0.02495
418.0,0.02449
419.0,0.02483
420.0,0.02473
421.0,0.02587
422.0,0.02458
423.0,0.02399
424.0,0.02535
425.0,0.02529
426.0,0.02464
427.0,0.0242
428.0,0.0236
429.0,0.02238
430.0,0.01959
431.0,0.01941
432.0,0.02504
433.0,0.02517
434.0,0.02338
435.0,0.02444
436.0,0.02755
437.0,0.02718
438.0,0.02472
439.0,0.02552
440.0,0.02629
441.0,0.0272
442.0,0.02914
443.0,0.02837
444.0,0.02903
445.0,0.02846
446.0,0.02722
447.0,0.02947
448.0,0.02991
449.0,0.03
450.0,0.0308
451.0,0.03194
452.0,0.03081
453.0,0.02901
454.0,0.03031
455.0,0.03045
456.0,0.03114
457.0,0.03158
458.0,0.0304
459.0,0.03013
460.0,0.03011
461.0,0.03075
462.0,0.03101
463.0,0.03087
464.0,0.03048
465.0,0.03022
466.0,0.03058
467.0,0.03
468.0,0.0303
469.0,0.03038
470.0,0.02937
471.0,0.02935
472.0,0.03095
473.0,0.03056
474.0,0.03056
475.0,0.03071
476.0,0.02962
477.0,0.02953
478.0,0.03023
479.0,0.02992
480.0,0.02988
481.0,0.03037
482.0,0.03054
483.0,0.03025
484.0,0.02975
485.0,0.02848
486.0,0.02502
487.0,0.02631
488.0,0.02887
489.0,0.02892
490.0,0.0304
491.0,0.02985
492.0,0.02819
493.0,0.02913
494.0,0.02945
495.0,0.02971
496.0,0.02986
497.0,0.03024
498.0,0.02869
499.0,0.02889
500.0,0.02787
501.0,0.02716
502.0,0.02652
503.0,0.02735
504.0,0.0263
505.0,0.02743
506.0,0.02833
507.0,0.02701
508.0,0.02631
509.0,0.0272
510.0,0.02719
511.0,0.02803
512.0,0.0284
513.0,0.02687
514.0,0.02667
515.0,0.02637
516.0,0.02626
517.0,0.02333
518.0,0.02451
519.0,0.02568
520.0,0.02657
521.0,0.02676
522.0,0.02669
523.0,0.02614
524.0,0.02689
525.0,0.027
526.0,0.02569
527.0,0.02401
528.0,0.02526
529.0,0.02648
530.0,0.02598
531.0,0.02626
532.0,0.0253
533.0,0.02455
534.0,0.02532
535.0,0.02596
536.0,0.02629
537.0,0.02533
538.0,0.02579
539.0,0.02554
540.0,0.02441
541.0,0.02433
542.0,0.02501
543.0,0.02485
544.0,0.02509
545.0,0.02502
546.0,0.025
547.0,0.0251
548.0,0.02489
549.0,0.025
550.0,0.02529
551.0,0.02501
552.0,0.0252
553.0,0.02472
554.0,0.02529
555.0,0.0253
556.0,0.02491
557.0,0.02405
558.0,0.02374
559.0,0.02316
560.0,0.0233
561.0,0.02345
562.0,0.02312
563.0,0.02358
564.0,0.02279
565.0,0.02247
566.0,0.02202
567.0,0.02225
568.0,0.02165
569.0,0.0207
570.0,0.02065
571.0,0.02056
572.0,0.02069
573.0,0.02081
574.0,0.02061
575.0,0.02009
576.0,0.01989
577.0,0.02015
578.0,0.02004
579.0,0.02044
580.0,0.02134
581.0,0.02189
582.0,0.02265
583.0,0.023
584.0,0.02341
585.0,0.02298
586.0,0.02257
587.0,0.02288
588.0,0.02177
589.0,0.01789
590.0,0.01859
591.0,0.02065
592.0,0.01975
593.0,0.02064
594.0,0.02034
595.0,0.01921
596.0,0.02137
597.0,0.02046
598.0,0.02087
599.0,0.02105
600.0,0.02124
601.0,0.0213
602.0,0.02125
603.0,0.02181
604.0,0.02232
605.0,0.02237
606.0,0.0224
607.0,0.02277
608.0,0.02269
609.0,0.02291
610.0,0.02293
611.0,0.02324
612.0,0.02334
613.0,0.02322
614.0,0.02306
615.0,0.02371
616.0,0.02305
617.0,0.02311
618.0,0.0241
619.0,0.02394
620.0,0.02413
621.0,0.0242
622.0,0.02394
623.0,0.02357
624.0,0.02311
625.0,0.02299
626.0,0.02321
627.0,0.02309
628.0,0.0171
629.0,0.02069
630.0,0.02004
631.0,0.02198
632.0,0.02213
633.0,0.02349
634.0,0.02389
635.0,0.02465
636.0,0.02468
637.0,0.02543
638.0,0.02618
639.0,0.02616
640.0,0.02629
641.0,0.02652
642.0,0.02674
643.0,0.02721
644.0,0.02741
645.0,0.02722
646.0,0.02605
647.0,0.02388
648.0,0.02443
649.0,0.02332
650.0,0.02581
651.0,0.02742
652.0,0.02443
653.0,0.02737
654.0,0.02723
655.0,0.02509
656.0,0.02289
657.0,0.02389
658.0,0.02737
659.0,0.02809
660.0,0.02839
661.0,0.02927
662.0,0.02989
663.0,0.0294
664.0,0.02983
665.0,0.02999
666.0,0.03021
667.0,0.03035
668.0,0.03066
669.0,0.03124
670.0,0.03127
671.0,0.03143
672.0,0.03132
673.0,0.03195
674.0,0.03198
675.0,0.03184
676.0,0.03219
677.0,0.03202
678.0,0.03225
679.0,0.03186
680.0,0.0322
681.0,0.03202
682.0,0.03202
683.0,0.03196
684.0,0.03173
685.0,0.03225
686.0,0.03176
687.0,0.008123
688.0,0.01053
689.0,0.01062
690.0,0.01214
691.0,0.01489
692.0,0.01832
693.0,0.01881
694.0,0.0203
695.0,0.0242
696.0,0.02445
697.0,0.03063
698.0,0.02937
699.0,0.02556
700.0,0.02534
701.0,0.0237
702.0,0.02459
703.0,0.02598
704.0,0.02875
705.0,0.02818
706.0,0.02884
707.0,0.02921
708.0,0.02936
709.0,0.03081
710.0,0.0294
711.0,0.0301
712.0,0.03108
713.0,0.02954
714.0,0.03048
715.0,0.02816
716.0,0.02737
717.0,0.01536
718.0,0.01439
719.0,0.01317
720.0,0.01263
721.0,0.01724
722.0,0.0234
723.0,0.02026
724.0,0.01607
725.0,0.01517
726.0,0.01531
727.0,0.01819
728.0,0.01426
729.0,0.01716
730.0,0.01719
731.0,0.01587
732.0,0.02023
733.0,0.02404
734.0,0.02617
735.0,0.0251
736.0,0.02398
737.0,0.02458
738.0,0.02869
739.0,0.02822
740.0,0.03009
741.0,0.03038
742.0,0.03122
743.0,0.03212
744.0,0.03243
745.0,0.03305
746.0,0.03321
747.0,0.03345
748.0,0.03346
749.0,0.03315
750.0,0.03316
751.0,0.03284
752.0,0.03307
753.0,0.03332
754.0,0.03336
755.0,0.03311
756.0,0.03321
757.0,0.03322
758.0,0.03267
759.0,0.02829
760.0,0.001445
761.0,0.0007708
762.0,0.00425
763.0,0.002154
764.0,0.003187
765.0,0.004202
766.0,0.005315
767.0,0.008479
768.0,0.01706
769.0,0.02095
770.0,0.02718
771.0,0.03049
772.0,0.03164
773.0,0.03216
774.0,0.03226
775.0,0.03222
776.0,0.03272
777.0,0.03234
778.0,0.03212
779.0,0.03216
780.0,0.03206
781.0,0.03214
782.0,0.0324
783.0,0.03192
784.0,0.03219
785.0,0.03174
786.0,0.03176
787.0,0.02871
788.0,0.02776
789.0,0.02778
790.0,0.02484
791.0,0.02712
792.0,0.02746
793.0,0.02679
794.0,0.03006
795.0,0.02989
796.0,0.02467
797.0,0.02497
798.0,0.0294
799.0,0.02858
800.0,0.02658
801.0,0.02577
802.0,0.02532
803.0,0.02409
804.0,0.02501
805.0,0.02622
806.0,0.02944
807.0,0.02879
808.0,0.02841
809.0,0.02588
810.0,0.02553
811.0,0.02288
812.0,0.02032
813.0,0.0196
814.0,0.01362
815.0,0.01388
816.0,0.01307
817.0,0.01301
818.0,0.01225
819.0,0.01488
820.0,0.01497
821.0,0.0215
822.0,0.01919
823.0,0.006821
824.0,0.01668
825.0,0.0228
826.0,0.01784
827.0,0.02169
828.0,0.01256
829.0,0.0193
830.0,0.01896
831.0,0.01849
832.0,0.01708
833.0,0.01991
834.0,0.01864
835.0,0.02493
836.0,0.02058
837.0,0.02468
838.0,0.02233
839.0,0.02462
840.0,0.02595
841.0,0.02444
842.0,0.02594
843.0,0.02823
844.0,0.02698
845.0,0.02873
846.0,0.02935
847.0,0.02922
848.0,0.02817
849.0,0.0275
850.0,0.02622
851.0,0.02685
852.0,0.02736
853.0,0.02689
854.0,0.02274
855.0,0.02566
856.0,0.02781
857.0,0.02901
858.0,0.02855
859.0,0.02913
860.0,0.02945
861.0,0.02918
862.0,0.02981
863.0,0.03049
864.0,0.02905
865.0,0.02889
866.0,0.02598
867.0,0.02714
868.0,0.02957
869.0,0.02902
870.0,0.02988
871.0,0.02944
872.0,0.02942
873.0,0.02938
874.0,0.02905
875.0,0.02839
876.0,0.02866
877.0,0.02898
878.0,0.02919
879.0,0.02876
880.0,0.02811
881.0,0.02728
882.0,0.02755
883.0,0.02818
884.0,0.02783
885.0,0.02784
886.0,0.02526
887.0,0.02678
888.0,0.02644
889.0,0.02803
890.0,0.0263
891.0,0.02707
892.0,0.0239
893.0,0.02226
894.0,0.01817
895.0,0.01421
896.0,0.01232
897.0,0.009035
898.0,0.0102
899.0,0.005578
900.0,0.01081
901.0,0.005991
902.0,0.00763
903.0,0.008005
904.0,0.01664
905.0,0.01515
906.0,0.01337
907.0,0.007049
908.0,0.008546
909.0,0.009198
910.0,0.006015
911.0,0.008861
912.0,0.01002
913.0,0.006168
914.0,0.007713
915.0,0.006489
916.0,0.00617
917.0,0.008946
918.0,0.005777
919.0,0.009653
920.0,0.01334
921.0,0.01304
922.0,0.009664
923.0,0.01288
924.0,0.009029
925.0,0.008408
926.0,0.00859
927.0,0.01068
928.0,0.003735
929.0,0.002854
930.0,0.001613
931.0,0.001457
932.0,0.000969
933.0,0.000768
934.0,0.0004131
935.0,0.0007804
936.0,0.0004805
937.0,0.0004851
938.0,0.0005946
939.0,0.001373
940.0,0.001831
941.0,0.00119
942.0,0.001408
943.0,0.0008652
944.0,0.0009581
945.0,0.001228
946.0,0.0005721
947.0,0.0012
948.0,0.0008839
949.0,0.001774
950.0,0.000413
951.0,0.001719
952.0,0.000855
953.0,0.001136
954.0,0.001454
955.0,0.001306
956.0,0.001533
957.0,0.0008548
958.0,0.002367
959.0,0.001453
960.0,0.001743
961.0,0.002355
962.0,0.00222
963.0,0.003406
964.0,0.002901
965.0,0.00295
966.0,0.003564
967.0,0.003566
968.0,0.01167
969.0,0.009092
970.0,0.009172
971.0,0.01273
972.0,0.01165
973.0,0.00647
974.0,0.006232
975.0,0.007347
976.0,0.00571
977.0,0.01114
978.0,0.007687
979.0,0.00902
980.0,0.008566
981.0,0.01329
982.0,0.01181
983.0,0.01039
984.0,0.01689
985.0,0.01108
986.0,0.02015
987.0,0.01688
988.0,0.01795
989.0,0.02174
990.0,0.01658
991.0,0.02165
992.0,0.02204
993.0,0.0189
994.0,0.02245
995.0,0.023
996.0,0.02235
997.0,0.02257
998.0,0.02225
999.0,0.02235
1000.0,0.0216
1001.0,0.02262
1002.0,0.01853
1003.0,0.02212
1004.0,0.02042
1005.0,0.02089
1006.0,0.02154
1007.0,0.02194
1008.0,0.02144
1009.0,0.02075
1010.0,0.02053
1011.0,0.0218
1012.0,0.02137
1013.0,0.02209
1014.0,0.02193
1015.0,0.02175
1016.0,0.02151
1017.0,0.02136
1018.0,0.02178
1019.0,0.01992
1020.0,0.0215
1021.0,0.02169
1022.0,0.02104
1023.0,0.02137
1024.0,0.01984
1025.0,0.0216
1026.0,0.02104
1027.0,0.0213
1028.0,0.02112
1029.0,0.02057
1030.0,0.0212
1031.0,0.02103
1032.0,0.02101
1033.0,0.02076
1034.0,0.02075
1035.0,0.02083
1036.0,0.02071
1037.0,0.02048
1038.0,0.02049
1039.0,0.02036
1040.0,0.02024
1041.0,0.02017
1042.0,0.02002
1043.0,0.01987
1044.0,0.01983
1045.0,0.01946
1046.0,0.01914
1047.0,0.01919
1048.0,0.01916
1049.0,0.01896
1050.0,0.01872
1051.0,0.01853
1052.0,0.01829
1053.0,0.01794
1054.0,0.01777
1055.0,0.01753
1056.0,0.0172
1057.0,0.01695
1058.0,0.01632
1059.0,0.01609
1060.0,0.01595
1061.0,0.01579
1062.0,0.0157
1063.0,0.01531
1064.0,0.01557
1065.0,0.01492
1066.0,0.01503
1067.0,0.01514
1068.0,0.01446
1069.0,0.0144
1070.0,0.01488
1071.0,0.01584
1072.0,0.01512
1073.0,0.01492
1074.0,0.01648
1075.0,0.01352
1076.0,0.01646
1077.0,0.01516
1078.0,0.01388
1079.0,0.01684
1080.0,0.01452
1081.0,0.01305
1082.0,0.01537
1083.0,0.01589
1084.0,0.01279
1085.0,0.01493
1086.0,0.01126
1087.0,0.01294
1088.0,0.0157
1089.0,0.01254
1090.0,0.01168
1091.0,0.01467
1092.0,0.01492
1093.0,0.00839
1094.0,0.01291
1095.0,0.008317
1096.0,0.007117
1097.0,0.01477
1098.0,0.006937
1099.0,0.006939
1100.0,0.005154
1101.0,0.00612
1102.0,0.004976
1103.0,0.00405
1104.0,0.004634
1105.0,0.005592
1106.0,0.002023
1107.0,0.005349
1108.0,0.002552
1109.0,0.002493
1110.0,0.003741
1111.0,0.001025
1112.0,0.002692
1113.0,0.000663
1114.0,0.0007166
1115.0,0.0005324
1116.0,0.0003353
1117.0,0.000117
1118.0,0.0003668
1119.0,0.0001728
1120.0,0.0002162
1121.0,0.000287
1122.0,0.0001187
1123.0,0.0001933
1124.0,0.0001626
1125.0,0.0002124
1126.0,7.194e-05
1127.0,0.0002377
1128.0,0.0001398
1129.0,0.0001481
1130.0,9.655e-05
1131.0,0.00046
1132.0,0.0003557
1133.0,0.0002189
1134.0,5.446e-05
1135.0,2.041e-05
1136.0,0.0001798
1137.0,0.0004392
1138.0,0.0003058
1139.0,0.000542
1140.0,0.0004044
1141.0,0.0002899
1142.0,0.0003382
1143.0,0.0005118
1144.0,0.0001615
1145.0,0.0002025
1146.0,0.0002177
1147.0,7.484e-05
1148.0,0.0004272
1149.0,0.0003225
1150.0,0.0001738
1151.0,0.0002932
1152.0,0.0003756
1153.0,0.0003953
1154.0,0.0001929
1155.0,0.0005764
1156.0,0.0005025
1157.0,0.0008183
1158.0,0.0008049
1159.0,0.0008899
1160.0,0.0008882
1161.0,0.001924
1162.0,0.002071
1163.0,0.00497
1164.0,0.003548
1165.0,0.002357
1166.0,0.003441
1167.0,0.003941
1168.0,0.004261
1169.0,0.004862
1170.0,0.006535
1171.0,0.005494
1172.0,0.007553
1173.0,0.005954
1174.0,0.002308
1175.0,0.007052
1176.0,0.01094
1177.0,0.008392
1178.0,0.003994
1179.0,0.01049
1180.0,0.007313
1181.0,0.006579
1182.0,0.002123
1183.0,0.00705
1184.0,0.006209
1185.0,0.004862
1186.0,0.008616
1187.0,0.006392
1188.0,0.001939
1189.0,0.006153
1190.0,0.008901
1191.0,0.006141
1192.0,0.00942
1193.0,0.008616
1194.0,0.008886
1195.0,0.006693
1196.0,0.005455
1197.0,0.009201
1198.0,0.008409
1199.0,0.003729
1200.0,0.007857
1201.0,0.005883
1202.0,0.007975
1203.0,0.006203
1204.0,0.005697
1205.0,0.009349
1206.0,0.0119
1207.0,0.007185
1208.0,0.008156
1209.0,0.00818
1210.0,0.01008
1211.0,0.008538
1212.0,0.005715
1213.0,0.01007
1214.0,0.00661
1215.0,0.006169
1216.0,0.01083
1217.0,0.009662
1218.0,0.0107
1219.0,0.009961
1220.0,0.0106
1221.0,0.01186
1222.0,0.01077
1223.0,0.01036
1224.0,0.009321
1225.0,0.01086
1226.0,0.01217
1227.0,0.008334
1228.0,0.01299
1229.0,0.01194
1230.0,0.01143
1231.0,0.01359
1232.0,0.01346
1233.0,0.009998
1234.0,0.01443
1235.0,0.01365
1236.0,0.01431
1237.0,0.01283
1238.0,0.01426
1239.0,0.01408
1240.0,0.01435
1241.0,0.01336
1242.0,0.0141
1243.0,0.01408
1244.0,0.01378
1245.0,0.01408
1246.0,0.01405
1247.0,0.01363
1248.0,0.01316
1249.0,0.01362
1250.0,0.01318
1251.0,0.01232
1252.0,0.01323
1253.0,0.01154
1254.0,0.01051
1255.0,0.01285
1256.0,0.009796
1257.0,0.00925
1258.0,0.01138
1259.0,0.007526
1260.0,0.007943
1261.0,0.004627
1262.0,0.003455
1263.0,0.003443
1264.0,0.001738
1265.0,0.003422
1266.0,0.002327
1267.0,0.003015
1268.0,0.001935
1269.0,0.000246
1270.0,0.002712
1271.0,0.00502
1272.0,0.005139
1273.0,0.004811
1274.0,0.005335
1275.0,0.005754
1276.0,0.006477
1277.0,0.007517
1278.0,0.008928
1279.0,0.009073
1280.0,0.009055
1281.0,0.009506
1282.0,0.01038
1283.0,0.01086
1284.0,0.01115
1285.0,0.01151
1286.0,0.0122
1287.0,0.01103
1288.0,0.01151
1289.0,0.00853
1290.0,0.01133
1291.0,0.01204
1292.0,0.007499
1293.0,0.01112
1294.0,0.01067
1295.0,0.008625
1296.0,0.007029
1297.0,0.005848
1298.0,0.008243
1299.0,0.01083
1300.0,0.004986
1301.0,0.004991
1302.0,0.008326
1303.0,0.00563
1304.0,0.00229
1305.0,0.007542
1306.0,0.006531
1307.0,0.002961
1308.0,0.005201
1309.0,0.005807
1310.0,0.002774
1311.0,0.004936
1312.0,0.004451
1313.0,0.003125
1314.0,0.00169
1315.0,0.001626
1316.0,0.004227
1317.0,0.003944
1318.0,0.005035
1319.0,0.001659
1320.0,0.001409
1321.0,0.00256
1322.0,0.001798
1323.0,0.0005733
1324.0,0.001692
1325.0,0.002786
1326.0,0.001815
1327.0,0.001394
1328.0,0.0006452
1329.0,0.000214
1330.0,0.0004044
1331.0,0.0001394
1332.0,0.000134
1333.0,0.000209
1334.0,0.0003127
1335.0,0.0003728
1336.0,0.0002155
1337.0,0.0002078
1338.0,0.0002055
1339.0,0.0002
1340.0,0.0002136
1341.0,0.0001519
1342.0,0.000167
1343.0,9.801e-05
1344.0,5.85e-05
1345.0,8.323e-05
1346.0,4.099e-05
1347.0,4.153e-05
1348.0,2.677e-06
1349.0,9.604e-06
1350.0,9.956e-06
1351.0,2.407e-06
1352.0,6.475e-07
1353.0,3.295e-08
1354.0,1.133e-07
1355.0,9.12e-10
1356.0,1.596e-08
1357.0,2.425e-08
1358.0,1.071e-09
1359.0,1.349e-10
1360.0,4.876e-10
1361.0,5.455e-13
1362.0,1.492e-15
1363.0,6.557e-10
1364.0,2.707e-10
1365.0,5.21e-16
1366.0,2.842e-09
1367.0,1.16e-09
1368.0,4.024e-18
1369.0,9.979e-11
1370.0,4.914e-11
1371.0,2.786e-12
1372.0,6.294e-10
1373.0,1.268e-08
1374.0,5.881e-08
1375.0,1.067e-07
1376.0,9.568e-08
1377.0,4.371e-08
1378.0,4.273e-07
1379.0,1.826e-08
1380.0,2.625e-08
1381.0,6.837e-10
1382.0,5.519e-10
1383.0,8.251e-12
1384.0,1.082e-10
1385.0,5.174e-10
1386.0,4.867e-10
1387.0,5.887e-08
1388.0,1.158e-09
1389.0,1.988e-07
1390.0,1.706e-07
1391.0,1.135e-07
1392.0,7.355e-09
1393.0,3.897e-08
1394.0,2.009e-08
1395.0,1.472e-10
1396.0,7.114e-13
1397.0,1.535e-08
1398.0,4.537e-07
1399.0,2.87e-07
1400.0,3.042e-13
1401.0,1.262e-12
1402.0,7.952e-07
1403.0,9.961e-07
1404.0,3.026e-07
1405.0,6.973e-11
1406.0,7.823e-07
1407.0,6.894e-08
1408.0,6.365e-07
1409.0,2.122e-07
1410.0,1.699e-07
1411.0,8.567e-07
1412.0,1.156e-06
1413.0,1.203e-05
1414.0,1.327e-07
1415.0,6.335e-08
1416.0,1.989e-05
1417.0,5.872e-06
1418.0,6.65e-06
1419.0,1.023e-06
1420.0,4.041e-06
1421.0,4.36e-06
1422.0,2.556e-05
1423.0,4.904e-06
1424.0,9.206e-06
1425.0,1.345e-05
1426.0,1.539e-05
1427.0,2.862e-05
1428.0,2.003e-06
1429.0,2.108e-05
1430.0,3.64e-05
1431.0,4.001e-05
1432.0,1.557e-06
1433.0,2.509e-05
1434.0,1.262e-05
1435.0,1.223e-05
1436.0,2.41e-05
1437.0,1.842e-05
1438.0,7.604e-06
1439.0,3.276e-05
1440.0,2.446e-05
1441.0,1.828e-05
1442.0,2.026e-05
1443.0,2.584e-05
1444.0,3.602e-05
1445.0,2.765e-05
1446.0,1.226e-05
1447.0,1.933e-05
1448.0,6.879e-05
1449.0,5.905e-05
1450.0,1.425e-05
1451.0,5.609e-06
1452.0,3.464e-05
1453.0,4.568e-05
1454.0,8.408e-05
1455.0,3.71e-05
1456.0,4.948e-05
1457.0,6.828e-05
1458.0,9.297e-05
1459.0,0.0001104
1460.0,5.108e-05
1461.0,4.991e-05
1462.0,7.787e-05
1463.0,2.351e-05
1464.0,9.809e-05
1465.0,5.707e-05
1466.0,3.5e-05
1467.0,1.79e-05
1468.0,4.147e-05
1469.0,5.168e-05
1470.0,2.467e-05
1471.0,8.757e-06
1472.0,2.344e-05
1473.0,3.646e-05
1474.0,5.731e-05
1475.0,0.0001306
1476.0,3.671e-05
1477.0,3.628e-05
1478.0,3.472e-05
1479.0,7.139e-05
1480.0,3.109e-05
1481.0,6.375e-05
1482.0,3.095e-05
1483.0,9.569e-05
1484.0,0.0001161
1485.0,8.585e-05
1486.0,7.011e-05
1487.0,2.964e-05
1488.0,6.369e-05
1489.0,0.0002208
1490.0,0.000393
1491.0,0.0004682
1492.0,0.0001493
1493.0,0.0003812
1494.0,0.0009301
1495.0,0.0004915
1496.0,0.0003426
1497.0,0.001904
1498.0,0.0009972
1499.0,0.001235
1500.0,0.003379
1501.0,0.00324
1502.0,0.002609
1503.0,0.001137
1504.0,0.0002851
1505.0,0.001143
1506.0,0.004088
1507.0,0.003741
1508.0,0.003506
1509.0,0.00133
1510.0,0.004921
1511.0,0.003694
1512.0,0.005062
1513.0,0.002757
1514.0,0.002241
1515.0,0.005657
1516.0,0.004915
1517.0,0.003421
1518.0,0.004312
1519.0,0.003151
1520.0,0.004489
1521.0,0.007927
1522.0,0.005597
1523.0,0.00829
1524.0,0.006615
1525.0,0.004758
1526.0,0.004631
1527.0,0.005692
1528.0,0.007667
1529.0,0.006711
1530.0,0.005256
1531.0,0.006344
1532.0,0.008433
1533.0,0.008884
1534.0,0.008698
1535.0,0.007971
1536.0,0.008464
1537.0,0.007978
1538.0,0.008794
1539.0,0.008278
1540.0,0.008803
1541.0,0.008624
1542.0,0.008148
1543.0,0.008786
1544.0,0.008401
1545.0,0.009058
1546.0,0.008222
1547.0,0.008624
1548.0,0.008661
1549.0,0.009069
1550.0,0.008826
1551.0,0.008668
1552.0,0.008392
1553.0,0.008815
1554.0,0.008529
1555.0,0.008791
1556.0,0.008659
1557.0,0.008865
1558.0,0.008825
1559.0,0.008726
1560.0,0.008706
1561.0,0.008805
1562.0,0.008459
1563.0,0.008419
1564.0,0.008372
1565.0,0.00878
1566.0,0.008435
1567.0,0.008549
1568.0,0.008345
1569.0,0.008699
1570.0,0.008685
1571.0,0.008688
1572.0,0.008643
1573.0,0.008424
1574.0,0.007955
1575.0,0.007752
1576.0,0.007188
1577.0,0.006909
1578.0,0.007033
1579.0,0.006665
1580.0,0.006906
1581.0,0.006834
1582.0,0.006826
1583.0,0.006705
1584.0,0.007622
1585.0,0.00789
1586.0,0.007672
1587.0,0.007512
1588.0,0.007976
1589.0,0.007801
1590.0,0.007713
1591.0,0.00805
1592.0,0.007916
1593.0,0.008396
1594.0,0.00817
1595.0,0.00824
1596.0,0.007856
1597.0,0.007655
1598.0,0.008337
1599.0,0.008288
1600.0,0.0084
1601.0,0.00806
1602.0,0.007864
1603.0,0.008368
1604.0,0.008263
1605.0,0.008326
1606.0,0.008201
1607.0,0.008297
1608.0,0.007857
1609.0,0.007968
1610.0,0.007773
1611.0,0.007867
1612.0,0.008138
1613.0,0.007854
1614.0,0.008029
1615.0,0.007905
1616.0,0.007757
1617.0,0.007605
1618.0,0.008064
1619.0,0.0075
1620.0,0.007796
1621.0,0.007751
1622.0,0.007852
1623.0,0.00802
1624.0,0.007691
1625.0,0.007625
1626.0,0.007603
1627.0,0.007791
1628.0,0.007547
1629.0,0.007693
1630.0,0.007525
1631.0,0.007012
1632.0,0.007296
1633.0,0.006084
1634.0,0.007372
1635.0,0.006021
1636.0,0.006766
1637.0,0.007071
1638.0,0.004767
1639.0,0.006858
1640.0,0.004415
1641.0,0.006502
1642.0,0.007162
1643.0,0.003803
1644.0,0.007398
1645.0,0.005177
1646.0,0.003697
1647.0,0.007384
1648.0,0.003766
1649.0,0.006423
1650.0,0.006722
1651.0,0.003146
1652.0,0.006259
1653.0,0.006863
1654.0,0.003887
1655.0,0.006658
1656.0,0.005397
1657.0,0.005952
1658.0,0.007067
1659.0,0.006681
1660.0,0.006731
1661.0,0.006695
1662.0,0.005485
1663.0,0.006989
1664.0,0.006685
1665.0,0.003842
1666.0,0.0005409
1667.0,0.003856
1668.0,0.006157
1669.0,0.006307
1670.0,0.006875
1671.0,0.006144
1672.0,0.006584
1673.0,0.006864
1674.0,0.005609
1675.0,0.00587
1676.0,0.006488
1677.0,0.005799
1678.0,0.004755
1679.0,0.006687
1680.0,0.006104
1681.0,0.004728
1682.0,0.006524
1683.0,0.006718
1684.0,0.003135
1685.0,0.006695
1686.0,0.006643
1687.0,0.004798
1688.0,0.006258
1689.0,0.00636
1690.0,0.005857
1691.0,0.003405
1692.0,0.005473
1693.0,0.006687
1694.0,0.004937
1695.0,0.006211
1696.0,0.006586
1697.0,0.002429
1698.0,0.005942
1699.0,0.006062
1700.0,0.005086
1702.0,0.005864
1705.0,0.004751
1710.0,0.004282
1715.0,0.004548
1720.0,0.004775
1725.0,0.003163
1730.0,0.003707
1735.0,0.003184
1740.0,0.003143
1745.0,0.003115
1750.0,0.00248
1755.0,0.002351
1760.0,0.002147
1765.0,0.001272
1770.0,0.001179
1775.0,0.0006332
1780.0,0.0003319
1785.0,0.0001092
1790.0,0.0001113
1795.0,1.112e-05
1800.0,7.676e-06
1805.0,3.027e-06
1810.0,1.967e-06
1815.0,5.686e-07
1820.0,1.423e-07
1825.0,1.856e-07
1830.0,4.525e-10
1835.0,6.852e-10
1840.0,3.999e-12
1845.0,4.275e-10
1850.0,1.93e-10
1855.0,1.845e-11
1860.0,1.057e-09
1865.0,1.473e-09
1870.0,8.064e-15
1875.0,1.457e-14
1880.0,7.759e-09
1885.0,4.135e-09
1890.0,2.268e-08
1895.0,1.316e-08
1900.0,5.625e-11
1905.0,3.832e-11
1910.0,1.856e-09
1915.0,1.808e-09
1920.0,4.742e-08
1925.0,1.114e-07
1930.0,6.434e-08
1935.0,4.905e-07
1940.0,4.871e-07
1945.0,2.006e-06
1950.0,3.975e-06
1955.0,3.48e-06
1960.0,6.53e-06
1965.0,8.439e-05
1970.0,0.0002612
1975.0,0.000357
1980.0,0.0002749
1985.0,0.0004584
1990.0,0.000771
1995.0,0.0008423
2000.0,0.001313
2005.0,0.0005866
2010.0,0.002708
2015.0,0.0008584
2020.0,0.001392
2025.0,0.0022
2030.0,0.001547
2035.0,0.002698
2040.0,0.002133
2045.0,0.002269
2050.0,0.00293
2055.0,0.002239
2060.0,0.002009
2065.0,0.002263
2070.0,0.00204
2075.0,0.002784
2080.0,0.002732
2085.0,0.002686
2090.0,0.002904
2095.0,0.002633
2100.0,0.001963
2105.0,0.002637
2110.0,0.002169
2115.0,0.002675
2120.0,0.001966
2125.0,0.002334
2130.0,0.00267
2135.0,0.002815
2140.0,0.00291
2145.0,0.002861
2150.0,0.001934
2155.0,0.001938
2160.0,0.002034
2165.0,0.001733
2170.0,0.002149
2175.0,0.001709
2180.0,0.002059
2185.0,0.001357
2190.0,0.001946
2195.0,0.001812
2200.0,0.0005886
2205.0,0.001266
2210.0,0.002269
2215.0,0.001721
2220.0,0.001843
2225.0,0.001614
2230.0,0.001643
2235.0,0.001429
2240.0,0.001385
2245.0,0.000969
2250.0,0.001356
2255.0,0.0007094
2260.0,0.0006426
2265.0,0.000937
2270.0,0.0004975
2275.0,0.0004513
2280.0,0.0008954
2285.0,0.0004575
2290.0,0.0004857
2295.0,0.0004465
2300.0,0.0002522
2305.0,0.0002929
2310.0,0.0009537
2315.0,0.0003102
2320.0,0.0001186
2325.0,0.0005755
2330.0,0.0003737
2335.0,0.0004886
2340.0,9.053e-05
2345.0,0.0001378
2350.0,6.415e-05
2355.0,0.0001004
2360.0,0.0001598
2365.0,0.0003102
2370.0,5.457e-06
2375.0,8.447e-05
2380.0,0.0001401
2385.0,2.537e-05
2390.0,4.22e-05
2395.0,5.954e-05
2400.0,8.115e-05
2405.0,6.488e-05
2410.0,6.341e-05
2415.0,8.222e-06
2420.0,7.674e-06
2425.0,1.386e-05
2430.0,4.704e-05
2435.0,1.37e-06
2440.0,5.534e-05
2445.0,2.65e-06
2450.0,1.081e-06
2455.0,1.142e-05
2460.0,6.322e-06
2465.0,2.136e-06
2470.0,1.114e-06
2475.0,1.105e-06
2480.0,5.162e-07
2485.0,3.276e-07
2490.0,1.884e-07
2495.0,1.63e-07
2500.0,4.044e-07
2505.0,8.224e-08
2510.0,1.212e-07
2515.0,2.561e-08
2520.0,1.439e-08
2525.0,1.642e-09
2530.0,1.143e-11
2535.0,2.527e-12
2540.0,5.996e-12
2545.0,4.65e-16
2550.0,1.885e-18
2555.0,9.049e-15
2560.0,2.716e-16
2565.0,6.080000000000001e-20
2570.0,1.81e-24
2575.0,1.1450000000000002e-34
2580.0,1.194e-28
2585.0,2.496e-42
2590.0,1.557e-38
2595.0,3.03e-40
2600.0,2.494e-35
2605.0,2.7560000000000003e-42
2610.0,9.490000000000001e-42
2615.0,1.4009999999999999e-45
2620.0,8.362000000000001e-36
2625.0,1.531e-35
2630.0,0.0
2635.0,7.975e-22
2640.0,1.726e-22
2645.0,7.525000000000001e-25
2650.0,7.495000000000001e-26
2655.0,9.014e-35
2660.0,7.589e-32
2665.0,7.006e-45
2670.0,0.0
2675.0,3.643e-44
2680.0,1.5390000000000002e-30
2685.0,1.4700000000000002e-31
2690.0,5.5000000000000005e-31
2695.0,2.158e-33
2700.0,6.284999999999999e-29
2705.0,1.783e-26
2710.0,1.419e-31
2715.0,1.792e-29
2720.0,0.0
2725.0,4.013e-27
2730.0,1.17e-24
2735.0,1.334e-26
2740.0,2.41e-32
2745.0,3.108e-27
2750.0,1.7420000000000003e-26
2755.0,2.803e-28
2760.0,4.198e-23
2765.0,1.97e-29
2770.0,9.683e-27
2775.0,2.715e-18
2780.0,5.566e-21
2785.0,2.0900000000000002e-20
2790.0,8.826e-18
2795.0,1.048e-18
2800.0,8.696e-14
2805.0,6.257e-17
2810.0,2.509e-13
2815.0,7.483e-14
2820.0,9.144e-16
2825.0,8.026e-12
2830.0,1.744e-10
2835.0,2.402e-15
2840.0,3.317e-11
2845.0,1.779e-09
2850.0,3.079e-11
2855.0,1.23e-11
2860.0,6.395e-10
2865.0,4.715e-09
2870.0,8.197e-10
2875.0,1.148e-08
2880.0,7.233e-09
2885.0,1.191e-08
2890.0,5.065e-09
2895.0,8.633e-08
2900.0,2.406e-08
2905.0,2.785e-09
2910.0,8.806e-08
2915.0,3.737e-08
2920.0,9.274e-08
2925.0,3.307e-08
2930.0,2.005e-07
2935.0,2.208e-07
2940.0,4.942e-08
2945.0,4.242e-08
2950.0,1.712e-07
2955.0,7.624e-08
2960.0,1.538e-07
2965.0,2.693e-07
2970.0,1.003e-08
2975.0,2.551e-08
2980.0,3.974e-08
2985.0,2.696e-07
2990.0,1.004e-06
2995.0,1.373e-07
3000.0,2.956e-07
3005.0,8.736e-08
3010.0,2.888e-07
3015.0,1.866e-07
3020.0,1.56e-08
3025.0,2.489e-07
3030.0,2.036e-07
3035.0,7.125e-08
3040.0,5.603e-08
3045.0,1.2e-07
3050.0,2.711e-08
3055.0,6.634e-09
3060.0,1.897e-07
3065.0,7.907e-08
3070.0,4.429e-08
3075.0,1.792e-07
3080.0,1.009e-07
3085.0,4.452e-08
3090.0,6.054e-08
3095.0,1.489e-08
3100.0,1.217e-07
3105.0,2.274e-08
3110.0,1.898e-08
3115.0,5.694e-08
3120.0,3.349e-07
3125.0,3.424e-07
3130.0,1.925e-07
3135.0,5.996e-07
3140.0,8.966e-08
3145.0,8.711e-08
3150.0,2.218e-07
3155.0,2.424e-07
3160.0,6.559e-07
3165.0,3.732e-06
3170.0,5.1e-06
3175.0,4.004e-07
3180.0,1.645e-06
3185.0,2.054e-07
3190.0,1.304e-07
3195.0,5.874e-08
3200.0,8.29e-09
3205.0,5.416e-09
3210.0,2.256e-09
3215.0,9.173e-09
3220.0,3.22e-08
3225.0,3.703e-09
3230.0,6.151e-09
3235.0,1.767e-07
3240.0,7.836e-08
3245.0,1.497e-08
3250.0,5.488e-08
3255.0,2.724e-07
3260.0,2.35e-08
3265.0,5.082e-08
3270.0,2.393e-08
3275.0,1.482e-07
3280.0,6.148e-08
3285.0,8.437e-07
3290.0,2.328e-07
3295.0,2.512e-08
3300.0,3.654e-08
3305.0,8.414e-08
3310.0,7.972e-08
3315.0,1.155e-10
3320.0,7.277e-10
3325.0,6.692e-08
3330.0,2.03e-07
3335.0,3.779e-07
3340.0,5.841e-07
3345.0,7.088e-08
3350.0,7.659e-07
3355.0,7.502e-08
3360.0,1.506e-07
3365.0,1.167e-06
3370.0,7.488e-08
3375.0,4.752e-06
3380.0,1.01e-07
3385.0,2.65e-06
3390.0,1.176e-06
3395.0,4.24e-06
3400.0,4.128e-05
3405.0,8.354e-08
3410.0,4.706e-06
3415.0,2.171e-07
3420.0,8.169e-05
3425.0,2.533e-06
3430.0,4.955e-07
3435.0,6.02e-05
3440.0,3.619e-07
3445.0,3.539e-05
3450.0,1.252e-05
3455.0,1.889e-06
3460.0,9.898e-05
3465.0,2.676e-06
3470.0,8.972e-05
3475.0,1.672e-05
3480.0,1.938e-05
3485.0,7.582e-05
3490.0,1.181e-05
3495.0,7.702e-05
3500.0,6.71e-05
3505.0,6.611e-05
3510.0,7.119e-05
3515.0,6.981e-05
3520.0,0.0001015
3525.0,0.0001023
3530.0,5.619e-05
3535.0,1.081e-05
3540.0,8.251e-06
3545.0,8.841e-06
3550.0,5.166e-05
3555.0,1.622e-05
3560.0,7.225e-05
3565.0,4.384e-05
3570.0,1.409e-05
3575.0,7.907e-06
3580.0,4.284e-05
3585.0,1.426e-05
3590.0,3.149e-05
3595.0,6.73e-05
3600.0,8.879e-05
3605.0,4.686e-05
3610.0,3.56e-05
3615.0,7.041e-05
3620.0,0.0001899
3625.0,5.792e-05
3630.0,7.906e-05
3635.0,9.188e-05
3640.0,0.0002045
3645.0,7.053e-05
3650.0,8.071e-05
3655.0,0.0001521
3660.0,0.0001778
3665.0,5.792e-05
3670.0,2.969e-05
3675.0,1.679e-06
3680.0,2.179e-05
3685.0,4.964e-05
3690.0,4.106e-05
3695.0,0.0001135
3700.0,0.0002142
3705.0,0.0001911
3710.0,6.74e-05
3715.0,9.466e-05
3720.0,0.0001665
3725.0,0.0001867
3730.0,9.217e-05
3735.0,5.251e-05
3740.0,8.617e-05
3745.0,0.0001737
3750.0,0.0001125
3755.0,9.116e-05
3760.0,6.346e-05
3765.0,6.491e-05
3770.0,0.0001014
3775.0,0.0001012
3780.0,0.0001426
3785.0,8.906e-05
3790.0,4.547e-05
3795.0,0.0001112
3800.0,0.0001825
3805.0,0.0001392
3810.0,6.902e-05
3815.0,6.082e-05
3820.0,0.0001781
3825.0,0.0001775
3830.0,0.0001846
3835.0,4.711e-05
3840.0,0.0001134
3845.0,8.367e-05
3850.0,8.641e-05
3855.0,6.806e-05
3860.0,2.839e-05
3865.0,2.702e-05
3870.0,8.752e-06
3875.0,3.178e-06
3880.0,1.925e-06
3885.0,2.951e-06
3890.0,3.619e-06
3895.0,1.137e-05
3900.0,3.359e-05
3905.0,2.816e-05
3910.0,6.9e-06
3915.0,5.407e-06
3920.0,5.732e-06
3925.0,5.168e-06
3930.0,7.594e-06
3935.0,1.359e-05
3940.0,1.639e-05
3945.0,2.198e-05
3950.0,2.957e-05
3955.0,3.522e-05
3960.0,4.065e-05
3965.0,4.569e-05
3970.0,4.14e-05
3975.0,3.116e-05
3980.0,2.762e-05
3985.0,3.125e-05
3990.0,2.81e-05
3995.0,2.256e-05
4000.0,1.803e-05
