interpolation:linear
wavelength,value
280.0,8.866e-23
280.5,2.959e-21
281.0,1.597e-20
281.5,5.153e-19
282.0,5.247e-19
282.5,1.264e-18
283.0,3.958e-18
283.5,6.439e-18
284.0,1.061e-16
284.5,3.109e-16
285.0,5.838e-16
285.5,2.769e-15
286.0,1.108e-14
286.5,4.938e-14
287.0,1.414e-13
287.5,5.448e-13
288.0,1.904e-12
288.5,5.522e-12
289.0,1.436e-11
289.5,4.274e-11
290.0,1.18e-10
290.5,2.401e-10
291.0,5.151e-10
291.5,1.48e-09
292.0,3.003e-09
292.5,4.19e-09
293.0,8.927e-09
293.5,2.155e-08
294.0,3.362e-08
294.5,4.382e-08
295.0,7.39e-08
295.5,1.252e-07
296.0,2.379e-07
296.5,3.271e-07
297.0,4.358e-07
297.5,1.14e-06
298.0,1.755e-06
298.5,1.73e-06
299.0,3.733e-06
299.5,5.951e-06
300.0,6.38e-06
300.5,8.986e-06
301.0,1.549e-05
301.5,2.351e-05
302.0,1.957e-05
302.5,3.79e-05
303.0,6.78e-05
303.5,8.592e-05
304.0,8.276e-05
304.5,0.0001323
305.0,0.0002222
305.5,0.0002722
306.0,0.0002704
306.5,0.0003521
307.0,0.0005782
307.5,0.0008499
308.0,0.0009121
308.5,0.001133
309.0,0.001338
309.5,0.001815
310.0,0.001971
310.5,0.003319
311.0,0.004438
311.5,0.004403
312.0,0.005051
312.5,0.00673
313.0,0.007654
313.5,0.007109
314.0,0.009909
314.5,0.01015
315.0,0.01368
315.5,0.01067
316.0,0.01047
316.5,0.01662
317.0,0.02059
317.5,0.02082
318.0,0.01739
318.5,0.02463
319.0,0.03122
319.5,0.02287
320.0,0.02718
320.5,0.0389
321.0,0.03908
321.5,0.03792
322.0,0.0355
322.5,0.03108
323.0,0.03368
323.5,0.04577
324.0,0.05421
324.5,0.05303
325.0,0.04298
325.5,0.05919
326.0,0.07555
326.5,0.07929
327.0,0.07766
327.5,0.07337
328.0,0.06133
328.5,0.06957
329.0,0.08844
329.5,0.1022
330.0,0.1016
330.5,0.07767
331.0,0.0779
331.5,0.08196
332.0,0.09306
332.5,0.09416
333.0,0.09268
333.5,0.08086
334.0,0.08236
334.5,0.09909
335.0,0.0954
335.5,0.1125
336.0,0.07785
336.5,0.08927
337.0,0.07199
337.5,0.08898
338.0,0.08993
338.5,0.1052
339.0,0.1044
339.5,0.1003
340.0,0.1165
340.5,0.1054
341.0,0.1039
341.5,0.09578
342.0,0.1146
342.5,0.1074
343.0,0.1179
343.5,0.1108
344.0,0.08109
344.5,0.08256
345.0,0.1098
345.5,0.1124
346.0,0.09574
346.5,0.1086
347.0,0.1163
347.5,0.09404
348.0,0.1076
348.5,0.1077
349.0,0.1001
349.5,0.09913
350.0,0.1227
350.5,0.1295
351.0,0.1156
351.5,0.112
352.0,0.1206
352.5,0.09435
353.0,0.1191
353.5,0.1275
354.0,0.1325
354.5,0.1344
355.0,0.1339
355.5,0.1211
356.0,0.1269
356.5,0.1084
357.0,0.08958
357.5,0.1097
358.0,0.08703
358.5,0.07441
359.0,0.1041
359.5,0.1326
360.0,0.1406
360.5,0.1125
361.0,0.1027
361.5,0.1184
362.0,0.1026
362.5,0.1421
363.0,0.1278
363.5,0.1178
364.0,0.1443
364.5,0.1234
365.0,0.1257
365.5,0.1579
366.0,0.1675
366.5,0.1576
367.0,0.1536
367.5,0.1595
368.0,0.1397
368.5,0.141
369.0,0.1524
369.5,0.1626
370.0,0.1735
370.5,0.1348
371.0,0.1442
371.5,0.1805
372.0,0.1199
372.5,0.1438
373.0,0.1465
373.5,0.09538
374.0,0.1387
374.5,0.115
375.0,0.1119
375.5,0.1671
376.0,0.1386
376.5,0.1437
377.0,0.1523
377.5,0.1784
378.0,0.1934
378.5,0.1829
379.0,0.151
379.5,0.138
380.0,0.1436
380.5,0.1741
381.0,0.1747
381.5,0.1386
382.0,0.1233
382.5,0.1052
383.0,0.09753
383.5,0.09404
384.0,0.1038
384.5,0.1529
385.0,0.1517
385.5,0.1414
386.0,0.1213
386.5,0.1595
387.0,0.1326
387.5,0.1491
388.0,0.1377
388.5,0.1363
389.0,0.1472
389.5,0.1785
390.0,0.1793
390.5,0.1652
391.0,0.1946
391.5,0.1987
392.0,0.1674
392.5,0.1501
393.0,0.0836
393.5,0.06083
394.0,0.1239
394.5,0.1577
395.0,0.1925
395.5,0.1957
396.0,0.1698
396.5,0.09941
397.0,0.07468
397.5,0.152
398.0,0.213
398.5,0.2203
399.0,0.2389
399.5,0.2383
400.0,0.2476
401.0,0.2486
402.0,0.2629
403.0,0.2503
404.0,0.2468
405.0,0.2471
406.0,0.2436
407.0,0.2402
408.0,0.2498
409.0,0.2678
410.0,0.2344
411.0,0.2544
412.0,0.2739
413.0,0.2674
414.0,0.2712
415.0,0.2724
416.0,0.2778
417.0,0.2713
418.0,0.2667
419.0,0.2707
420.0,0.2698
421.0,0.2828
422.0,0.2691
423.0,0.2632
424.0,0.2787
425.0,0.2786
426.0,0.2721
427.0,0.2674
428.0,0.2608
429.0,0.2477
430.0,0.2171
431.0,0.2153
432.0,0.2785
433.0,0.2805
434.0,0.2607
435.0,0.2724
436.0,0.3077
437.0,0.3043
438.0,0.2775
439.0,0.2866
440.0,0.2962
441.0,0.3075
442.0,0.3301
443.0,0.3214
444.0,0.3291
445.0,0.3221
446.0,0.3083
447.0,0.3342
448.0,0.3391
449.0,0.3414
450.0,0.3515
451.0,0.3649
452.0,0.352
453.0,0.3316
454.0,0.3469
455.0,0.3491
456.0,0.3578
457.0,0.3639
458.0,0.3511
459.0,0.3495
460.0,0.3503
461.0,0.3586
462.0,0.362
463.0,0.3597
464.0,0.3548
465.0,0.3513
466.0,0.3554
467.0,0.3488
468.0,0.353
469.0,0.3549
470.0,0.3435
471.0,0.3434
472.0,0.3619
473.0,0.3572
474.0,0.3573
475.0,0.3597
476.0,0.348
477.0,0.3483
478.0,0.3582
479.0,0.3565
480.0,0.3577
481.0,0.3652
482.0,0.368
483.0,0.3645
484.0,0.3577
485.0,0.3415
486.0,0.2993
487.0,0.3143
488.0,0.3448
489.0,0.3457
490.0,0.3642
491.0,0.3584
492.0,0.3386
493.0,0.3499
494.0,0.3536
495.0,0.3568
496.0,0.3591
497.0,0.3646
498.0,0.3475
499.0,0.3515
500.0,0.3408
501.0,0.3339
502.0,0.3279
503.0,0.34
504.0,0.328
505.0,0.3425
506.0,0.3535
507.0,0.3366
508.0,0.3272
509.0,0.3372
510.0,0.3362
511.0,0.346
512.0,0.3501
513.0,0.3315
514.0,0.3295
515.0,0.3262
516.0,0.3253
517.0,0.2892
518.0,0.304
519.0,0.3188
520.0,0.3302
521.0,0.3332
522.0,0.3332
523.0,0.3269
524.0,0.338
525.0,0.341
526.0,0.3254
527.0,0.3059
528.0,0.3229
529.0,0.3398
530.0,0.3346
531.0,0.3392
532.0,0.3273
533.0,0.3178
534.0,0.3275
535.0,0.3351
536.0,0.3385
537.0,0.3256
538.0,0.3315
539.0,0.3287
540.0,0.3149
541.0,0.3159
542.0,0.3253
543.0,0.3226
544.0,0.3273
545.0,0.3265
546.0,0.3271
547.0,0.3277
548.0,0.3242
549.0,0.3254
550.0,0.3293
551.0,0.3255
552.0,0.3278
553.0,0.3218
554.0,0.3293
555.0,0.3298
556.0,0.3253
557.0,0.3148
558.0,0.3119
559.0,0.3055
560.0,0.3089
561.0,0.3123
562.0,0.3094
563.0,0.317
564.0,0.3077
565.0,0.3045
566.0,0.2995
567.0,0.3045
568.0,0.2999
569.0,0.2893
570.0,0.2896
571.0,0.2887
572.0,0.2933
573.0,0.296
574.0,0.2945
575.0,0.2882
576.0,0.2856
577.0,0.2891
578.0,0.2857
579.0,0.2885
580.0,0.2966
581.0,0.3002
582.0,0.3076
583.0,0.3098
584.0,0.3135
585.0,0.3064
586.0,0.3002
587.0,0.3057
588.0,0.294
589.0,0.2522
590.0,0.2643
591.0,0.2847
592.0,0.2782
593.0,0.2861
594.0,0.2826
595.0,0.2723
596.0,0.29
597.0,0.285
598.0,0.2864
599.0,0.2875
600.0,0.2897
601.0,0.2887
602.0,0.287
603.0,0.2924
604.0,0.2977
605.0,0.2966
606.0,0.2961
607.0,0.2999
608.0,0.2974
609.0,0.2986
610.0,0.2972
611.0,0.2993
612.0,0.2989
613.0,0.2956
614.0,0.2923
615.0,0.2993
616.0,0.29
617.0,0.2898
618.0,0.3014
619.0,0.2986
620.0,0.3005
621.0,0.3003
622.0,0.2963
623.0,0.2914
624.0,0.2869
625.0,0.2862
626.0,0.2902
627.0,0.2917
628.0,0.2523
629.0,0.2777
630.0,0.2705
631.0,0.2835
632.0,0.2815
633.0,0.2929
634.0,0.2924
635.0,0.2982
636.0,0.2955
637.0,0.3014
638.0,0.3059
639.0,0.3034
640.0,0.3015
641.0,0.302
642.0,0.3016
643.0,0.3057
644.0,0.3057
645.0,0.3057
646.0,0.2961
647.0,0.2868
648.0,0.2877
649.0,0.281
650.0,0.2899
651.0,0.3037
652.0,0.284
653.0,0.3002
654.0,0.2974
655.0,0.2827
656.0,0.2531
657.0,0.2604
658.0,0.2943
659.0,0.2973
660.0,0.2992
661.0,0.3017
662.0,0.3011
663.0,0.2956
664.0,0.3011
665.0,0.3029
666.0,0.3038
667.0,0.3043
668.0,0.3053
669.0,0.3105
670.0,0.3096
671.0,0.31
672.0,0.3076
673.0,0.3126
674.0,0.3118
675.0,0.3094
676.0,0.3118
677.0,0.309
678.0,0.3102
679.0,0.3055
680.0,0.3081
681.0,0.3062
682.0,0.3059
683.0,0.3054
684.0,0.3038
685.0,0.3068
686.0,0.3046
687.0,0.1229
688.0,0.1754
689.0,0.1773
690.0,0.1983
691.0,0.224
692.0,0.2453
693.0,0.2428
694.0,0.2435
695.0,0.2643
696.0,0.2655
697.0,0.2937
698.0,0.2889
699.0,0.2736
700.0,0.2698
701.0,0.2634
702.0,0.2686
703.0,0.2703
704.0,0.284
705.0,0.2843
706.0,0.2859
707.0,0.287
708.0,0.2874
709.0,0.2914
710.0,0.2894
711.0,0.2904
712.0,0.2913
713.0,0.2866
714.0,0.2883
715.0,0.2756
716.0,0.2749
717.0,0.2084
718.0,0.1896
719.0,0.1714
720.0,0.1763
721.0,0.211
722.0,0.2595
723.0,0.2328
724.0,0.1987
725.0,0.1923
726.0,0.2019
727.0,0.2123
728.0,0.1905
729.0,0.2078
730.0,0.2168
731.0,0.206
732.0,0.2314
733.0,0.2546
734.0,0.2641
735.0,0.2568
736.0,0.2557
737.0,0.257
738.0,0.2695
739.0,0.2645
740.0,0.2739
741.0,0.2726
742.0,0.2745
743.0,0.282
744.0,0.2822
745.0,0.2831
746.0,0.2844
747.0,0.2853
748.0,0.2848
749.0,0.2816
750.0,0.2815
751.0,0.2787
752.0,0.2801
753.0,0.2816
754.0,0.2822
755.0,0.2806
756.0,0.2806
757.0,0.281
758.0,0.2773
759.0,0.2659
760.0,0.006409
761.0,0.002228
762.0,0.06158
763.0,0.01421
764.0,0.03284
765.0,0.06136
766.0,0.1012
767.0,0.1632
768.0,0.2243
769.0,0.2381
770.0,0.2569
771.0,0.2638
772.0,0.266
773.0,0.2682
774.0,0.2673
775.0,0.2655
776.0,0.2688
777.0,0.2654
778.0,0.2637
779.0,0.2639
780.0,0.2626
781.0,0.2629
782.0,0.2647
783.0,0.2602
784.0,0.2616
785.0,0.2593
786.0,0.2618
787.0,0.2529
788.0,0.2478
789.0,0.2477
790.0,0.2356
791.0,0.2433
792.0,0.2424
793.0,0.2379
794.0,0.2475
795.0,0.2501
796.0,0.2345
797.0,0.234
798.0,0.2488
799.0,0.2459
800.0,0.2397
801.0,0.237
802.0,0.2361
803.0,0.2332
804.0,0.2345
805.0,0.2362
806.0,0.2469
807.0,0.2431
808.0,0.2436
809.0,0.2358
810.0,0.2322
811.0,0.229
812.0,0.2162
813.0,0.2101
814.0,0.1715
815.0,0.1717
816.0,0.1578
817.0,0.1611
818.0,0.1521
819.0,0.1812
820.0,0.167
821.0,0.2129
822.0,0.2039
823.0,0.1133
824.0,0.191
825.0,0.2095
826.0,0.1954
827.0,0.2123
828.0,0.1628
829.0,0.1955
830.0,0.1919
831.0,0.1924
832.0,0.1834
833.0,0.2027
834.0,0.1907
835.0,0.2225
836.0,0.2036
837.0,0.2231
838.0,0.2115
839.0,0.2199
840.0,0.2259
841.0,0.2207
842.0,0.2242
843.0,0.2274
844.0,0.2226
845.0,0.2323
846.0,0.2319
847.0,0.2285
848.0,0.2257
849.0,0.2193
850.0,0.2102
851.0,0.221
852.0,0.2203
853.0,0.2132
854.0,0.183
855.0,0.2025
856.0,0.2207
857.0,0.2267
858.0,0.2245
859.0,0.2254
860.0,0.2263
861.0,0.2249
862.0,0.2286
863.0,0.2341
864.0,0.2224
865.0,0.2206
866.0,0.1984
867.0,0.2071
868.0,0.2254
869.0,0.2208
870.0,0.2271
871.0,0.224
872.0,0.2233
873.0,0.2229
874.0,0.2203
875.0,0.2157
876.0,0.2179
877.0,0.2202
878.0,0.2223
879.0,0.219
880.0,0.2143
881.0,0.2104
882.0,0.2146
883.0,0.2161
884.0,0.2148
885.0,0.2164
886.0,0.2037
887.0,0.2078
888.0,0.2099
889.0,0.2143
890.0,0.2098
891.0,0.2108
892.0,0.2013
893.0,0.192
894.0,0.178
895.0,0.1597
896.0,0.1484
897.0,0.1184
898.0,0.1332
899.0,0.09153
900.0,0.1424
901.0,0.09592
902.0,0.1252
903.0,0.1216
904.0,0.1763
905.0,0.1675
906.0,0.154
907.0,0.1096
908.0,0.1153
909.0,0.1301
910.0,0.1045
911.0,0.1203
912.0,0.1255
913.0,0.1055
914.0,0.107
915.0,0.1145
916.0,0.09585
917.0,0.1319
918.0,0.09722
919.0,0.1382
920.0,0.1488
921.0,0.1536
922.0,0.1294
923.0,0.1495
924.0,0.1298
925.0,0.1277
926.0,0.1273
927.0,0.1501
928.0,0.08797
929.0,0.07486
930.0,0.05008
931.0,0.04699
932.0,0.02635
933.0,0.01867
934.0,0.005552
935.0,0.02109
936.0,0.009723
937.0,0.009828
938.0,0.01318
939.0,0.04528
940.0,0.06072
941.0,0.03837
942.0,0.0478
943.0,0.02615
944.0,0.03307
945.0,0.04125
946.0,0.01431
947.0,0.03951
948.0,0.02847
949.0,0.06043
950.0,0.008366
951.0,0.05993
952.0,0.02392
953.0,0.0363
954.0,0.05097
955.0,0.03751
956.0,0.04472
957.0,0.02371
958.0,0.06976
959.0,0.04631
960.0,0.05204
961.0,0.06571
962.0,0.06204
963.0,0.07823
964.0,0.06986
965.0,0.07722
966.0,0.07702
967.0,0.07546
968.0,0.1301
969.0,0.1307
970.0,0.118
971.0,0.1481
972.0,0.1385
973.0,0.1076
974.0,0.1016
975.0,0.109
976.0,0.09605
977.0,0.1254
978.0,0.1124
979.0,0.121
980.0,0.1123
981.0,0.1475
982.0,0.1362
983.0,0.1283
984.0,0.1585
985.0,0.1352
986.0,0.1655
987.0,0.1582
988.0,0.1583
989.0,0.1678
990.0,0.1572
991.0,0.1678
992.0,0.1693
993.0,0.1612
994.0,0.1698
995.0,0.1703
996.0,0.1688
997.0,0.1694
998.0,0.1683
999.0,0.1679
1000.0,0.1655
1001.0,0.1689
1002.0,0.1593
1003.0,0.1657
1004.0,0.1603
1005.0,0.1562
1006.0,0.1615
1007.0,0.1653
1008.0,0.1636
1009.0,0.1617
1010.0,0.1606
1011.0,0.1646
1012.0,0.1623
1013.0,0.1645
1014.0,0.1633
1015.0,0.1621
1016.0,0.1613
1017.0,0.1615
1018.0,0.1615
1019.0,0.1561
1020.0,0.1603
1021.0,0.1605
1022.0,0.1585
1023.0,0.1601
1024.0,0.1561
1025.0,0.1606
1026.0,0.1594
1027.0,0.1592
1028.0,0.1587
1029.0,0.1566
1030.0,0.1584
1031.0,0.1575
1032.0,0.1572
1033.0,0.1548
1034.0,0.1549
1035.0,0.1554
1036.0,0.1559
1037.0,0.1535
1038.0,0.1541
1039.0,0.1539
1040.0,0.1532
1041.0,0.1537
1042.0,0.1526
1043.0,0.152
1044.0,0.1524
1045.0,0.1502
1046.0,0.1484
1047.0,0.1496
1048.0,0.1503
1049.0,0.1496
1050.0,0.1487
1051.0,0.1483
1052.0,0.1475
1053.0,0.1461
1054.0,0.1461
1055.0,0.1459
1056.0,0.1451
1057.0,0.1444
1058.0,0.1406
1059.0,0.1404
1060.0,0.14
1061.0,0.1397
1062.0,0.1401
1063.0,0.1385
1064.0,0.1402
1065.0,0.1385
1066.0,0.1363
1067.0,0.1379
1068.0,0.1343
1069.0,0.1306
1070.0,0.1346
1071.0,0.1383
1072.0,0.1355
1073.0,0.1338
1074.0,0.1392
1075.0,0.1279
1076.0,0.1388
1077.0,0.1339
1078.0,0.1301
1079.0,0.1375
1080.0,0.1318
1081.0,0.1253
1082.0,0.1312
1083.0,0.1327
1084.0,0.1242
1085.0,0.1325
1086.0,0.1152
1087.0,0.1226
1088.0,0.1319
1089.0,0.1232
1090.0,0.1186
1091.0,0.1303
1092.0,0.1306
1093.0,0.09977
1094.0,0.1181
1095.0,0.1041
1096.0,0.09685
1097.0,0.1277
1098.0,0.09349
1099.0,0.09901
1100.0,0.0882
1101.0,0.09093
1102.0,0.0838
1103.0,0.08089
1104.0,0.08138
1105.0,0.09573
1106.0,0.05758
1107.0,0.08817
1108.0,0.06539
1109.0,0.06665
1110.0,0.08489
1111.0,0.04515
1112.0,0.06666
1113.0,0.03138
1114.0,0.03525
1115.0,0.02817
1116.0,0.01756
1117.0,0.003139
1118.0,0.01996
1119.0,0.006471
1120.0,0.007584
1121.0,0.01154
1122.0,0.002685
1123.0,0.006952
1124.0,0.005822
1125.0,0.008434
1126.0,0.001104
1127.0,0.009702
1128.0,0.003458
1129.0,0.003827
1130.0,0.00233
1131.0,0.02672
1132.0,0.01911
1133.0,0.007945
1134.0,0.0008291
1135.0,0.0003844
1136.0,0.005426
1137.0,0.02456
1138.0,0.01626
1139.0,0.03558
1140.0,0.02523
1141.0,0.01563
1142.0,0.01978
1143.0,0.03342
1144.0,0.007224
1145.0,0.007567
1146.0,0.008131
1147.0,0.001199
1148.0,0.02787
1149.0,0.01929
1150.0,0.008889
1151.0,0.01618
1152.0,0.02343
1153.0,0.02586
1154.0,0.007912
1155.0,0.03703
1156.0,0.03087
1157.0,0.04056
1158.0,0.0399
1159.0,0.04528
1160.0,0.03733
1161.0,0.05328
1162.0,0.05263
1163.0,0.08594
1164.0,0.06852
1165.0,0.05948
1166.0,0.06359
1167.0,0.07171
1168.0,0.07155
1169.0,0.07442
1170.0,0.08566
1171.0,0.08351
1172.0,0.08846
1173.0,0.08559
1174.0,0.05112
1175.0,0.08689
1176.0,0.1024
1177.0,0.09349
1178.0,0.06233
1179.0,0.1031
1180.0,0.08468
1181.0,0.08758
1182.0,0.05118
1183.0,0.08766
1184.0,0.07889
1185.0,0.07317
1186.0,0.0968
1187.0,0.08886
1188.0,0.05013
1189.0,0.08237
1190.0,0.09552
1191.0,0.08385
1192.0,0.09752
1193.0,0.09111
1194.0,0.09548
1195.0,0.08566
1196.0,0.0801
1197.0,0.09719
1198.0,0.08726
1199.0,0.06502
1200.0,0.09001
1201.0,0.08323
1202.0,0.08607
1203.0,0.08305
1204.0,0.06915
1205.0,0.09044
1206.0,0.1044
1207.0,0.08433
1208.0,0.08584
1209.0,0.0879
1210.0,0.09381
1211.0,0.08623
1212.0,0.07954
1213.0,0.09811
1214.0,0.08337
1215.0,0.08144
1216.0,0.09856
1217.0,0.09421
1218.0,0.09757
1219.0,0.09516
1220.0,0.09788
1221.0,0.1002
1222.0,0.09678
1223.0,0.095
1224.0,0.09226
1225.0,0.09901
1226.0,0.1013
1227.0,0.08823
1228.0,0.1028
1229.0,0.1013
1230.0,0.09864
1231.0,0.1047
1232.0,0.104
1233.0,0.09601
1234.0,0.1057
1235.0,0.1043
1236.0,0.1056
1237.0,0.1025
1238.0,0.1053
1239.0,0.1039
1240.0,0.1045
1241.0,0.1028
1242.0,0.1037
1243.0,0.1029
1244.0,0.1032
1245.0,0.1039
1246.0,0.1034
1247.0,0.1026
1248.0,0.1019
1249.0,0.1028
1250.0,0.1018
1251.0,0.0997
1252.0,0.1007
1253.0,0.09813
1254.0,0.09585
1255.0,0.1001
1256.0,0.0941
1257.0,0.09293
1258.0,0.09723
1259.0,0.08881
1260.0,0.08987
1261.0,0.07901
1262.0,0.07372
1263.0,0.07371
1264.0,0.06176
1265.0,0.07334
1266.0,0.06678
1267.0,0.07058
1268.0,0.06283
1269.0,0.02003
1270.0,0.06928
1271.0,0.07956
1272.0,0.08035
1273.0,0.07884
1274.0,0.08001
1275.0,0.08219
1276.0,0.08417
1277.0,0.08632
1278.0,0.09024
1279.0,0.0894
1280.0,0.08835
1281.0,0.08543
1282.0,0.08417
1283.0,0.09027
1284.0,0.0921
1285.0,0.09304
1286.0,0.0953
1287.0,0.09195
1288.0,0.09257
1289.0,0.08593
1290.0,0.0919
1291.0,0.09388
1292.0,0.08173
1293.0,0.09059
1294.0,0.08971
1295.0,0.0869
1296.0,0.07923
1297.0,0.07241
1298.0,0.08374
1299.0,0.09124
1300.0,0.06793
1301.0,0.07141
1302.0,0.08374
1303.0,0.06779
1304.0,0.04994
1305.0,0.08158
1306.0,0.08042
1307.0,0.05385
1308.0,0.06929
1309.0,0.07815
1310.0,0.05193
1311.0,0.06448
1312.0,0.0619
1313.0,0.05829
1314.0,0.04915
1315.0,0.04697
1316.0,0.06189
1317.0,0.05729
1318.0,0.06585
1319.0,0.04212
1320.0,0.04235
1321.0,0.05283
1322.0,0.0515
1323.0,0.03155
1324.0,0.04177
1325.0,0.05961
1326.0,0.0467
1327.0,0.04314
1328.0,0.03452
1329.0,0.02012
1330.0,0.02949
1331.0,0.01233
1332.0,0.01399
1333.0,0.02048
1334.0,0.02141
1335.0,0.03054
1336.0,0.02072
1337.0,0.01786
1338.0,0.01884
1339.0,0.01935
1340.0,0.02049
1341.0,0.01598
1342.0,0.01741
1343.0,0.006909
1344.0,0.004588
1345.0,0.006031
1346.0,0.001316
1347.0,0.001111
1348.0,1.726e-05
1349.0,7.941e-05
1350.0,9.691e-05
1351.0,7.77e-06
1352.0,1.057e-06
1353.0,5.031e-08
1354.0,1.853e-07
1355.0,1.362e-09
1356.0,2.44e-08
1357.0,3.7e-08
1358.0,1.599e-09
1359.0,2.011e-10
1360.0,7.272e-10
1361.0,8.129e-13
1362.0,2.224e-15
1363.0,9.772e-10
1364.0,4.035e-10
1365.0,7.764e-16
1366.0,4.235e-09
1367.0,1.73e-09
1368.0,5.995e-18
1369.0,1.487e-10
1370.0,7.321e-11
1371.0,4.15e-12
1372.0,9.384e-10
1373.0,1.901e-08
1374.0,9.002e-08
1375.0,1.609e-07
1376.0,1.593e-07
1377.0,7.149e-08
1378.0,6.892e-07
1379.0,3.039e-08
1380.0,4.034e-08
1381.0,1.046e-09
1382.0,8.221e-10
1383.0,1.229e-11
1384.0,1.611e-10
1385.0,7.737e-10
1386.0,7.245e-10
1387.0,8.807e-08
1388.0,1.77e-09
1389.0,3.1e-07
1390.0,2.624e-07
1391.0,1.753e-07
1392.0,1.149e-08
1393.0,6.31e-08
1394.0,3e-08
1395.0,2.194e-10
1396.0,1.058e-12
1397.0,2.406e-08
1398.0,7.175e-07
1399.0,4.599e-07
1400.0,4.525e-13
1401.0,1.877e-12
1402.0,2.668e-06
1403.0,2.49e-06
1404.0,6.561e-07
1405.0,1.037e-10
1406.0,1.361e-06
1407.0,1.964e-07
1408.0,1.149e-06
1409.0,3.331e-07
1410.0,3.246e-07
1411.0,2.302e-06
1412.0,4.377e-06
1413.0,0.0001106
1414.0,2.71e-07
1415.0,1.158e-07
1416.0,0.0005756
1417.0,8.851e-05
1418.0,5.325e-05
1419.0,7.16e-06
1420.0,3.191e-05
1421.0,5.932e-05
1422.0,0.0007428
1423.0,0.0001307
1424.0,0.0003265
1425.0,0.0003377
1426.0,0.0006379
1427.0,0.001585
1428.0,1.283e-05
1429.0,0.0008352
1430.0,0.002521
1431.0,0.003048
1432.0,9.815e-06
1433.0,0.001584
1434.0,0.0006515
1435.0,0.0002864
1436.0,0.001079
1437.0,0.000854
1438.0,0.0002355
1439.0,0.00165
1440.0,0.001405
1441.0,0.0006583
1442.0,0.0006041
1443.0,0.001288
1444.0,0.00251
1445.0,0.001235
1446.0,0.0003722
1447.0,0.0008148
1448.0,0.007804
1449.0,0.006136
1450.0,0.0006963
1451.0,0.0002093
1452.0,0.002516
1453.0,0.003697
1454.0,0.01168
1455.0,0.003514
1456.0,0.004422
1457.0,0.008238
1458.0,0.01331
1459.0,0.01568
1460.0,0.006311
1461.0,0.004835
1462.0,0.01045
1463.0,0.002047
1464.0,0.01527
1465.0,0.008353
1466.0,0.002632
1467.0,0.0009434
1468.0,0.003748
1469.0,0.005979
1470.0,0.001117
1471.0,0.0004505
1472.0,0.001036
1473.0,0.002968
1474.0,0.00744
1475.0,0.0204
1476.0,0.003764
1477.0,0.00321
1478.0,0.004329
1479.0,0.01056
1480.0,0.002775
1481.0,0.009022
1482.0,0.003633
1483.0,0.01439
1484.0,0.01526
1485.0,0.01247
1486.0,0.0103
1487.0,0.002775
1488.0,0.008574
1489.0,0.02444
1490.0,0.02397
1491.0,0.02961
1492.0,0.01821
1493.0,0.02338
1494.0,0.03117
1495.0,0.02597
1496.0,0.02306
1497.0,0.04233
1498.0,0.02975
1499.0,0.03696
1500.0,0.04889
1501.0,0.04992
1502.0,0.04179
1503.0,0.03073
1504.0,0.02142
1505.0,0.02978
1506.0,0.05287
1507.0,0.04953
1508.0,0.04727
1509.0,0.02971
1510.0,0.05637
1511.0,0.05185
1512.0,0.05401
1513.0,0.04415
1514.0,0.03942
1515.0,0.05623
1516.0,0.05273
1517.0,0.04891
1518.0,0.04989
1519.0,0.04675
1520.0,0.05307
1521.0,0.06254
1522.0,0.05575
1523.0,0.06383
1524.0,0.06002
1525.0,0.054
1526.0,0.0554
1527.0,0.05577
1528.0,0.06307
1529.0,0.05861
1530.0,0.05608
1531.0,0.05843
1532.0,0.06378
1533.0,0.06433
1534.0,0.06273
1535.0,0.06148
1536.0,0.06356
1537.0,0.06143
1538.0,0.06337
1539.0,0.06168
1540.0,0.06269
1541.0,0.0629
1542.0,0.0615
1543.0,0.06339
1544.0,0.06188
1545.0,0.06415
1546.0,0.06246
1547.0,0.06211
1548.0,0.06213
1549.0,0.06299
1550.0,0.06239
1551.0,0.06269
1552.0,0.06165
1553.0,0.06203
1554.0,0.06129
1555.0,0.06169
1556.0,0.06155
1557.0,0.0624
1558.0,0.06204
1559.0,0.06159
1560.0,0.06199
1561.0,0.06244
1562.0,0.06132
1563.0,0.06097
1564.0,0.06117
1565.0,0.06159
1566.0,0.06059
1567.0,0.06082
1568.0,0.06005
1569.0,0.06068
1570.0,0.06114
1571.0,0.06154
1572.0,0.06111
1573.0,0.06056
1574.0,0.05825
1575.0,0.05742
1576.0,0.05614
1577.0,0.05458
1578.0,0.05708
1579.0,0.05709
1580.0,0.05779
1581.0,0.05697
1582.0,0.05596
1583.0,0.05605
1584.0,0.05787
1585.0,0.05869
1586.0,0.05778
1587.0,0.0569
1588.0,0.05591
1589.0,0.05423
1590.0,0.05522
1591.0,0.05669
1592.0,0.05795
1593.0,0.0593
1594.0,0.0589
1595.0,0.05838
1596.0,0.05652
1597.0,0.05758
1598.0,0.05893
1599.0,0.05828
1600.0,0.05804
1601.0,0.05705
1602.0,0.057
1603.0,0.05797
1604.0,0.05749
1605.0,0.05751
1606.0,0.05684
1607.0,0.05736
1608.0,0.05698
1609.0,0.05571
1610.0,0.05454
1611.0,0.05543
1612.0,0.05624
1613.0,0.05607
1614.0,0.05622
1615.0,0.05503
1616.0,0.05413
1617.0,0.05495
1618.0,0.05617
1619.0,0.05474
1620.0,0.054
1621.0,0.0545
1622.0,0.05535
1623.0,0.05621
1624.0,0.05533
1625.0,0.05513
1626.0,0.05517
1627.0,0.05572
1628.0,0.05536
1629.0,0.05507
1630.0,0.05463
1631.0,0.05387
1632.0,0.05399
1633.0,0.05143
1634.0,0.05373
1635.0,0.05171
1636.0,0.05211
1637.0,0.05193
1638.0,0.04679
1639.0,0.05072
1640.0,0.04595
1641.0,0.05007
1642.0,0.0516
1643.0,0.04517
1644.0,0.05177
1645.0,0.04818
1646.0,0.04516
1647.0,0.0525
1648.0,0.04517
1649.0,0.05045
1650.0,0.0511
1651.0,0.0433
1652.0,0.04993
1653.0,0.05098
1654.0,0.04524
1655.0,0.05098
1656.0,0.04889
1657.0,0.04983
1658.0,0.05152
1659.0,0.05087
1660.0,0.05136
1661.0,0.05084
1662.0,0.04835
1663.0,0.05113
1664.0,0.0503
1665.0,0.04467
1666.0,0.02849
1667.0,0.04426
1668.0,0.04863
1669.0,0.04876
1670.0,0.05034
1671.0,0.04831
1672.0,0.04825
1673.0,0.04964
1674.0,0.04737
1675.0,0.04693
1676.0,0.04773
1677.0,0.04715
1678.0,0.04466
1679.0,0.04775
1680.0,0.04552
1681.0,0.04289
1682.0,0.04688
1683.0,0.04789
1684.0,0.0402
1685.0,0.04843
1686.0,0.04823
1687.0,0.0445
1688.0,0.04768
1689.0,0.04722
1690.0,0.04656
1691.0,0.03847
1692.0,0.04593
1693.0,0.04851
1694.0,0.04484
1695.0,0.04762
1696.0,0.04791
1697.0,0.03389
1698.0,0.047
1699.0,0.04639
1700.0,0.04417
1702.0,0.04596
1705.0,0.04327
1710.0,0.0403
1715.0,0.04077
1720.0,0.04077
1725.0,0.03604
1730.0,0.03608
1735.0,0.03367
1740.0,0.03369
1745.0,0.03121
1750.0,0.03363
1755.0,0.02984
1760.0,0.03168
1765.0,0.02349
1770.0,0.02497
1775.0,0.01763
1780.0,0.01371
1785.0,0.008432
1790.0,0.01036
1795.0,0.002094
1800.0,0.001928
1805.0,0.0001594
1810.0,0.0001774
1815.0,5.108e-06
1820.0,4.857e-07
1825.0,6.905e-07
1830.0,6.789e-10
1835.0,1.239e-09
1840.0,5.893e-12
1845.0,6.29e-10
1850.0,2.839e-10
1855.0,2.719e-11
1860.0,1.723e-09
1865.0,2.235e-09
1870.0,1.185e-14
1875.0,2.142e-14
1880.0,1.397e-08
1885.0,6.962e-09
1890.0,3.706e-08
1895.0,2.547e-08
1900.0,8.329e-11
1905.0,5.715e-11
1910.0,2.832e-09
1915.0,3.311e-09
1920.0,9.611e-08
1925.0,4.619e-07
1930.0,4.111e-07
1935.0,1.324e-05
1940.0,3.574e-05
1945.0,0.0002494
1950.0,0.001058
1955.0,0.0005691
1960.0,0.002335
1965.0,0.005272
1970.0,0.009522
1975.0,0.01154
1980.0,0.01222
1985.0,0.01407
1990.0,0.01468
1995.0,0.01637
2000.0,0.01815
2005.0,0.01355
2010.0,0.02486
2015.0,0.01645
2020.0,0.0187
2025.0,0.02228
2030.0,0.01913
2035.0,0.02316
2040.0,0.02094
2045.0,0.02206
2050.0,0.02341
2055.0,0.02161
2060.0,0.02056
2065.0,0.02147
2070.0,0.02102
2075.0,0.02241
2080.0,0.02179
2085.0,0.02167
2090.0,0.02221
2095.0,0.02135
2100.0,0.01888
2105.0,0.02158
2110.0,0.02005
2115.0,0.02126
2120.0,0.01915
2125.0,0.01985
2130.0,0.02054
2135.0,0.02081
2140.0,0.02116
2145.0,0.02091
2150.0,0.01848
2155.0,0.01855
2160.0,0.0186
2165.0,0.01673
2170.0,0.01831
2175.0,0.01717
2180.0,0.01828
2185.0,0.01533
2190.0,0.01738
2195.0,0.01707
2200.0,0.01317
2205.0,0.01521
2210.0,0.01794
2215.0,0.01646
2220.0,0.01716
2225.0,0.01641
2230.0,0.01657
2235.0,0.0159
2240.0,0.0157
2245.0,0.01445
2250.0,0.01545
2255.0,0.01334
2260.0,0.01299
2265.0,0.01399
2270.0,0.01218
2275.0,0.01186
2280.0,0.01356
2285.0,0.01169
2290.0,0.0118
2295.0,0.01139
2300.0,0.01003
2305.0,0.01029
2310.0,0.01313
2315.0,0.01022
2320.0,0.007848
2325.0,0.01069
2330.0,0.01019
2335.0,0.01088
2340.0,0.006555
2345.0,0.008101
2350.0,0.005586
2355.0,0.007127
2360.0,0.008164
2365.0,0.008554
2370.0,0.002702
2375.0,0.006411
2380.0,0.006314
2385.0,0.003542
2390.0,0.004834
2395.0,0.005602
2400.0,0.006553
2405.0,0.004424
2410.0,0.004393
2415.0,0.002718
2420.0,0.002802
2425.0,0.003897
2430.0,0.006406
2435.0,0.001019
2440.0,0.006491
2445.0,0.00176
2450.0,0.0008088
2455.0,0.002556
2460.0,0.003632
2465.0,0.001908
2470.0,0.0008044
2475.0,0.0007649
2480.0,0.00026
2485.0,7.185e-05
2490.0,1.935e-05
2495.0,1.751e-05
2500.0,0.000115
2505.0,1.96e-05
2510.0,3.206e-05
2515.0,2.812e-06
2520.0,7.033e-08
2525.0,2.115e-08
2530.0,1.676e-11
2535.0,3.701e-12
2540.0,8.781e-12
2545.0,6.809e-16
2550.0,2.761e-18
2555.0,1.325e-14
2560.0,3.977e-16
2565.0,8.903000000000001e-20
2570.0,2.651e-24
2575.0,1.6770000000000001e-34
2580.0,1.749e-28
2585.0,3.655e-42
2590.0,2.28e-38
2595.0,4.436e-40
2600.0,3.652e-35
2605.0,4.036e-42
2610.0,1.3899999999999998e-41
2615.0,1.4009999999999999e-45
2620.0,1.2240000000000001e-35
2625.0,2.242e-35
2630.0,0.0
2635.0,1.167e-21
2640.0,2.5269999999999996e-22
2645.0,1.102e-24
2650.0,1.097e-25
2655.0,1.32e-34
2660.0,1.111e-31
2665.0,1.121e-44
2670.0,0.0
2675.0,5.325e-44
2680.0,2.2530000000000003e-30
2685.0,2.152e-31
2690.0,8.052e-31
2695.0,3.159e-33
2700.0,9.200999999999999e-29
2705.0,2.609e-26
2710.0,2.0780000000000003e-31
2715.0,2.624e-29
2720.0,0.0
2725.0,5.875e-27
2730.0,1.713e-24
2735.0,1.9530000000000002e-26
2740.0,3.528e-32
2745.0,4.549e-27
2750.0,2.5490000000000004e-26
2755.0,4.102e-28
2760.0,6.145e-23
2765.0,2.884e-29
2770.0,1.417e-26
2775.0,1.75e-23
2780.0,8.146e-21
2785.0,3.059e-20
2790.0,6.974e-18
2795.0,1.534e-18
2800.0,4.905e-15
2805.0,9.158e-17
2810.0,3.673e-13
2815.0,1.095e-13
2820.0,1.338e-15
2825.0,1.18e-11
2830.0,2.774e-10
2835.0,3.516e-15
2840.0,7.796e-12
2845.0,5.952e-09
2850.0,4.575e-11
2855.0,4.783e-11
2860.0,2.195e-09
2865.0,3.031e-08
2870.0,2.169e-10
2875.0,2.358e-07
2880.0,5.471e-07
2885.0,2.558e-07
2890.0,4.412e-07
2895.0,2.86e-05
2900.0,3.118e-06
2905.0,1.345e-07
2910.0,3.782e-05
2915.0,8.733e-06
2920.0,3.749e-05
2925.0,1.4e-05
2930.0,0.0001857
2935.0,0.0002031
2940.0,2.436e-05
2945.0,8.841e-06
2950.0,0.0001305
2955.0,6.527e-05
2960.0,0.000168
2965.0,0.0004112
2970.0,2.22e-06
2975.0,1.394e-05
2980.0,2.123e-05
2985.0,0.0003866
2990.0,0.0009195
2995.0,0.0001315
3000.0,0.0004453
3005.0,8.318e-05
3010.0,0.0004335
3015.0,0.0002434
3020.0,1.579e-06
3025.0,0.0004396
3030.0,0.0003121
3035.0,5.727e-05
3040.0,4.871e-05
3045.0,0.0001153
3050.0,1.581e-05
3055.0,1.446e-06
3060.0,0.000351
3065.0,7.542e-05
3070.0,2.331e-05
3075.0,0.0003069
3080.0,0.0001295
3085.0,2.476e-05
3090.0,4.098e-05
3095.0,3.987e-06
3100.0,0.0001827
3105.0,1.618e-05
3110.0,3.199e-06
3115.0,3.587e-05
3120.0,0.0007374
3125.0,0.00016
3130.0,0.0004142
3135.0,0.001007
3140.0,0.0001263
3145.0,0.0001339
3150.0,0.0004472
3155.0,0.0003792
3160.0,0.0007479
3165.0,0.001768
3170.0,0.001579
3175.0,0.000751
3180.0,0.001178
3185.0,0.0004022
3190.0,0.0002287
3195.0,3.58e-05
3200.0,1.002e-06
3205.0,3.101e-07
3210.0,1.557e-07
3215.0,2.234e-06
3220.0,1.12e-05
3225.0,1.113e-06
3230.0,1.365e-06
3235.0,0.0004088
3240.0,6.793e-05
3245.0,1.359e-05
3250.0,6.395e-05
3255.0,0.000766
3260.0,1.512e-05
3265.0,4.814e-05
3270.0,8.983e-06
3275.0,0.0002853
3280.0,7.293e-05
3285.0,0.001132
3290.0,0.0005869
3295.0,2.929e-05
3300.0,4.053e-05
3305.0,0.0001365
3310.0,0.0001031
3315.0,1.852e-10
3320.0,1.669e-08
3325.0,6.324e-05
3330.0,0.0003724
3335.0,0.0007427
3340.0,0.000228
3345.0,0.0001322
3350.0,0.0007987
3355.0,0.0001411
3360.0,0.0003517
3365.0,0.0007305
3370.0,0.0001241
3375.0,0.001006
3380.0,0.0002228
3385.0,0.0007622
3390.0,0.001018
3395.0,0.00114
3400.0,0.002133
3405.0,0.000174
3410.0,0.0008068
3415.0,0.0005104
3420.0,0.002475
3425.0,0.001127
3430.0,0.0007605
3435.0,0.002027
3440.0,0.000653
3445.0,0.001775
3450.0,0.001624
3455.0,0.0008669
3460.0,0.002349
3465.0,0.00114
3470.0,0.002307
3475.0,0.001632
3480.0,0.001733
3485.0,0.002176
3490.0,0.001442
3495.0,0.002282
3500.0,0.002153
3505.0,0.002123
3510.0,0.002216
3515.0,0.00201
3520.0,0.002352
3525.0,0.002077
3530.0,0.001928
3535.0,0.001255
3540.0,0.001132
3545.0,0.001269
3550.0,0.001772
3555.0,0.001259
3560.0,0.00191
3565.0,0.001869
3570.0,0.001137
3575.0,0.001086
3580.0,0.00173
3585.0,0.001313
3590.0,0.001491
3595.0,0.001691
3600.0,0.00191
3605.0,0.001793
3610.0,0.001525
3615.0,0.001681
3620.0,0.00246
3625.0,0.001792
3630.0,0.001806
3635.0,0.001908
3640.0,0.002447
3645.0,0.001944
3650.0,0.001841
3655.0,0.002215
3660.0,0.002225
3665.0,0.001838
3670.0,0.001184
3675.0,0.0004003
3680.0,0.001186
3685.0,0.001576
3690.0,0.001668
3695.0,0.001942
3700.0,0.002345
3705.0,0.002264
3710.0,0.001677
3715.0,0.001695
3720.0,0.002161
3725.0,0.002278
3730.0,0.001735
3735.0,0.00146
3740.0,0.001591
3745.0,0.002155
3750.0,0.001809
3755.0,0.001706
3760.0,0.001575
3765.0,0.001528
3770.0,0.001788
3775.0,0.001758
3780.0,0.00196
3785.0,0.001606
3790.0,0.001296
3795.0,0.00172
3800.0,0.00214
3805.0,0.001896
3810.0,0.001438
3815.0,0.001327
3820.0,0.002083
3825.0,0.001998
3830.0,0.002083
3835.0,0.00125
3840.0,0.001791
3845.0,0.001684
3850.0,0.001709
3855.0,0.001566
3860.0,0.001305
3865.0,0.001336
3870.0,0.00104
3875.0,0.0008098
3880.0,0.0007402
3885.0,0.0008246
3890.0,0.0008607
3895.0,0.001112
3900.0,0.001323
3905.0,0.001324
3910.0,0.0009894
3915.0,0.0009333
3920.0,0.00094
3925.0,0.0009071
3930.0,0.0009981
3935.0,0.001127
3940.0,0.001173
3945.0,0.001243
3950.0,0.001314
3955.0,0.001364
3960.0,0.001405
3965.0,0.001442
3970.0,0.001411
3975.0,0.001327
3980.0,0.001289
3985.0,0.001319
3990.0,0.001286
3995.0,0.001226
4000.0,0.001148
