interpolation:linear
wavelength,value
280.0,7.258e-23
280.5,2.429e-21
281.0,1.313e-20
281.5,4.246e-19
282.0,5.131e-19
282.5,1.222e-18
283.0,3.805e-18
283.5,6.187e-18
284.0,1.017e-16
284.5,2.982e-16
285.0,6.067e-16
285.5,2.792e-15
286.0,1.111e-14
286.5,4.914e-14
287.0,1.402e-13
287.5,5.39e-13
288.0,1.844e-12
288.5,5.312e-12
289.0,1.377e-11
289.5,4.091e-11
290.0,1.129e-10
290.5,2.298e-10
291.0,4.932e-10
291.5,1.418e-09
292.0,2.889e-09
292.5,4.026e-09
293.0,8.564e-09
293.5,2.064e-08
294.0,3.218e-08
294.5,4.116e-08
295.0,6.932e-08
295.5,1.179e-07
296.0,2.229e-07
296.5,3.049e-07
297.0,4.043e-07
297.5,1.05e-06
298.0,1.605e-06
298.5,1.574e-06
299.0,3.379e-06
299.5,5.333e-06
300.0,5.685e-06
300.5,7.96e-06
301.0,1.358e-05
301.5,2.044e-05
302.0,1.694e-05
302.5,3.26e-05
303.0,5.777e-05
303.5,7.277e-05
304.0,6.988e-05
304.5,0.0001109
305.0,0.0001843
305.5,0.0002244
306.0,0.0002224
306.5,0.0002885
307.0,0.00047
307.5,0.0006861
308.0,0.0007354
308.5,0.0009104
309.0,0.001064
309.5,0.001459
310.0,0.001594
310.5,0.00269
311.0,0.003614
311.5,0.003593
312.0,0.004164
312.5,0.005586
313.0,0.006376
313.5,0.005901
314.0,0.008296
314.5,0.008594
315.0,0.01161
315.5,0.008999
316.0,0.008917
316.5,0.01428
317.0,0.01768
317.5,0.01783
318.0,0.01498
318.5,0.02145
319.0,0.02735
319.5,0.01985
320.0,0.02356
320.5,0.03411
321.0,0.03463
321.5,0.03363
322.0,0.03112
322.5,0.02727
323.0,0.02976
323.5,0.04113
324.0,0.04878
324.5,0.04752
325.0,0.03803
325.5,0.05268
326.0,0.06805
326.5,0.07177
327.0,0.07017
327.5,0.06612
328.0,0.05488
328.5,0.06278
329.0,0.08031
329.5,0.09301
330.0,0.09231
330.5,0.07019
331.0,0.07028
331.5,0.0742
332.0,0.08469
332.5,0.08588
333.0,0.08441
333.5,0.07337
334.0,0.07467
334.5,0.09022
335.0,0.08707
335.5,0.1028
336.0,0.07118
336.5,0.08137
337.0,0.06549
337.5,0.08089
338.0,0.08204
338.5,0.0962
339.0,0.09548
339.5,0.09174
340.0,0.1062
340.5,0.09615
341.0,0.09496
341.5,0.08761
342.0,0.1049
342.5,0.09829
343.0,0.1078
343.5,0.1013
344.0,0.07398
344.5,0.07544
345.0,0.1004
345.5,0.1028
346.0,0.08756
346.5,0.0993
347.0,0.1064
347.5,0.08597
348.0,0.09836
348.5,0.09853
349.0,0.09153
349.5,0.09065
350.0,0.1122
350.5,0.1184
351.0,0.1057
351.5,0.1023
352.0,0.1103
352.5,0.08626
353.0,0.1089
353.5,0.1166
354.0,0.1211
354.5,0.1229
355.0,0.1225
355.5,0.1108
356.0,0.116
356.5,0.0991
357.0,0.0819
357.5,0.1003
358.0,0.07957
358.5,0.06803
359.0,0.09516
359.5,0.1212
360.0,0.1286
360.5,0.1029
361.0,0.09389
361.5,0.1083
362.0,0.09376
362.5,0.1299
363.0,0.1168
363.5,0.1077
364.0,0.1319
364.5,0.1128
365.0,0.1149
365.5,0.1443
366.0,0.1531
366.5,0.144
367.0,0.1404
367.5,0.1457
368.0,0.1276
368.5,0.1289
369.0,0.1393
369.5,0.1486
370.0,0.1586
370.5,0.1232
371.0,0.1317
371.5,0.1649
372.0,0.1095
372.5,0.1314
373.0,0.1338
373.5,0.08716
374.0,0.1268
374.5,0.1051
375.0,0.1022
375.5,0.1527
376.0,0.1267
376.5,0.1313
377.0,0.1392
377.5,0.163
378.0,0.1768
378.5,0.1672
379.0,0.138
379.5,0.1261
380.0,0.1312
380.5,0.1591
381.0,0.1596
381.5,0.1267
382.0,0.1127
382.5,0.09617
383.0,0.08914
383.5,0.08594
384.0,0.09489
384.5,0.1397
385.0,0.1387
385.5,0.1293
386.0,0.1108
386.5,0.1458
387.0,0.1212
387.5,0.1362
388.0,0.1259
388.5,0.1246
389.0,0.1346
389.5,0.1632
390.0,0.1639
390.5,0.151
391.0,0.1779
391.5,0.1816
392.0,0.1531
392.5,0.1372
393.0,0.07643
393.5,0.05561
394.0,0.1133
394.5,0.1442
395.0,0.176
395.5,0.1789
396.0,0.1553
396.5,0.0909
397.0,0.06829
397.5,0.139
398.0,0.1947
398.5,0.2014
399.0,0.2185
399.5,0.218
400.0,0.2264
401.0,0.2271
402.0,0.2402
403.0,0.2287
404.0,0.2255
405.0,0.2258
406.0,0.2227
407.0,0.2195
408.0,0.2283
409.0,0.2447
410.0,0.2143
411.0,0.2326
412.0,0.2504
413.0,0.2445
414.0,0.248
415.0,0.2491
416.0,0.2541
417.0,0.2481
418.0,0.2439
419.0,0.2476
420.0,0.2469
421.0,0.2587
422.0,0.2462
423.0,0.2409
424.0,0.255
425.0,0.255
426.0,0.2491
427.0,0.2448
428.0,0.2387
429.0,0.2268
430.0,0.1988
431.0,0.1971
432.0,0.2551
433.0,0.2569
434.0,0.2388
435.0,0.2495
436.0,0.2819
437.0,0.2788
438.0,0.2543
439.0,0.2626
440.0,0.2714
441.0,0.2818
442.0,0.3025
443.0,0.2945
444.0,0.3016
445.0,0.2952
446.0,0.2827
447.0,0.3064
448.0,0.3109
449.0,0.3131
450.0,0.3224
451.0,0.3347
452.0,0.3229
453.0,0.3042
454.0,0.3183
455.0,0.3203
456.0,0.3283
457.0,0.3339
458.0,0.3221
459.0,0.3207
460.0,0.3214
461.0,0.329
462.0,0.3322
463.0,0.3301
464.0,0.3257
465.0,0.3226
466.0,0.3264
467.0,0.3203
468.0,0.3242
469.0,0.3259
470.0,0.3154
471.0,0.3153
472.0,0.3323
473.0,0.3281
474.0,0.3281
475.0,0.3302
476.0,0.3194
477.0,0.3197
478.0,0.3288
479.0,0.3272
480.0,0.3284
481.0,0.3352
482.0,0.3379
483.0,0.3348
484.0,0.3286
485.0,0.3138
486.0,0.275
487.0,0.2889
488.0,0.317
489.0,0.3177
490.0,0.3348
491.0,0.3295
492.0,0.3113
493.0,0.3217
494.0,0.3251
495.0,0.3281
496.0,0.3302
497.0,0.3353
498.0,0.3195
499.0,0.3232
500.0,0.3133
501.0,0.3069
502.0,0.3014
503.0,0.3124
504.0,0.3011
505.0,0.3146
506.0,0.3247
507.0,0.3092
508.0,0.3006
509.0,0.31
510.0,0.3091
511.0,0.3181
512.0,0.322
513.0,0.3048
514.0,0.303
515.0,0.3
516.0,0.2991
517.0,0.266
518.0,0.2796
519.0,0.2932
520.0,0.3037
521.0,0.3064
522.0,0.3063
523.0,0.3006
524.0,0.3106
525.0,0.3133
526.0,0.299
527.0,0.281
528.0,0.2965
529.0,0.312
530.0,0.3072
531.0,0.3113
532.0,0.3005
533.0,0.2917
534.0,0.3006
535.0,0.3076
536.0,0.3108
537.0,0.299
538.0,0.3045
539.0,0.3018
540.0,0.2892
541.0,0.29
542.0,0.2985
543.0,0.2962
544.0,0.3004
545.0,0.2997
546.0,0.3001
547.0,0.3008
548.0,0.2976
549.0,0.2987
550.0,0.3023
551.0,0.2988
552.0,0.3009
553.0,0.2953
554.0,0.3023
555.0,0.3027
556.0,0.2985
557.0,0.2889
558.0,0.2862
559.0,0.2802
560.0,0.2833
561.0,0.2864
562.0,0.2836
563.0,0.2906
564.0,0.282
565.0,0.279
566.0,0.2744
567.0,0.2788
568.0,0.2744
569.0,0.2645
570.0,0.2648
571.0,0.264
572.0,0.268
573.0,0.2704
574.0,0.269
575.0,0.2631
576.0,0.2608
577.0,0.264
578.0,0.261
579.0,0.2638
580.0,0.2714
581.0,0.2748
582.0,0.2818
583.0,0.284
584.0,0.2874
585.0,0.281
586.0,0.2753
587.0,0.2803
588.0,0.2691
589.0,0.2301
590.0,0.2412
591.0,0.2604
592.0,0.2541
593.0,0.2617
594.0,0.2584
595.0,0.2486
596.0,0.2655
597.0,0.2606
598.0,0.2621
599.0,0.2633
600.0,0.2654
601.0,0.2646
602.0,0.263
603.0,0.2681
604.0,0.2729
605.0,0.272
606.0,0.2716
607.0,0.2752
608.0,0.2729
609.0,0.2741
610.0,0.2729
611.0,0.2749
612.0,0.2746
613.0,0.2716
614.0,0.2686
615.0,0.2751
616.0,0.2666
617.0,0.2665
618.0,0.2772
619.0,0.2746
620.0,0.2764
621.0,0.2761
622.0,0.2725
623.0,0.268
624.0,0.2638
625.0,0.2631
626.0,0.2668
627.0,0.268
628.0,0.23
629.0,0.2545
630.0,0.2478
631.0,0.2604
632.0,0.2587
633.0,0.2694
634.0,0.2692
635.0,0.2746
636.0,0.2723
637.0,0.2778
638.0,0.2821
639.0,0.2799
640.0,0.2782
641.0,0.2788
642.0,0.2784
643.0,0.2823
644.0,0.2824
645.0,0.2823
646.0,0.2732
647.0,0.2641
648.0,0.2651
649.0,0.2588
650.0,0.2677
651.0,0.2805
652.0,0.2618
653.0,0.2774
654.0,0.2748
655.0,0.2609
656.0,0.2338
657.0,0.2407
658.0,0.2722
659.0,0.2751
660.0,0.2769
661.0,0.2793
662.0,0.2786
663.0,0.2736
664.0,0.2788
665.0,0.2806
666.0,0.2815
667.0,0.282
668.0,0.283
669.0,0.2879
670.0,0.2871
671.0,0.2875
672.0,0.2853
673.0,0.29
674.0,0.2893
675.0,0.2871
676.0,0.2894
677.0,0.2868
678.0,0.2879
679.0,0.2836
680.0,0.2861
681.0,0.2843
682.0,0.284
683.0,0.2835
684.0,0.2821
685.0,0.2849
686.0,0.2828
687.0,0.1084
688.0,0.1578
689.0,0.1595
690.0,0.1797
691.0,0.2045
692.0,0.2252
693.0,0.223
694.0,0.2241
695.0,0.2442
696.0,0.2454
697.0,0.2725
698.0,0.268
699.0,0.253
700.0,0.2495
701.0,0.2432
702.0,0.2484
703.0,0.2501
704.0,0.2633
705.0,0.2635
706.0,0.2651
707.0,0.2662
708.0,0.2665
709.0,0.2706
710.0,0.2685
711.0,0.2696
712.0,0.2706
713.0,0.2661
714.0,0.2677
715.0,0.2555
716.0,0.2549
717.0,0.1908
718.0,0.1736
719.0,0.1567
720.0,0.1608
721.0,0.1939
722.0,0.24
723.0,0.2147
724.0,0.1823
725.0,0.1762
726.0,0.1851
727.0,0.1952
728.0,0.1745
729.0,0.1912
730.0,0.1991
731.0,0.1891
732.0,0.2134
733.0,0.2356
734.0,0.2448
735.0,0.2378
736.0,0.2367
737.0,0.2379
738.0,0.2503
739.0,0.2457
740.0,0.2546
741.0,0.2536
742.0,0.2555
743.0,0.2625
744.0,0.2628
745.0,0.2638
746.0,0.2649
747.0,0.2658
748.0,0.2653
749.0,0.2624
750.0,0.2623
751.0,0.2597
752.0,0.261
753.0,0.2624
754.0,0.263
755.0,0.2615
756.0,0.2615
757.0,0.2618
758.0,0.2584
759.0,0.2471
760.0,0.005259
761.0,0.001912
762.0,0.05279
763.0,0.0116
764.0,0.02739
765.0,0.05257
766.0,0.08919
767.0,0.1476
768.0,0.2067
769.0,0.2203
770.0,0.2388
771.0,0.2457
772.0,0.2479
773.0,0.25
774.0,0.2492
775.0,0.2475
776.0,0.2507
777.0,0.2474
778.0,0.2459
779.0,0.2461
780.0,0.2449
781.0,0.2452
782.0,0.2468
783.0,0.2427
784.0,0.244
785.0,0.2418
786.0,0.2441
787.0,0.2353
788.0,0.2304
789.0,0.2304
790.0,0.2187
791.0,0.2263
792.0,0.2256
793.0,0.2214
794.0,0.2308
795.0,0.2331
796.0,0.2178
797.0,0.2172
798.0,0.2318
799.0,0.2289
800.0,0.223
801.0,0.2203
802.0,0.2194
803.0,0.2166
804.0,0.2179
805.0,0.2197
806.0,0.2301
807.0,0.2265
808.0,0.2269
809.0,0.2194
810.0,0.2158
811.0,0.2128
812.0,0.2001
813.0,0.1944
814.0,0.1577
815.0,0.1581
816.0,0.145
817.0,0.148
818.0,0.1395
819.0,0.167
820.0,0.1537
821.0,0.1975
822.0,0.1889
823.0,0.1031
824.0,0.1764
825.0,0.1945
826.0,0.1809
827.0,0.1971
828.0,0.1497
829.0,0.1811
830.0,0.1777
831.0,0.1781
832.0,0.1695
833.0,0.188
834.0,0.1765
835.0,0.2072
836.0,0.1886
837.0,0.2076
838.0,0.1964
839.0,0.2045
840.0,0.2102
841.0,0.2052
842.0,0.2088
843.0,0.2121
844.0,0.2075
845.0,0.2167
846.0,0.2164
847.0,0.2134
848.0,0.2106
849.0,0.2046
850.0,0.1961
851.0,0.2061
852.0,0.2054
853.0,0.1989
854.0,0.1707
855.0,0.1891
856.0,0.206
857.0,0.2116
858.0,0.2096
859.0,0.2105
860.0,0.2113
861.0,0.21
862.0,0.2136
863.0,0.2186
864.0,0.2078
865.0,0.2061
866.0,0.1853
867.0,0.1934
868.0,0.2105
869.0,0.2063
870.0,0.2122
871.0,0.2093
872.0,0.2086
873.0,0.2082
874.0,0.2058
875.0,0.2015
876.0,0.2035
877.0,0.2057
878.0,0.2077
879.0,0.2045
880.0,0.2002
881.0,0.1965
882.0,0.2004
883.0,0.2018
884.0,0.2006
885.0,0.202
886.0,0.19
887.0,0.194
888.0,0.1959
889.0,0.2002
890.0,0.1957
891.0,0.1968
892.0,0.1876
893.0,0.1787
894.0,0.1651
895.0,0.1473
896.0,0.1368
897.0,0.1084
898.0,0.1222
899.0,0.08326
900.0,0.1311
901.0,0.08727
902.0,0.1148
903.0,0.1112
904.0,0.1633
905.0,0.155
906.0,0.1423
907.0,0.09996
908.0,0.1056
909.0,0.1195
910.0,0.09525
911.0,0.1106
912.0,0.115
913.0,0.09611
914.0,0.09765
915.0,0.1044
916.0,0.08732
917.0,0.1209
918.0,0.08845
919.0,0.127
920.0,0.1377
921.0,0.1419
922.0,0.119
923.0,0.1382
924.0,0.119
925.0,0.1172
926.0,0.1167
927.0,0.1381
928.0,0.07937
929.0,0.06715
930.0,0.04415
931.0,0.04126
932.0,0.02259
933.0,0.01581
934.0,0.004462
935.0,0.01799
936.0,0.008081
937.0,0.008185
938.0,0.01105
939.0,0.03973
940.0,0.05386
941.0,0.03347
942.0,0.04192
943.0,0.02254
944.0,0.02902
945.0,0.03614
946.0,0.01209
947.0,0.03447
948.0,0.02481
949.0,0.05346
950.0,0.006971
951.0,0.05292
952.0,0.02062
953.0,0.03172
954.0,0.04502
955.0,0.03287
956.0,0.04016
957.0,0.02046
958.0,0.06279
959.0,0.04103
960.0,0.04616
961.0,0.0589
962.0,0.05565
963.0,0.07076
964.0,0.06306
965.0,0.06966
966.0,0.06962
967.0,0.06807
968.0,0.1202
969.0,0.1202
970.0,0.1084
971.0,0.1372
972.0,0.1279
973.0,0.09841
974.0,0.09294
975.0,0.0999
976.0,0.08742
977.0,0.1158
978.0,0.1032
979.0,0.1113
980.0,0.1032
981.0,0.1366
982.0,0.1259
983.0,0.1183
984.0,0.1474
985.0,0.1248
986.0,0.1543
987.0,0.1473
988.0,0.1475
989.0,0.1567
990.0,0.1463
991.0,0.1567
992.0,0.1581
993.0,0.1503
994.0,0.1586
995.0,0.1592
996.0,0.1577
997.0,0.1583
998.0,0.1572
999.0,0.1569
1000.0,0.1546
1001.0,0.1579
1002.0,0.1484
1003.0,0.1548
1004.0,0.1496
1005.0,0.146
1006.0,0.1508
1007.0,0.1544
1008.0,0.1527
1009.0,0.1509
1010.0,0.1498
1011.0,0.1538
1012.0,0.1515
1013.0,0.1537
1014.0,0.1526
1015.0,0.1515
1016.0,0.1507
1017.0,0.1508
1018.0,0.1509
1019.0,0.1458
1020.0,0.1498
1021.0,0.15
1022.0,0.1481
1023.0,0.1496
1024.0,0.1457
1025.0,0.1501
1026.0,0.1489
1027.0,0.1487
1028.0,0.1483
1029.0,0.1463
1030.0,0.148
1031.0,0.1471
1032.0,0.1469
1033.0,0.1447
1034.0,0.1448
1035.0,0.1452
1036.0,0.1457
1037.0,0.1434
1038.0,0.144
1039.0,0.1438
1040.0,0.1431
1041.0,0.1435
1042.0,0.1425
1043.0,0.142
1044.0,0.1423
1045.0,0.1403
1046.0,0.1386
1047.0,0.1397
1048.0,0.1403
1049.0,0.1396
1050.0,0.1388
1051.0,0.1384
1052.0,0.1376
1053.0,0.1363
1054.0,0.1363
1055.0,0.1361
1056.0,0.1353
1057.0,0.1346
1058.0,0.131
1059.0,0.1308
1060.0,0.1304
1061.0,0.1301
1062.0,0.1305
1063.0,0.1289
1064.0,0.1305
1065.0,0.1289
1066.0,0.1269
1067.0,0.1283
1068.0,0.125
1069.0,0.1216
1070.0,0.1253
1071.0,0.1289
1072.0,0.1262
1073.0,0.1246
1074.0,0.1298
1075.0,0.119
1076.0,0.1294
1077.0,0.1247
1078.0,0.121
1079.0,0.1282
1080.0,0.1227
1081.0,0.1164
1082.0,0.1222
1083.0,0.1238
1084.0,0.1153
1085.0,0.1233
1086.0,0.1068
1087.0,0.1139
1088.0,0.1229
1089.0,0.1144
1090.0,0.11
1091.0,0.1213
1092.0,0.1217
1093.0,0.09213
1094.0,0.1099
1095.0,0.09605
1096.0,0.08917
1097.0,0.119
1098.0,0.0859
1099.0,0.09106
1100.0,0.08085
1101.0,0.08353
1102.0,0.07671
1103.0,0.07386
1104.0,0.07436
1105.0,0.08793
1106.0,0.05182
1107.0,0.08084
1108.0,0.05927
1109.0,0.06039
1110.0,0.07752
1111.0,0.04026
1112.0,0.06043
1113.0,0.02767
1114.0,0.03105
1115.0,0.02467
1116.0,0.01502
1117.0,0.002536
1118.0,0.0171
1119.0,0.00533
1120.0,0.006188
1121.0,0.009509
1122.0,0.00209
1123.0,0.005672
1124.0,0.004747
1125.0,0.006958
1126.0,0.0008317
1127.0,0.008011
1128.0,0.002721
1129.0,0.003017
1130.0,0.001856
1131.0,0.0229
1132.0,0.01622
1133.0,0.006472
1134.0,0.0006254
1135.0,0.0002955
1136.0,0.004332
1137.0,0.02096
1138.0,0.01374
1139.0,0.03124
1140.0,0.02182
1141.0,0.01323
1142.0,0.0169
1143.0,0.02912
1144.0,0.006012
1145.0,0.00614
1146.0,0.006597
1147.0,0.0009
1148.0,0.02412
1149.0,0.01647
1150.0,0.007536
1151.0,0.01369
1152.0,0.02014
1153.0,0.0225
1154.0,0.006535
1155.0,0.03253
1156.0,0.02692
1157.0,0.03605
1158.0,0.03546
1159.0,0.04031
1160.0,0.0333
1161.0,0.04814
1162.0,0.04745
1163.0,0.07885
1164.0,0.06248
1165.0,0.05388
1166.0,0.058
1167.0,0.06559
1168.0,0.06544
1169.0,0.06811
1170.0,0.07878
1171.0,0.07682
1172.0,0.08168
1173.0,0.07872
1174.0,0.04635
1175.0,0.08025
1176.0,0.09519
1177.0,0.0865
1178.0,0.05712
1179.0,0.09582
1180.0,0.07808
1181.0,0.08076
1182.0,0.04647
1183.0,0.08095
1184.0,0.07257
1185.0,0.06706
1186.0,0.08962
1187.0,0.08198
1188.0,0.04531
1189.0,0.07597
1190.0,0.08855
1191.0,0.07713
1192.0,0.09048
1193.0,0.0843
1194.0,0.0885
1195.0,0.07899
1196.0,0.07367
1197.0,0.09019
1198.0,0.08092
1199.0,0.05952
1200.0,0.08334
1201.0,0.07671
1202.0,0.07971
1203.0,0.07662
1204.0,0.06355
1205.0,0.08392
1206.0,0.0972
1207.0,0.07795
1208.0,0.0796
1209.0,0.08148
1210.0,0.08717
1211.0,0.07991
1212.0,0.07315
1213.0,0.0911
1214.0,0.07684
1215.0,0.07507
1216.0,0.09163
1217.0,0.08744
1218.0,0.09069
1219.0,0.08832
1220.0,0.09099
1221.0,0.09329
1222.0,0.09005
1223.0,0.08831
1224.0,0.08554
1225.0,0.09213
1226.0,0.09443
1227.0,0.08176
1228.0,0.09591
1229.0,0.09449
1230.0,0.09187
1231.0,0.09779
1232.0,0.09709
1233.0,0.08931
1234.0,0.09879
1235.0,0.0974
1236.0,0.09872
1237.0,0.09568
1238.0,0.09841
1239.0,0.0971
1240.0,0.09772
1241.0,0.09601
1242.0,0.09691
1243.0,0.0962
1244.0,0.09648
1245.0,0.09713
1246.0,0.09662
1247.0,0.09588
1248.0,0.09516
1249.0,0.09604
1250.0,0.09506
1251.0,0.09304
1252.0,0.09407
1253.0,0.09148
1254.0,0.08922
1255.0,0.0935
1256.0,0.08752
1257.0,0.08636
1258.0,0.09063
1259.0,0.08229
1260.0,0.08333
1261.0,0.07268
1262.0,0.06751
1263.0,0.06749
1264.0,0.05594
1265.0,0.06716
1266.0,0.06078
1267.0,0.06451
1268.0,0.05701
1269.0,0.01688
1270.0,0.06322
1271.0,0.07329
1272.0,0.07405
1273.0,0.0726
1274.0,0.07377
1275.0,0.07588
1276.0,0.07783
1277.0,0.08001
1278.0,0.08386
1279.0,0.08312
1280.0,0.08212
1281.0,0.07953
1282.0,0.07855
1283.0,0.08419
1284.0,0.08588
1285.0,0.08679
1286.0,0.08899
1287.0,0.08569
1288.0,0.08634
1289.0,0.07978
1290.0,0.08572
1291.0,0.08763
1292.0,0.07571
1293.0,0.08444
1294.0,0.0836
1295.0,0.08072
1296.0,0.07329
1297.0,0.06676
1298.0,0.07773
1299.0,0.08508
1300.0,0.06262
1301.0,0.0659
1302.0,0.0778
1303.0,0.06252
1304.0,0.04544
1305.0,0.07573
1306.0,0.07451
1307.0,0.04923
1308.0,0.064
1309.0,0.07223
1310.0,0.04736
1311.0,0.05939
1312.0,0.05701
1313.0,0.05339
1314.0,0.04472
1315.0,0.04264
1316.0,0.05688
1317.0,0.0525
1318.0,0.06067
1319.0,0.03807
1320.0,0.03838
1321.0,0.04824
1322.0,0.04684
1323.0,0.0281
1324.0,0.03781
1325.0,0.05458
1326.0,0.04243
1327.0,0.03906
1328.0,0.03098
1329.0,0.01758
1330.0,0.02617
1331.0,0.01053
1332.0,0.01203
1333.0,0.01771
1334.0,0.01898
1335.0,0.02706
1336.0,0.01806
1337.0,0.0156
1338.0,0.0164
1339.0,0.01686
1340.0,0.01801
1341.0,0.0137
1342.0,0.01501
1343.0,0.00567
1344.0,0.003798
1345.0,0.004904
1346.0,0.0009908
1347.0,0.0008207
1348.0,1.23e-05
1349.0,5.554e-05
1350.0,6.676e-05
1351.0,5.878e-06
1352.0,9.997e-07
1353.0,4.943e-08
1354.0,1.755e-07
1355.0,1.357e-09
1356.0,2.396e-08
1357.0,3.637e-08
1358.0,1.593e-09
1359.0,2.005e-10
1360.0,7.248e-10
1361.0,8.107e-13
1362.0,2.217e-15
1363.0,9.745e-10
1364.0,4.023e-10
1365.0,7.742e-16
1366.0,4.223e-09
1367.0,1.724e-09
1368.0,5.978e-18
1369.0,1.482e-10
1370.0,7.3e-11
1371.0,4.138e-12
1372.0,9.351e-10
1373.0,1.887e-08
1374.0,8.824e-08
1375.0,1.591e-07
1376.0,1.495e-07
1377.0,6.769e-08
1378.0,6.554e-07
1379.0,2.856e-08
1380.0,3.945e-08
1381.0,1.026e-09
1382.0,8.195e-10
1383.0,1.225e-11
1384.0,1.606e-10
1385.0,7.691e-10
1386.0,7.224e-10
1387.0,8.75e-08
1388.0,1.737e-09
1389.0,3.004e-07
1390.0,2.562e-07
1391.0,1.708e-07
1392.0,1.114e-08
1393.0,6.001e-08
1394.0,2.983e-08
1395.0,2.185e-10
1396.0,1.055e-12
1397.0,2.327e-08
1398.0,6.891e-07
1399.0,4.386e-07
1400.0,4.513e-13
1401.0,1.872e-12
1402.0,2.005e-06
1403.0,1.993e-06
1404.0,5.469e-07
1405.0,1.034e-10
1406.0,1.243e-06
1407.0,1.544e-07
1408.0,1.032e-06
1409.0,3.211e-07
1410.0,2.861e-07
1411.0,1.807e-06
1412.0,3.212e-06
1413.0,7.477e-05
1414.0,2.331e-07
1415.0,1.041e-07
1416.0,0.0004197
1417.0,6.327e-05
1418.0,3.604e-05
1419.0,4.873e-06
1420.0,2.162e-05
1421.0,4.242e-05
1422.0,0.0005411
1423.0,9.52e-05
1424.0,0.0002481
1425.0,0.0002461
1426.0,0.0004885
1427.0,0.00122
1428.0,8.962e-06
1429.0,0.0006219
1430.0,0.001993
1431.0,0.002427
1432.0,6.876e-06
1433.0,0.001239
1434.0,0.0005001
1435.0,0.0002069
1436.0,0.0008237
1437.0,0.0006506
1438.0,0.0001761
1439.0,0.001263
1440.0,0.0011
1441.0,0.0004918
1442.0,0.0004348
1443.0,0.000973
1444.0,0.001983
1445.0,0.0009334
1446.0,0.0002679
1447.0,0.0006174
1448.0,0.006438
1449.0,0.005047
1450.0,0.0005385
1451.0,0.0001593
1452.0,0.001984
1453.0,0.002945
1454.0,0.009901
1455.0,0.002848
1456.0,0.003581
1457.0,0.006855
1458.0,0.01142
1459.0,0.0135
1460.0,0.005295
1461.0,0.003915
1462.0,0.008857
1463.0,0.001658
1464.0,0.01315
1465.0,0.007117
1466.0,0.002077
1467.0,0.0007284
1468.0,0.003013
1469.0,0.004949
1470.0,0.0008297
1471.0,0.00035
1472.0,0.0007668
1473.0,0.002349
1474.0,0.006239
1475.0,0.01773
1476.0,0.003069
1477.0,0.002568
1478.0,0.003609
1479.0,0.008991
1480.0,0.002221
1481.0,0.007572
1482.0,0.003007
1483.0,0.0124
1484.0,0.01329
1485.0,0.01082
1486.0,0.008723
1487.0,0.002245
1488.0,0.007322
1489.0,0.02163
1490.0,0.02137
1491.0,0.02653
1492.0,0.01586
1493.0,0.02078
1494.0,0.02817
1495.0,0.02327
1496.0,0.02053
1497.0,0.03876
1498.0,0.02691
1499.0,0.03362
1500.0,0.04507
1501.0,0.04586
1502.0,0.03837
1503.0,0.02785
1504.0,0.01914
1505.0,0.02705
1506.0,0.04883
1507.0,0.04567
1508.0,0.04357
1509.0,0.02694
1510.0,0.05222
1511.0,0.04778
1512.0,0.05007
1513.0,0.04049
1514.0,0.03599
1515.0,0.05219
1516.0,0.04885
1517.0,0.04504
1518.0,0.04609
1519.0,0.04298
1520.0,0.04902
1521.0,0.05837
1522.0,0.0517
1523.0,0.05961
1524.0,0.05595
1525.0,0.04995
1526.0,0.05126
1527.0,0.05174
1528.0,0.05884
1529.0,0.05465
1530.0,0.05204
1531.0,0.05433
1532.0,0.05959
1533.0,0.06016
1534.0,0.05862
1535.0,0.05736
1536.0,0.05939
1537.0,0.05731
1538.0,0.05926
1539.0,0.05762
1540.0,0.05863
1541.0,0.05881
1542.0,0.05742
1543.0,0.05926
1544.0,0.05777
1545.0,0.06
1546.0,0.05835
1547.0,0.05808
1548.0,0.05811
1549.0,0.05894
1550.0,0.05836
1551.0,0.05862
1552.0,0.0576
1553.0,0.05803
1554.0,0.05732
1555.0,0.05771
1556.0,0.05757
1557.0,0.05837
1558.0,0.05804
1559.0,0.05761
1560.0,0.05798
1561.0,0.05841
1562.0,0.05733
1563.0,0.05701
1564.0,0.05719
1565.0,0.05761
1566.0,0.05667
1567.0,0.05689
1568.0,0.05616
1569.0,0.05678
1570.0,0.0572
1571.0,0.05756
1572.0,0.05717
1573.0,0.05663
1574.0,0.05445
1575.0,0.05366
1576.0,0.05242
1577.0,0.05096
1578.0,0.05326
1579.0,0.05322
1580.0,0.05389
1581.0,0.05313
1582.0,0.05221
1583.0,0.05228
1584.0,0.05407
1585.0,0.05485
1586.0,0.05398
1587.0,0.05316
1588.0,0.0523
1589.0,0.05074
1590.0,0.05164
1591.0,0.05303
1592.0,0.05416
1593.0,0.05548
1594.0,0.05507
1595.0,0.05461
1596.0,0.05285
1597.0,0.0538
1598.0,0.05512
1599.0,0.05452
1600.0,0.05432
1601.0,0.05336
1602.0,0.0533
1603.0,0.05425
1604.0,0.0538
1605.0,0.05382
1606.0,0.05319
1607.0,0.05368
1608.0,0.05329
1609.0,0.05212
1610.0,0.05103
1611.0,0.05185
1612.0,0.05263
1613.0,0.05244
1614.0,0.0526
1615.0,0.05149
1616.0,0.05064
1617.0,0.05138
1618.0,0.05255
1619.0,0.05117
1620.0,0.05053
1621.0,0.05099
1622.0,0.05178
1623.0,0.05259
1624.0,0.05174
1625.0,0.05155
1626.0,0.05159
1627.0,0.05211
1628.0,0.05175
1629.0,0.05151
1630.0,0.05108
1631.0,0.05032
1632.0,0.05046
1633.0,0.04796
1634.0,0.05023
1635.0,0.04821
1636.0,0.04867
1637.0,0.04854
1638.0,0.04351
1639.0,0.0474
1640.0,0.04266
1641.0,0.04676
1642.0,0.04826
1643.0,0.04186
1644.0,0.04844
1645.0,0.04485
1646.0,0.04183
1647.0,0.0491
1648.0,0.04186
1649.0,0.0471
1650.0,0.04774
1651.0,0.04002
1652.0,0.04659
1653.0,0.04762
1654.0,0.04193
1655.0,0.04762
1656.0,0.04552
1657.0,0.04647
1658.0,0.04816
1659.0,0.04752
1660.0,0.04798
1661.0,0.04748
1662.0,0.04503
1663.0,0.0478
1664.0,0.04698
1665.0,0.04142
1666.0,0.02566
1667.0,0.04104
1668.0,0.0454
1669.0,0.0455
1670.0,0.04705
1671.0,0.04509
1672.0,0.04509
1673.0,0.04642
1674.0,0.04417
1675.0,0.04379
1676.0,0.04459
1677.0,0.04399
1678.0,0.04154
1679.0,0.04465
1680.0,0.04253
1681.0,0.03995
1682.0,0.04384
1683.0,0.04479
1684.0,0.03724
1685.0,0.04528
1686.0,0.04509
1687.0,0.0414
1688.0,0.04455
1689.0,0.04412
1690.0,0.04345
1691.0,0.03556
1692.0,0.04283
1693.0,0.04536
1694.0,0.04173
1695.0,0.04448
1696.0,0.0448
1697.0,0.03113
1698.0,0.04389
1699.0,0.04333
1700.0,0.04115
1702.0,0.04292
1705.0,0.04028
1710.0,0.03746
1715.0,0.03793
1720.0,0.03797
1725.0,0.03338
1730.0,0.03345
1735.0,0.03121
1740.0,0.03118
1745.0,0.02885
1750.0,0.03109
1755.0,0.02749
1760.0,0.02923
1765.0,0.02146
1770.0,0.02281
1775.0,0.01591
1780.0,0.01224
1785.0,0.007385
1790.0,0.009132
1795.0,0.001667
1800.0,0.001584
1805.0,0.0001101
1810.0,0.0001331
1815.0,3.178e-06
1820.0,3.389e-07
1825.0,4.722e-07
1830.0,6.682e-10
1835.0,1.104e-09
1840.0,5.869e-12
1845.0,6.271e-10
1850.0,2.831e-10
1855.0,2.707e-11
1860.0,1.616e-09
1865.0,2.183e-09
1870.0,1.182e-14
1875.0,2.136e-14
1880.0,1.242e-08
1885.0,6.409e-09
1890.0,3.456e-08
1895.0,2.186e-08
1900.0,8.264e-11
1905.0,5.643e-11
1910.0,2.755e-09
1915.0,2.926e-09
1920.0,8.007e-08
1925.0,3.055e-07
1930.0,2.648e-07
1935.0,8.641e-06
1940.0,2.57e-05
1945.0,0.0001831
1950.0,0.0008533
1955.0,0.000431
1960.0,0.001935
1965.0,0.00461
1970.0,0.008519
1975.0,0.01038
1980.0,0.01104
1985.0,0.01281
1990.0,0.01338
1995.0,0.01498
2000.0,0.01671
2005.0,0.01231
2010.0,0.02315
2015.0,0.01507
2020.0,0.01722
2025.0,0.02069
2030.0,0.01765
2035.0,0.02159
2040.0,0.01943
2045.0,0.02049
2050.0,0.02183
2055.0,0.02008
2060.0,0.01907
2065.0,0.01995
2070.0,0.01951
2075.0,0.0209
2080.0,0.02032
2085.0,0.02021
2090.0,0.02074
2095.0,0.01992
2100.0,0.01753
2105.0,0.02013
2110.0,0.01865
2115.0,0.01984
2120.0,0.0178
2125.0,0.01849
2130.0,0.01917
2135.0,0.01944
2140.0,0.01979
2145.0,0.01955
2150.0,0.01717
2155.0,0.01724
2160.0,0.01731
2165.0,0.01556
2170.0,0.01706
2175.0,0.01594
2180.0,0.01703
2185.0,0.01419
2190.0,0.01616
2195.0,0.01587
2200.0,0.01206
2205.0,0.01407
2210.0,0.01674
2215.0,0.0153
2220.0,0.01597
2225.0,0.01525
2230.0,0.0154
2235.0,0.01475
2240.0,0.01457
2245.0,0.01333
2250.0,0.01433
2255.0,0.01227
2260.0,0.01192
2265.0,0.01292
2270.0,0.01115
2275.0,0.01084
2280.0,0.01252
2285.0,0.01069
2290.0,0.0108
2295.0,0.01041
2300.0,0.009092
2305.0,0.009352
2310.0,0.01214
2315.0,0.009303
2320.0,0.007038
2325.0,0.009818
2330.0,0.009291
2335.0,0.009967
2340.0,0.005855
2345.0,0.007293
2350.0,0.004963
2355.0,0.006385
2360.0,0.007377
2365.0,0.007787
2370.0,0.002302
2375.0,0.00573
2380.0,0.005669
2385.0,0.00311
2390.0,0.004294
2395.0,0.004998
2400.0,0.005883
2405.0,0.003937
2410.0,0.00391
2415.0,0.002344
2420.0,0.002431
2425.0,0.003414
2430.0,0.005716
2435.0,0.0008481
2440.0,0.005814
2445.0,0.001495
2450.0,0.0006648
2455.0,0.002218
2460.0,0.003151
2465.0,0.001604
2470.0,0.0006417
2475.0,0.0006112
2480.0,0.0002031
2485.0,5.019e-05
2490.0,1.244e-05
2495.0,1.131e-05
2500.0,8.359e-05
2505.0,1.426e-05
2510.0,2.362e-05
2515.0,1.913e-06
2520.0,4.241e-08
2525.0,1.231e-08
2530.0,1.67e-11
2535.0,3.692e-12
2540.0,8.759e-12
2545.0,6.792e-16
2550.0,2.754e-18
2555.0,1.322e-14
2560.0,3.967e-16
2565.0,8.880000000000001e-20
2570.0,2.644e-24
2575.0,1.673e-34
2580.0,1.7440000000000001e-28
2585.0,3.646e-42
2590.0,2.274e-38
2595.0,4.426e-40
2600.0,3.643e-35
2605.0,4.0260000000000005e-42
2610.0,1.386e-41
2615.0,1.4009999999999999e-45
2620.0,1.221e-35
2625.0,2.236e-35
2630.0,0.0
2635.0,1.165e-21
2640.0,2.5209999999999997e-22
2645.0,1.099e-24
2650.0,1.095e-25
2655.0,1.3160000000000001e-34
2660.0,1.1080000000000001e-31
2665.0,9.808999999999999e-45
2670.0,0.0
2675.0,5.325e-44
2680.0,2.247e-30
2685.0,2.1470000000000003e-31
2690.0,8.032e-31
2695.0,3.151e-33
2700.0,9.178e-29
2705.0,2.6030000000000003e-26
2710.0,2.073e-31
2715.0,2.617e-29
2720.0,0.0
2725.0,5.861e-27
2730.0,1.708e-24
2735.0,1.9480000000000002e-26
2740.0,3.519e-32
2745.0,4.538e-27
2750.0,2.5430000000000002e-26
2755.0,4.0920000000000005e-28
2760.0,6.13e-23
2765.0,2.877e-29
2770.0,1.414e-26
2775.0,1.745e-23
2780.0,8.127e-21
2785.0,3.051e-20
2790.0,6.957e-18
2795.0,1.53e-18
2800.0,4.889e-15
2805.0,9.135e-17
2810.0,3.663e-13
2815.0,1.093e-13
2820.0,1.335e-15
2825.0,1.173e-11
2830.0,2.614e-10
2835.0,3.508e-15
2840.0,7.596e-12
2845.0,3.888e-09
2850.0,4.512e-11
2855.0,3.149e-11
2860.0,1.466e-09
2865.0,1.689e-08
2870.0,1.899e-10
2875.0,1.254e-07
2880.0,3.343e-07
2885.0,1.362e-07
2890.0,2.767e-07
2895.0,1.967e-05
2900.0,1.922e-06
2905.0,7.919e-08
2910.0,2.651e-05
2915.0,5.881e-06
2920.0,2.604e-05
2925.0,1.013e-05
2930.0,0.0001421
2935.0,0.0001546
2940.0,1.79e-05
2945.0,5.694e-06
2950.0,9.717e-05
2955.0,4.918e-05
2960.0,0.0001319
2965.0,0.0003324
2970.0,1.446e-06
2975.0,1.036e-05
2980.0,1.572e-05
2985.0,0.0003151
2990.0,0.0007837
2995.0,0.0001006
3000.0,0.0003612
3005.0,6.422e-05
3010.0,0.0003559
3015.0,0.000194
3020.0,9.32e-07
3025.0,0.0003563
3030.0,0.0002508
3035.0,4.221e-05
3040.0,3.719e-05
3045.0,8.723e-05
3050.0,1.145e-05
3055.0,9.694e-07
3060.0,0.0002841
3065.0,5.757e-05
3070.0,1.67e-05
3075.0,0.0002462
3080.0,9.991e-05
3085.0,1.757e-05
3090.0,2.996e-05
3095.0,2.675e-06
3100.0,0.0001437
3105.0,1.208e-05
3110.0,1.964e-06
3115.0,2.541e-05
3120.0,0.0006153
3125.0,0.0001313
3130.0,0.0003431
3135.0,0.00085
3140.0,9.886e-05
3145.0,0.0001054
3150.0,0.000371
3155.0,0.0003143
3160.0,0.0006312
3165.0,0.001547
3170.0,0.001386
3175.0,0.00063
3180.0,0.001019
3185.0,0.0003206
3190.0,0.0001851
3195.0,2.517e-05
3200.0,5.87e-07
3205.0,1.688e-07
3210.0,9.045e-08
3215.0,1.484e-06
3220.0,7.321e-06
3225.0,7.547e-07
3230.0,8.838e-07
3235.0,0.0003302
3240.0,4.905e-05
3245.0,1.022e-05
3250.0,4.775e-05
3255.0,0.0006376
3260.0,1.078e-05
3265.0,3.495e-05
3270.0,5.92e-06
3275.0,0.0002277
3280.0,5.484e-05
3285.0,0.0009716
3290.0,0.0004835
3295.0,2.24e-05
3300.0,2.996e-05
3305.0,0.0001054
3310.0,7.746e-05
3315.0,1.729e-10
3320.0,8.79e-09
3325.0,4.558e-05
3330.0,0.000313
3335.0,0.0006233
3340.0,0.0001903
3345.0,0.0001028
3350.0,0.0006842
3355.0,0.0001112
3360.0,0.00029
3365.0,0.000628
3370.0,9.492e-05
3375.0,0.0008832
3380.0,0.0001761
3385.0,0.0006578
3390.0,0.0008739
3395.0,0.0009969
3400.0,0.001929
3405.0,0.0001362
3410.0,0.0007064
3415.0,0.0004222
3420.0,0.002258
3425.0,0.0009772
3430.0,0.0006421
3435.0,0.00184
3440.0,0.0005477
3445.0,0.001596
3450.0,0.001444
3455.0,0.0007473
3460.0,0.002147
3465.0,0.0009905
3470.0,0.002108
3475.0,0.001455
3480.0,0.001551
3485.0,0.00198
3490.0,0.001278
3495.0,0.002082
3500.0,0.001959
3505.0,0.00193
3510.0,0.00202
3515.0,0.001825
3520.0,0.002155
3525.0,0.001896
3530.0,0.001749
3535.0,0.00111
3540.0,0.000996
3545.0,0.001121
3550.0,0.001605
3555.0,0.001121
3560.0,0.001739
3565.0,0.001694
3570.0,0.001012
3575.0,0.0009558
3580.0,0.001567
3585.0,0.001171
3590.0,0.001343
3595.0,0.001541
3600.0,0.001748
3605.0,0.001627
3610.0,0.001377
3615.0,0.001534
3620.0,0.002276
3625.0,0.001629
3630.0,0.00165
3635.0,0.001746
3640.0,0.002266
3645.0,0.001774
3650.0,0.001681
3655.0,0.002042
3660.0,0.002054
3665.0,0.001674
3670.0,0.001066
3675.0,0.0003435
3680.0,0.00106
3685.0,0.001429
3690.0,0.001513
3695.0,0.001784
3700.0,0.002177
3705.0,0.002097
3710.0,0.001531
3715.0,0.001553
3720.0,0.001999
3725.0,0.002111
3730.0,0.001591
3735.0,0.00133
3740.0,0.001458
3745.0,0.001996
3750.0,0.001666
3755.0,0.001567
3760.0,0.001436
3765.0,0.001396
3770.0,0.001647
3775.0,0.001618
3780.0,0.001811
3785.0,0.001469
3790.0,0.001178
3795.0,0.001584
3800.0,0.001986
3805.0,0.001751
3810.0,0.001309
3815.0,0.001209
3820.0,0.001933
3825.0,0.001851
3830.0,0.001934
3835.0,0.001132
3840.0,0.001649
3845.0,0.001545
3850.0,0.001568
3855.0,0.001431
3860.0,0.001178
3865.0,0.001207
3870.0,0.0009249
3875.0,0.0007091
3880.0,0.0006441
3885.0,0.0007227
3890.0,0.0007565
3895.0,0.0009937
3900.0,0.001197
3905.0,0.001198
3910.0,0.0008784
3915.0,0.0008258
3920.0,0.0008324
3925.0,0.0008018
3930.0,0.0008879
3935.0,0.001011
3940.0,0.001055
3945.0,0.001123
3950.0,0.001192
3955.0,0.001241
3960.0,0.001281
3965.0,0.001317
3970.0,0.001287
3975.0,0.001206
3980.0,0.00117
3985.0,0.001199
3990.0,0.001168
3995.0,0.00111
4000.0,0.001037
