interpolation:linear
wavelength,value
280.0,1.2190000000000001e-20
280.5,3.633e-19
281.0,1.886e-18
281.5,4.376e-19
282.0,1.527e-18
282.5,4.123e-18
283.0,1.343e-17
283.5,2.201e-17
284.0,3.495e-16
284.5,9.947e-16
285.0,1.881e-15
285.5,1.018e-14
286.0,4.176e-14
286.5,1.899e-13
287.0,5.443e-13
287.5,2.076e-12
288.0,5.573e-12
288.5,2.047e-11
289.0,6.346e-11
289.5,2.183e-10
290.0,6.636e-10
290.5,1.451e-09
291.0,3.363e-09
291.5,1.057e-08
292.0,2.679e-08
292.5,4.249e-08
293.0,1.069e-07
293.5,3.266e-07
294.0,6.058e-07
294.5,8.113e-07
295.0,1.63e-06
295.5,4.396e-06
296.0,8.658e-06
296.5,1.237e-05
297.0,1.703e-05
297.5,4.687e-05
298.0,7.553e-05
298.5,7.735e-05
299.0,0.0001736
299.5,0.000297
300.0,0.0003328
300.5,0.0004918
301.0,0.0009215
301.5,0.001525
302.0,0.001334
302.5,0.002569
303.0,0.004523
303.5,0.005619
304.0,0.005226
304.5,0.00759
305.0,0.01107
305.5,0.01237
306.0,0.01186
306.5,0.01454
307.0,0.02082
307.5,0.02675
308.0,0.02811
308.5,0.03264
309.0,0.03179
309.5,0.03554
310.0,0.03531
310.5,0.05689
311.0,0.07076
311.5,0.06804
312.0,0.06668
312.5,0.08006
313.0,0.08623
313.5,0.08429
314.0,0.1037
314.5,0.08996
315.0,0.1178
315.5,0.09956
316.0,0.08542
316.5,0.1208
317.0,0.15
317.5,0.1568
318.0,0.121
318.5,0.1472
319.0,0.1729
319.5,0.1433
320.0,0.1736
320.5,0.2128
321.0,0.1859
321.5,0.1779
322.0,0.1935
322.5,0.1682
323.0,0.1653
323.5,0.2006
324.0,0.2336
324.5,0.2385
325.0,0.2075
325.5,0.264
326.0,0.3218
326.5,0.3199
327.0,0.3197
327.5,0.3098
328.0,0.2786
328.5,0.2894
329.0,0.3432
329.5,0.3885
330.0,0.3928
330.5,0.3167
331.0,0.3235
331.5,0.327
332.0,0.3505
332.5,0.3455
333.0,0.3452
333.5,0.3143
334.0,0.3223
334.5,0.3695
335.0,0.3459
335.5,0.404
336.0,0.2795
336.5,0.328
337.0,0.2699
337.5,0.336
338.0,0.3263
338.5,0.3765
339.0,0.3726
339.5,0.3585
340.0,0.4214
340.5,0.3797
341.0,0.3703
341.5,0.34
342.0,0.4063
342.5,0.3801
343.0,0.4181
343.5,0.3938
344.0,0.291
344.5,0.294
345.0,0.389
345.5,0.3971
346.0,0.3375
346.5,0.3821
347.0,0.4103
347.5,0.3318
348.0,0.3782
348.5,0.378
349.0,0.3507
349.5,0.3472
350.0,0.4295
350.5,0.4531
351.0,0.4048
351.5,0.3935
352.0,0.4227
352.5,0.3298
353.0,0.4154
353.5,0.4442
354.0,0.4612
354.5,0.4677
355.0,0.4662
355.5,0.4212
356.0,0.4407
356.5,0.3763
357.0,0.311
357.5,0.3807
358.0,0.3018
358.5,0.2579
359.0,0.3607
359.5,0.4598
360.0,0.4874
360.5,0.3896
361.0,0.3552
361.5,0.409
362.0,0.3537
362.5,0.4896
363.0,0.4397
363.5,0.4051
364.0,0.4955
364.5,0.4235
365.0,0.4314
365.5,0.5415
366.0,0.5737
366.5,0.5391
367.0,0.5251
367.5,0.545
368.0,0.4769
368.5,0.4813
369.0,0.5198
369.5,0.5541
370.0,0.5908
370.5,0.4586
371.0,0.49
371.5,0.6131
372.0,0.407
372.5,0.488
373.0,0.4965
373.5,0.3231
374.0,0.4695
374.5,0.3889
375.0,0.378
375.5,0.5645
376.0,0.468
376.5,0.485
377.0,0.5136
377.5,0.6009
378.0,0.6514
378.5,0.6158
379.0,0.5082
379.5,0.4643
380.0,0.4828
380.5,0.5848
381.0,0.5861
381.5,0.4646
382.0,0.4127
382.5,0.3518
383.0,0.3258
383.5,0.3138
384.0,0.3462
384.5,0.5093
385.0,0.5051
385.5,0.4704
386.0,0.4029
386.5,0.5294
387.0,0.4399
387.5,0.4942
388.0,0.4563
388.5,0.4511
389.0,0.487
389.5,0.5899
390.0,0.5921
390.5,0.545
391.0,0.6415
391.5,0.6544
392.0,0.5513
392.5,0.4936
393.0,0.2747
393.5,0.1997
394.0,0.4064
394.5,0.5167
395.0,0.6306
395.5,0.6406
396.0,0.5555
396.5,0.3248
397.0,0.2437
397.5,0.4957
398.0,0.6943
398.5,0.7177
399.0,0.7772
399.5,0.7748
400.0,0.8046
401.0,0.8168
402.0,0.8619
403.0,0.8188
404.0,0.8064
405.0,0.8064
406.0,0.7934
407.0,0.7807
408.0,0.8113
409.0,0.8684
410.0,0.7589
411.0,0.8221
412.0,0.8831
413.0,0.8613
414.0,0.8719
415.0,0.8743
416.0,0.8897
417.0,0.8679
418.0,0.8519
419.0,0.8632
420.0,0.8595
421.0,0.8992
422.0,0.8548
423.0,0.8351
424.0,0.8833
425.0,0.8817
426.0,0.8589
427.0,0.8429
428.0,0.8212
429.0,0.7778
430.0,0.6808
431.0,0.6748
432.0,0.8713
433.0,0.8762
434.0,0.8136
435.0,0.8498
436.0,0.9575
437.0,0.9446
438.0,0.8602
439.0,0.8898
440.0,0.9182
441.0,0.9514
442.0,1.02
443.0,0.9941
444.0,1.016
445.0,0.9937
446.0,0.9483
447.0,1.025
448.0,1.041
449.0,1.045
450.0,1.074
451.0,1.114
452.0,1.074
453.0,1.01
454.0,1.054
455.0,1.061
456.0,1.086
457.0,1.104
458.0,1.066
459.0,1.061
460.0,1.064
461.0,1.088
462.0,1.097
463.0,1.089
464.0,1.071
465.0,1.057
466.0,1.068
467.0,1.048
468.0,1.06
469.0,1.066
470.0,1.032
471.0,1.031
472.0,1.086
473.0,1.072
474.0,1.074
475.0,1.083
476.0,1.051
477.0,1.054
478.0,1.083
479.0,1.076
480.0,1.078
481.0,1.098
482.0,1.104
483.0,1.09
484.0,1.068
485.0,1.017
486.0,0.8894
487.0,0.932
488.0,1.022
489.0,1.026
490.0,1.079
491.0,1.06
492.0,1.001
493.0,1.034
494.0,1.044
495.0,1.053
496.0,1.06
497.0,1.076
498.0,1.026
499.0,1.039
500.0,1.009
501.0,0.9906
502.0,0.9769
503.0,1.017
504.0,0.9917
505.0,1.027
506.0,1.06
507.0,1.009
508.0,0.9769
509.0,1.004
510.0,0.9987
511.0,1.025
512.0,1.036
513.0,0.9809
514.0,0.9741
515.0,0.9644
516.0,0.9621
517.0,0.8549
518.0,0.8988
519.0,0.9427
520.0,0.977
521.0,0.9863
522.0,0.9872
523.0,0.9695
524.0,1.004
525.0,1.016
526.0,0.9709
527.0,0.915
528.0,0.9678
529.0,1.02
530.0,1.006
531.0,1.021
532.0,0.9856
533.0,0.9567
534.0,0.985
535.0,1.006
536.0,1.016
537.0,0.9754
538.0,0.9926
539.0,0.9843
540.0,0.9437
541.0,0.9502
542.0,0.98
543.0,0.9695
544.0,0.9865
545.0,0.9834
546.0,0.9879
547.0,0.9873
548.0,0.9754
549.0,0.9783
550.0,0.99
551.0,0.9779
552.0,0.9847
553.0,0.9671
554.0,0.9903
555.0,0.9923
556.0,0.9794
557.0,0.949
558.0,0.942
559.0,0.9245
560.0,0.9361
561.0,0.9483
562.0,0.9416
563.0,0.9674
564.0,0.9411
565.0,0.9331
566.0,0.9195
567.0,0.937
568.0,0.929
569.0,0.9074
570.0,0.9071
571.0,0.9015
572.0,0.9235
573.0,0.9335
574.0,0.9306
575.0,0.9133
576.0,0.905
577.0,0.9148
578.0,0.9009
579.0,0.9042
580.0,0.921
581.0,0.9255
582.0,0.9427
583.0,0.9448
584.0,0.9529
585.0,0.9295
586.0,0.9104
587.0,0.9305
588.0,0.9086
589.0,0.8063
590.0,0.8431
591.0,0.8914
592.0,0.8806
593.0,0.893
594.0,0.8871
595.0,0.8657
596.0,0.8987
597.0,0.8892
598.0,0.8866
599.0,0.8872
600.0,0.8883
601.0,0.8808
602.0,0.8748
603.0,0.8892
604.0,0.9038
605.0,0.8991
606.0,0.8953
607.0,0.904
608.0,0.8939
609.0,0.8954
610.0,0.8889
611.0,0.8934
612.0,0.8908
613.0,0.8795
614.0,0.8674
615.0,0.8862
616.0,0.8569
617.0,0.8551
618.0,0.888
619.0,0.879
620.0,0.8845
621.0,0.8855
622.0,0.8752
623.0,0.862
624.0,0.8471
625.0,0.8452
626.0,0.8577
627.0,0.8676
628.0,0.813
629.0,0.848
630.0,0.8286
631.0,0.8463
632.0,0.836
633.0,0.861
634.0,0.8524
635.0,0.8655
636.0,0.8538
637.0,0.8677
638.0,0.8758
639.0,0.8659
640.0,0.8574
641.0,0.8567
642.0,0.8527
643.0,0.8642
644.0,0.8613
645.0,0.8627
646.0,0.843
647.0,0.8337
648.0,0.8346
649.0,0.8185
650.0,0.8214
651.0,0.8568
652.0,0.8223
653.0,0.8454
654.0,0.8359
655.0,0.8054
656.0,0.7134
657.0,0.7326
658.0,0.8207
659.0,0.8264
660.0,0.8298
661.0,0.8356
662.0,0.8375
663.0,0.8208
664.0,0.8303
665.0,0.8308
666.0,0.8313
667.0,0.8304
668.0,0.8307
669.0,0.8435
670.0,0.8398
671.0,0.8395
672.0,0.8323
673.0,0.8448
674.0,0.8416
675.0,0.8339
676.0,0.8396
677.0,0.8312
678.0,0.8335
679.0,0.8201
680.0,0.8266
681.0,0.8211
682.0,0.8201
683.0,0.8185
684.0,0.8144
685.0,0.8214
686.0,0.8165
687.0,0.5541
688.0,0.6437
689.0,0.6458
690.0,0.6755
691.0,0.7088
692.0,0.7328
693.0,0.727
694.0,0.7209
695.0,0.7493
696.0,0.7503
697.0,0.7945
698.0,0.7821
699.0,0.7646
700.0,0.7554
701.0,0.7481
702.0,0.7529
703.0,0.7542
704.0,0.7777
705.0,0.7788
706.0,0.7779
707.0,0.7783
708.0,0.78
709.0,0.7807
710.0,0.7809
711.0,0.7797
712.0,0.7772
713.0,0.7695
714.0,0.7724
715.0,0.7484
716.0,0.749
717.0,0.654
718.0,0.6014
719.0,0.5513
720.0,0.5778
721.0,0.6352
722.0,0.7238
723.0,0.6753
724.0,0.6102
725.0,0.601
726.0,0.6288
727.0,0.6367
728.0,0.5997
729.0,0.6205
730.0,0.6567
731.0,0.6287
732.0,0.6709
733.0,0.7086
734.0,0.7249
735.0,0.7102
736.0,0.7092
737.0,0.7121
738.0,0.722
739.0,0.7078
740.0,0.7259
741.0,0.7185
742.0,0.719
743.0,0.7372
744.0,0.735
745.0,0.7351
746.0,0.7384
747.0,0.74
748.0,0.7385
749.0,0.73
750.0,0.7296
751.0,0.7222
752.0,0.7253
753.0,0.7289
754.0,0.7306
755.0,0.7264
756.0,0.7261
757.0,0.7272
758.0,0.7181
759.0,0.7042
760.0,0.1276
761.0,0.06887
762.0,0.3712
763.0,0.1913
764.0,0.2825
765.0,0.3713
766.0,0.4509
767.0,0.564
768.0,0.6469
769.0,0.6596
770.0,0.681
771.0,0.6861
772.0,0.6874
773.0,0.6921
774.0,0.6888
775.0,0.6835
776.0,0.6918
777.0,0.6827
778.0,0.6785
779.0,0.6791
780.0,0.6753
781.0,0.676
782.0,0.6802
783.0,0.6683
784.0,0.6715
785.0,0.6666
786.0,0.674
787.0,0.6627
788.0,0.6546
789.0,0.6544
790.0,0.6376
791.0,0.6425
792.0,0.6377
793.0,0.6275
794.0,0.6375
795.0,0.6485
796.0,0.6294
797.0,0.6302
798.0,0.6478
799.0,0.6438
800.0,0.6328
801.0,0.6311
802.0,0.6292
803.0,0.6245
804.0,0.6253
805.0,0.6231
806.0,0.6402
807.0,0.6326
808.0,0.6331
809.0,0.6215
810.0,0.6166
811.0,0.6178
812.0,0.6007
813.0,0.5886
814.0,0.5197
815.0,0.5165
816.0,0.4809
817.0,0.4895
818.0,0.4716
819.0,0.5256
820.0,0.4957
821.0,0.5771
822.0,0.561
823.0,0.3851
824.0,0.5455
825.0,0.5672
826.0,0.5464
827.0,0.5759
828.0,0.4902
829.0,0.5429
830.0,0.536
831.0,0.5378
832.0,0.5217
833.0,0.554
834.0,0.5351
835.0,0.5864
836.0,0.5622
837.0,0.588
838.0,0.5701
839.0,0.5791
840.0,0.5917
841.0,0.5834
842.0,0.5844
843.0,0.5839
844.0,0.5759
845.0,0.5952
846.0,0.5925
847.0,0.5814
848.0,0.5779
849.0,0.5615
850.0,0.5379
851.0,0.5696
852.0,0.5656
853.0,0.5443
854.0,0.4701
855.0,0.5164
856.0,0.5643
857.0,0.5768
858.0,0.5726
859.0,0.5731
860.0,0.5741
861.0,0.5709
862.0,0.5799
863.0,0.5936
864.0,0.5639
865.0,0.559
866.0,0.5026
867.0,0.5245
868.0,0.5708
869.0,0.5589
870.0,0.5749
871.0,0.567
872.0,0.565
873.0,0.5639
874.0,0.5572
875.0,0.5459
876.0,0.5516
877.0,0.5571
878.0,0.5632
879.0,0.5545
880.0,0.5427
881.0,0.5345
882.0,0.5461
883.0,0.5478
884.0,0.5453
885.0,0.5494
886.0,0.5237
887.0,0.5292
888.0,0.537
889.0,0.5431
890.0,0.5386
891.0,0.5377
892.0,0.5223
893.0,0.5061
894.0,0.4886
895.0,0.462
896.0,0.4354
897.0,0.3745
898.0,0.4084
899.0,0.3112
900.0,0.4179
901.0,0.3262
902.0,0.382
903.0,0.3861
904.0,0.4849
905.0,0.4684
906.0,0.4384
907.0,0.3569
908.0,0.3639
909.0,0.3939
910.0,0.3489
911.0,0.3715
912.0,0.3883
913.0,0.3541
914.0,0.351
915.0,0.3804
916.0,0.3221
917.0,0.4083
918.0,0.3303
919.0,0.4156
920.0,0.4196
921.0,0.4364
922.0,0.3904
923.0,0.4215
924.0,0.4002
925.0,0.3915
926.0,0.3957
927.0,0.4427
928.0,0.3255
929.0,0.2973
930.0,0.2337
931.0,0.2214
932.0,0.1595
933.0,0.1296
934.0,0.07103
935.0,0.1326
936.0,0.08279
937.0,0.0839
938.0,0.1032
939.0,0.2145
940.0,0.258
941.0,0.1947
942.0,0.2255
943.0,0.1483
944.0,0.1562
945.0,0.2008
946.0,0.1021
947.0,0.2017
948.0,0.1481
949.0,0.2701
950.0,0.0748
951.0,0.266
952.0,0.1427
953.0,0.1844
954.0,0.2263
955.0,0.1866
956.0,0.1812
957.0,0.1429
958.0,0.257
959.0,0.204
960.0,0.2286
961.0,0.2568
962.0,0.2429
963.0,0.2802
964.0,0.2567
965.0,0.2792
966.0,0.2792
967.0,0.278
968.0,0.3733
969.0,0.3899
970.0,0.3579
971.0,0.41
972.0,0.3921
973.0,0.3412
974.0,0.3237
975.0,0.3362
976.0,0.3191
977.0,0.3634
978.0,0.3451
979.0,0.3615
980.0,0.3398
981.0,0.4076
982.0,0.3897
983.0,0.374
984.0,0.4201
985.0,0.3882
986.0,0.4275
987.0,0.4191
988.0,0.4183
989.0,0.4263
990.0,0.4158
991.0,0.4275
992.0,0.43
993.0,0.4204
994.0,0.4299
995.0,0.4294
996.0,0.4275
997.0,0.4281
998.0,0.4261
999.0,0.4245
1000.0,0.4215
1001.0,0.4268
1002.0,0.4149
1003.0,0.4192
1004.0,0.409
1005.0,0.394
1006.0,0.4094
1007.0,0.4181
1008.0,0.4158
1009.0,0.4135
1010.0,0.4118
1011.0,0.416
1012.0,0.4123
1013.0,0.415
1014.0,0.412
1015.0,0.4093
1016.0,0.4075
1017.0,0.4085
1018.0,0.407
1019.0,0.3983
1020.0,0.4048
1021.0,0.4043
1022.0,0.4011
1023.0,0.4054
1024.0,0.4001
1025.0,0.4051
1026.0,0.4034
1027.0,0.4024
1028.0,0.4016
1029.0,0.3968
1030.0,0.3996
1031.0,0.398
1032.0,0.3968
1033.0,0.3908
1034.0,0.3909
1035.0,0.3921
1036.0,0.3941
1037.0,0.3877
1038.0,0.3894
1039.0,0.3892
1040.0,0.3876
1041.0,0.3892
1042.0,0.3864
1043.0,0.3852
1044.0,0.3866
1045.0,0.3813
1046.0,0.3771
1047.0,0.3805
1048.0,0.3826
1049.0,0.3812
1050.0,0.3794
1051.0,0.3789
1052.0,0.3774
1053.0,0.3743
1054.0,0.3751
1055.0,0.3754
1056.0,0.374
1057.0,0.3729
1058.0,0.3637
1059.0,0.3641
1060.0,0.3635
1061.0,0.3631
1062.0,0.365
1063.0,0.3614
1064.0,0.3656
1065.0,0.363
1066.0,0.3558
1067.0,0.3604
1068.0,0.3525
1069.0,0.3417
1070.0,0.3532
1071.0,0.3588
1072.0,0.3546
1073.0,0.3495
1074.0,0.3586
1075.0,0.3405
1076.0,0.3583
1077.0,0.3518
1078.0,0.3451
1079.0,0.3526
1080.0,0.3464
1081.0,0.3352
1082.0,0.3407
1083.0,0.3418
1084.0,0.3344
1085.0,0.3472
1086.0,0.3166
1087.0,0.327
1088.0,0.3414
1089.0,0.3308
1090.0,0.3235
1091.0,0.3403
1092.0,0.3394
1093.0,0.2875
1094.0,0.3105
1095.0,0.2996
1096.0,0.2867
1097.0,0.3315
1098.0,0.2822
1099.0,0.2944
1100.0,0.2736
1101.0,0.277
1102.0,0.2645
1103.0,0.2619
1104.0,0.2622
1105.0,0.2877
1106.0,0.2195
1107.0,0.2731
1108.0,0.2312
1109.0,0.2317
1110.0,0.2707
1111.0,0.1832
1112.0,0.2299
1113.0,0.1459
1114.0,0.1631
1115.0,0.1352
1116.0,0.1076
1117.0,0.03915
1118.0,0.1172
1119.0,0.05784
1120.0,0.07279
1121.0,0.09681
1122.0,0.04045
1123.0,0.06579
1124.0,0.05553
1125.0,0.07252
1126.0,0.02495
1127.0,0.08184
1128.0,0.04863
1129.0,0.05165
1130.0,0.03385
1131.0,0.156
1132.0,0.1222
1133.0,0.07703
1134.0,0.01943
1135.0,0.007295
1136.0,0.0641
1137.0,0.1531
1138.0,0.1077
1139.0,0.1615
1140.0,0.1346
1141.0,0.1024
1142.0,0.118
1143.0,0.1678
1144.0,0.05823
1145.0,0.0743
1146.0,0.08013
1147.0,0.02787
1148.0,0.1452
1149.0,0.1157
1150.0,0.06267
1151.0,0.1069
1152.0,0.1319
1153.0,0.1287
1154.0,0.07196
1155.0,0.1684
1156.0,0.1515
1157.0,0.1702
1158.0,0.1684
1159.0,0.1818
1160.0,0.1552
1161.0,0.1914
1162.0,0.1924
1163.0,0.2599
1164.0,0.2229
1165.0,0.2103
1166.0,0.2088
1167.0,0.2275
1168.0,0.23
1169.0,0.2354
1170.0,0.2558
1171.0,0.2494
1172.0,0.2539
1173.0,0.2553
1174.0,0.1826
1175.0,0.2493
1176.0,0.2738
1177.0,0.263
1178.0,0.1979
1179.0,0.276
1180.0,0.2467
1181.0,0.2545
1182.0,0.176
1183.0,0.2506
1184.0,0.235
1185.0,0.2269
1186.0,0.2685
1187.0,0.2559
1188.0,0.1791
1189.0,0.2384
1190.0,0.2624
1191.0,0.2494
1192.0,0.266
1193.0,0.255
1194.0,0.2628
1195.0,0.2488
1196.0,0.2397
1197.0,0.2628
1198.0,0.2406
1199.0,0.2052
1200.0,0.2518
1201.0,0.2431
1202.0,0.2415
1203.0,0.2395
1204.0,0.2098
1205.0,0.247
1206.0,0.2725
1207.0,0.241
1208.0,0.237
1209.0,0.2418
1210.0,0.2518
1211.0,0.24
1212.0,0.2374
1213.0,0.2637
1214.0,0.243
1215.0,0.2385
1216.0,0.2628
1217.0,0.256
1218.0,0.2607
1219.0,0.2576
1220.0,0.2609
1221.0,0.2635
1222.0,0.2567
1223.0,0.2544
1224.0,0.2529
1225.0,0.2618
1226.0,0.2635
1227.0,0.2434
1228.0,0.2647
1229.0,0.2635
1230.0,0.2591
1231.0,0.2662
1232.0,0.2646
1233.0,0.2558
1234.0,0.2659
1235.0,0.2643
1236.0,0.2661
1237.0,0.2626
1238.0,0.2652
1239.0,0.2618
1240.0,0.2628
1241.0,0.2617
1242.0,0.261
1243.0,0.2589
1244.0,0.2608
1245.0,0.2619
1246.0,0.2603
1247.0,0.2593
1248.0,0.2592
1249.0,0.26
1250.0,0.2584
1251.0,0.2552
1252.0,0.2551
1253.0,0.2532
1254.0,0.2507
1255.0,0.2549
1256.0,0.2479
1257.0,0.2466
1258.0,0.2511
1259.0,0.2423
1260.0,0.2435
1261.0,0.2302
1262.0,0.2235
1263.0,0.2239
1264.0,0.2071
1265.0,0.2225
1266.0,0.2144
1267.0,0.2179
1268.0,0.207
1269.0,0.1303
1270.0,0.2172
1271.0,0.2294
1272.0,0.2301
1273.0,0.2277
1274.0,0.2284
1275.0,0.2316
1276.0,0.2338
1277.0,0.2353
1278.0,0.2396
1279.0,0.2375
1280.0,0.2345
1281.0,0.2237
1282.0,0.2154
1283.0,0.232
1284.0,0.2376
1285.0,0.2391
1286.0,0.2423
1287.0,0.2387
1288.0,0.2386
1289.0,0.2313
1290.0,0.2365
1291.0,0.2397
1292.0,0.2257
1293.0,0.2352
1294.0,0.2335
1295.0,0.2325
1296.0,0.2223
1297.0,0.2104
1298.0,0.2261
1299.0,0.2354
1300.0,0.2
1301.0,0.206
1302.0,0.2253
1303.0,0.1973
1304.0,0.1689
1305.0,0.2208
1306.0,0.2208
1307.0,0.1723
1308.0,0.1975
1309.0,0.2192
1310.0,0.1691
1311.0,0.1895
1312.0,0.1844
1313.0,0.181
1314.0,0.1622
1315.0,0.1602
1316.0,0.1866
1317.0,0.1768
1318.0,0.1919
1319.0,0.1506
1320.0,0.1458
1321.0,0.1696
1322.0,0.1714
1323.0,0.1295
1324.0,0.1478
1325.0,0.1839
1326.0,0.1582
1327.0,0.1509
1328.0,0.1303
1329.0,0.09813
1330.0,0.1276
1331.0,0.0773
1332.0,0.07974
1333.0,0.1109
1334.0,0.09383
1335.0,0.129
1336.0,0.1021
1337.0,0.09036
1338.0,0.09779
1339.0,0.09732
1340.0,0.09459
1341.0,0.09251
1342.0,0.09716
1343.0,0.06601
1344.0,0.03951
1345.0,0.05698
1346.0,0.02841
1347.0,0.02891
1348.0,0.001904
1349.0,0.006814
1350.0,0.007058
1351.0,0.00174
1352.0,0.0004782
1353.0,2.489e-05
1354.0,8.47e-05
1355.0,7.124e-07
1356.0,1.218e-05
1357.0,1.855e-05
1358.0,8.424e-07
1359.0,1.097e-07
1360.0,3.9e-07
1361.0,4.669e-10
1362.0,1.317e-12
1363.0,5.34e-07
1364.0,2.215e-07
1365.0,4.805e-13
1366.0,2.315e-06
1367.0,9.428e-07
1368.0,4.014e-15
1369.0,8.294e-08
1370.0,4.15e-08
1371.0,2.397e-09
1372.0,5.188e-07
1373.0,1.027e-05
1374.0,4.708e-05
1375.0,8.57e-05
1376.0,7.617e-05
1377.0,3.5e-05
1378.0,0.0003411
1379.0,1.472e-05
1380.0,2.14e-05
1381.0,5.638e-07
1382.0,4.698e-07
1383.0,7.127e-09
1384.0,9.435e-08
1385.0,4.378e-07
1386.0,4.228e-07
1387.0,4.932e-05
1388.0,9.733e-07
1389.0,0.0001649
1390.0,0.0001419
1391.0,9.496e-05
1392.0,6.203e-06
1393.0,3.27e-05
1394.0,1.729e-05
1395.0,1.292e-07
1396.0,6.669e-10
1397.0,1.31e-05
1398.0,0.0003838
1399.0,0.0002434
1400.0,2.934e-10
1401.0,1.193e-09
1402.0,0.0006668
1403.0,0.0008407
1404.0,0.0002566
1405.0,6.365e-08
1406.0,0.0006711
1407.0,5.905e-05
1408.0,0.0005485
1409.0,0.0001854
1410.0,0.0001478
1411.0,0.000739
1412.0,0.0009945
1413.0,0.01022
1414.0,0.0001165
1415.0,5.61e-05
1416.0,0.01687
1417.0,0.005047
1418.0,0.00574
1419.0,0.000888
1420.0,0.00351
1421.0,0.003796
1422.0,0.02204
1423.0,0.004253
1424.0,0.007992
1425.0,0.01173
1426.0,0.01341
1427.0,0.02488
1428.0,0.00179
1429.0,0.01849
1430.0,0.03183
1431.0,0.03505
1432.0,0.001408
1433.0,0.02217
1434.0,0.01121
1435.0,0.01098
1436.0,0.02155
1437.0,0.01652
1438.0,0.006873
1439.0,0.02947
1440.0,0.02206
1441.0,0.01661
1442.0,0.01845
1443.0,0.02349
1444.0,0.03273
1445.0,0.02531
1446.0,0.01129
1447.0,0.01783
1448.0,0.06265
1449.0,0.05407
1450.0,0.01324
1451.0,0.005247
1452.0,0.03218
1453.0,0.04248
1454.0,0.07453
1455.0,0.03454
1456.0,0.04622
1457.0,0.06295
1458.0,0.07517
1459.0,0.08877
1460.0,0.0457
1461.0,0.04728
1462.0,0.07022
1463.0,0.02215
1464.0,0.08407
1465.0,0.05047
1466.0,0.03375
1467.0,0.0174
1468.0,0.0401
1469.0,0.04979
1470.0,0.02416
1471.0,0.008613
1472.0,0.02309
1473.0,0.03583
1474.0,0.05306
1475.0,0.1018
1476.0,0.03586
1477.0,0.03596
1478.0,0.03358
1479.0,0.06546
1480.0,0.03104
1481.0,0.06235
1482.0,0.03045
1483.0,0.0814
1484.0,0.07629
1485.0,0.06762
1486.0,0.06636
1487.0,0.02982
1488.0,0.05314
1489.0,0.1059
1490.0,0.09788
1491.0,0.1113
1492.0,0.09116
1493.0,0.1008
1494.0,0.114
1495.0,0.1011
1496.0,0.09459
1497.0,0.1305
1498.0,0.1062
1499.0,0.1243
1500.0,0.1431
1501.0,0.1505
1502.0,0.1269
1503.0,0.1078
1504.0,0.08635
1505.0,0.104
1506.0,0.1501
1507.0,0.1447
1508.0,0.1379
1509.0,0.1056
1510.0,0.156
1511.0,0.151
1512.0,0.1494
1513.0,0.1374
1514.0,0.1285
1515.0,0.1534
1516.0,0.1469
1517.0,0.1438
1518.0,0.1434
1519.0,0.1404
1520.0,0.1508
1521.0,0.1601
1522.0,0.1527
1523.0,0.1625
1524.0,0.1579
1525.0,0.1513
1526.0,0.1536
1527.0,0.1524
1528.0,0.1618
1529.0,0.1539
1530.0,0.1513
1531.0,0.1557
1532.0,0.1615
1533.0,0.1614
1534.0,0.1587
1535.0,0.1582
1536.0,0.161
1537.0,0.1578
1538.0,0.1592
1539.0,0.1567
1540.0,0.157
1541.0,0.1583
1542.0,0.1568
1543.0,0.1595
1544.0,0.1579
1545.0,0.1607
1546.0,0.1583
1547.0,0.1559
1548.0,0.1559
1549.0,0.1572
1550.0,0.1561
1551.0,0.1573
1552.0,0.1563
1553.0,0.1551
1554.0,0.1539
1555.0,0.1542
1556.0,0.1542
1557.0,0.156
1558.0,0.1551
1559.0,0.1542
1560.0,0.1552
1561.0,0.1563
1562.0,0.1544
1563.0,0.1531
1564.0,0.1538
1565.0,0.154
1566.0,0.152
1567.0,0.1523
1568.0,0.1507
1569.0,0.1515
1570.0,0.1529
1571.0,0.154
1572.0,0.1529
1573.0,0.1519
1574.0,0.1466
1575.0,0.1448
1576.0,0.1427
1577.0,0.1391
1578.0,0.1461
1579.0,0.1475
1580.0,0.1487
1581.0,0.1465
1582.0,0.1435
1583.0,0.1442
1584.0,0.1466
1585.0,0.1481
1586.0,0.1464
1587.0,0.144
1588.0,0.1397
1589.0,0.1354
1590.0,0.1385
1591.0,0.1418
1592.0,0.1461
1593.0,0.1483
1594.0,0.1482
1595.0,0.1462
1596.0,0.1419
1597.0,0.1456
1598.0,0.1474
1599.0,0.1458
1600.0,0.1448
1601.0,0.1428
1602.0,0.1433
1603.0,0.1446
1604.0,0.1435
1605.0,0.1434
1606.0,0.1418
1607.0,0.1431
1608.0,0.1431
1609.0,0.1392
1610.0,0.1363
1611.0,0.1387
1612.0,0.1403
1613.0,0.1406
1614.0,0.1405
1615.0,0.1374
1616.0,0.1352
1617.0,0.1379
1618.0,0.1402
1619.0,0.1377
1620.0,0.1347
1621.0,0.1363
1622.0,0.1384
1623.0,0.1405
1624.0,0.1389
1625.0,0.1383
1626.0,0.1387
1627.0,0.1397
1628.0,0.1394
1629.0,0.1381
1630.0,0.1373
1631.0,0.1367
1632.0,0.1363
1633.0,0.1324
1634.0,0.1351
1635.0,0.1335
1636.0,0.1322
1637.0,0.1307
1638.0,0.1235
1639.0,0.1279
1640.0,0.123
1641.0,0.127
1642.0,0.1294
1643.0,0.123
1644.0,0.1294
1645.0,0.1262
1646.0,0.1236
1647.0,0.1315
1648.0,0.1231
1649.0,0.1285
1650.0,0.1293
1651.0,0.1208
1652.0,0.1282
1653.0,0.1293
1654.0,0.1231
1655.0,0.1294
1656.0,0.1275
1657.0,0.1283
1658.0,0.1298
1659.0,0.1289
1660.0,0.13
1661.0,0.1294
1662.0,0.1261
1663.0,0.1287
1664.0,0.1277
1665.0,0.1211
1666.0,0.1005
1667.0,0.12
1668.0,0.1239
1669.0,0.1249
1670.0,0.1269
1671.0,0.1234
1672.0,0.1218
1673.0,0.1247
1674.0,0.1222
1675.0,0.1203
1676.0,0.1211
1677.0,0.121
1678.0,0.1178
1679.0,0.1199
1680.0,0.1151
1681.0,0.1118
1682.0,0.1177
1683.0,0.1203
1684.0,0.1122
1685.0,0.1217
1686.0,0.1213
1687.0,0.1171
1688.0,0.1207
1689.0,0.1194
1690.0,0.1192
1691.0,0.1095
1692.0,0.1189
1693.0,0.1219
1694.0,0.1177
1695.0,0.1207
1696.0,0.1206
1697.0,0.1027
1698.0,0.1196
1699.0,0.1181
1700.0,0.115
1702.0,0.1168
1705.0,0.1136
1710.0,0.1079
1715.0,0.1082
1720.0,0.107
1725.0,0.1002
1730.0,0.09917
1735.0,0.09266
1740.0,0.09404
1745.0,0.08854
1750.0,0.09451
1755.0,0.08718
1760.0,0.09087
1765.0,0.07472
1770.0,0.07981
1775.0,0.06424
1780.0,0.05512
1785.0,0.04152
1790.0,0.04813
1795.0,0.02384
1800.0,0.01655
1805.0,0.006732
1810.0,0.004412
1815.0,0.001314
1820.0,0.0003364
1825.0,0.0004434
1830.0,1.147e-06
1835.0,1.721e-06
1840.0,1.063e-08
1845.0,1.144e-06
1850.0,5.242e-07
1855.0,5.048e-08
1860.0,2.819e-06
1865.0,4.002e-06
1870.0,2.44e-11
1875.0,4.436e-11
1880.0,2.138e-05
1885.0,1.157e-05
1890.0,6.377e-05
1895.0,3.729e-05
1900.0,1.676e-07
1905.0,1.149e-07
1910.0,5.534e-06
1915.0,5.378e-06
1920.0,0.0001405
1925.0,0.0003292
1930.0,0.0001922
1935.0,0.001456
1940.0,0.00145
1945.0,0.005981
1950.0,0.01168
1955.0,0.01056
1960.0,0.01862
1965.0,0.02717
1970.0,0.03818
1975.0,0.04325
1980.0,0.04356
1985.0,0.04683
1990.0,0.04843
1995.0,0.05115
2000.0,0.05385
2005.0,0.04573
2010.0,0.06474
2015.0,0.05158
2020.0,0.05517
2025.0,0.05995
2030.0,0.05538
2035.0,0.0602
2040.0,0.05759
2045.0,0.05945
2050.0,0.06032
2055.0,0.05801
2060.0,0.05619
2065.0,0.05715
2070.0,0.05655
2075.0,0.05782
2080.0,0.0564
2085.0,0.05607
2090.0,0.05657
2095.0,0.05497
2100.0,0.05151
2105.0,0.0554
2110.0,0.05317
2115.0,0.05439
2120.0,0.05121
2125.0,0.05189
2130.0,0.05249
2135.0,0.05277
2140.0,0.05314
2145.0,0.05261
2150.0,0.0495
2155.0,0.04947
2160.0,0.04894
2165.0,0.0447
2170.0,0.04756
2175.0,0.04651
2180.0,0.04767
2185.0,0.04292
2190.0,0.04609
2195.0,0.0457
2200.0,0.04053
2205.0,0.04253
2210.0,0.04597
2215.0,0.04405
2220.0,0.04497
2225.0,0.04366
2230.0,0.04388
2235.0,0.04286
2240.0,0.04238
2245.0,0.0408
2250.0,0.04172
2255.0,0.03904
2260.0,0.03848
2265.0,0.03946
2270.0,0.03721
2275.0,0.03665
2280.0,0.03831
2285.0,0.03595
2290.0,0.03597
2295.0,0.03499
2300.0,0.03323
2305.0,0.03351
2310.0,0.03671
2315.0,0.0329
2320.0,0.02889
2325.0,0.03218
2330.0,0.03221
2335.0,0.03297
2340.0,0.02552
2345.0,0.02882
2350.0,0.02282
2355.0,0.02655
2360.0,0.0282
2365.0,0.02785
2370.0,0.01629
2375.0,0.02456
2380.0,0.0235
2385.0,0.01675
2390.0,0.01999
2395.0,0.02206
2400.0,0.02419
2405.0,0.01829
2410.0,0.01834
2415.0,0.01468
2420.0,0.01422
2425.0,0.01795
2430.0,0.0246
2435.0,0.007717
2440.0,0.02402
2445.0,0.01099
2450.0,0.006986
2455.0,0.01334
2460.0,0.01804
2465.0,0.01276
2470.0,0.008528
2475.0,0.008332
2480.0,0.003914
2485.0,0.00259
2490.0,0.001514
2495.0,0.00132
2500.0,0.00328
2505.0,0.0006761
2510.0,0.001002
2515.0,0.0002161
2520.0,0.0001255
2525.0,1.439e-05
2530.0,1.087e-07
2535.0,2.474e-08
2540.0,5.852e-08
2545.0,4.831e-12
2550.0,2.03e-14
2555.0,9.545e-11
2560.0,2.879e-12
2565.0,7.02e-16
2570.0,2.3520000000000002e-20
2575.0,1.884e-30
2580.0,1.788e-24
2585.0,5.025e-38
2590.0,2.9670000000000003e-34
2595.0,4.9900000000000003e-36
2600.0,4.526e-31
2605.0,5.081e-38
2610.0,1.9619999999999998e-37
2615.0,1.9269999999999998e-41
2620.0,1.4130000000000002e-31
2625.0,2.9660000000000003e-31
2630.0,0.0
2635.0,1.078e-17
2640.0,2.43e-18
2645.0,1.123e-20
2650.0,1.182e-21
2655.0,1.73e-30
2660.0,1.2939999999999999e-27
2665.0,1.555e-40
2670.0,0.0
2675.0,8.084999999999999e-40
2680.0,2.624e-26
2685.0,2.5819999999999998e-27
2690.0,1.0430000000000001e-26
2695.0,3.8979999999999997e-29
2700.0,1.115e-24
2705.0,3.1279999999999995e-22
2710.0,2.44e-27
2715.0,3.4430000000000004e-25
2720.0,0.0
2725.0,6.648999999999999e-23
2730.0,2.0930000000000002e-20
2735.0,2.3779999999999996e-22
2740.0,4.404e-28
2745.0,5.487999999999999e-23
2750.0,3.102e-22
2755.0,5.096e-24
2760.0,7.144e-19
2765.0,3.69e-25
2770.0,1.7719999999999998e-22
2775.0,2.13e-19
2780.0,9.026e-17
2785.0,3.247e-16
2790.0,7.634e-14
2795.0,1.761e-14
2800.0,5.002e-11
2805.0,9.435e-13
2810.0,3.711e-09
2815.0,1.117e-09
2820.0,1.411e-11
2825.0,1.185e-07
2830.0,2.511e-06
2835.0,3.813e-11
2840.0,7.662e-08
2845.0,2.544e-05
2850.0,4.61e-07
2855.0,1.809e-07
2860.0,9.4e-06
2865.0,6.88e-05
2870.0,1.815e-06
2875.0,0.0001678
2880.0,0.0001058
2885.0,0.0001766
2890.0,7.514e-05
2895.0,0.001267
2900.0,0.0003584
2905.0,4.238e-05
2910.0,0.001316
2915.0,0.0005668
2920.0,0.001406
2925.0,0.0005062
2930.0,0.003054
2935.0,0.003389
2940.0,0.0007714
2945.0,0.0006693
2950.0,0.002689
2955.0,0.001205
2960.0,0.002405
2965.0,0.004081
2970.0,0.000164
2975.0,0.0004164
2980.0,0.0006521
2985.0,0.003812
2990.0,0.005786
2995.0,0.002232
3000.0,0.004247
3005.0,0.001466
3010.0,0.003765
3015.0,0.002949
3020.0,0.0002742
3025.0,0.004103
3030.0,0.003258
3035.0,0.001255
3040.0,0.0009889
3045.0,0.002132
3050.0,0.0004897
3055.0,0.000122
3060.0,0.003364
3065.0,0.001444
3070.0,0.0008216
3075.0,0.003199
3080.0,0.001876
3085.0,0.0008411
3090.0,0.00115
3095.0,0.0002875
3100.0,0.002309
3105.0,0.0004397
3110.0,0.0003737
3115.0,0.001116
3120.0,0.005433
3125.0,0.001605
3130.0,0.003193
3135.0,0.006453
3140.0,0.00174
3145.0,0.001715
3150.0,0.003628
3155.0,0.003073
3160.0,0.005121
3165.0,0.008059
3170.0,0.007185
3175.0,0.005099
3180.0,0.00604
3185.0,0.004281
3190.0,0.002258
3195.0,0.001276
3200.0,0.0001836
3205.0,0.0001215
3210.0,5.111e-05
3215.0,0.000207
3220.0,0.0007247
3225.0,8.44e-05
3230.0,0.0001407
3235.0,0.00388
3240.0,0.001794
3245.0,0.0003438
3250.0,0.001269
3255.0,0.005413
3260.0,0.0005534
3265.0,0.001198
3270.0,0.0005447
3275.0,0.003098
3280.0,0.001406
3285.0,0.006158
3290.0,0.004637
3295.0,0.0005788
3300.0,0.0008629
3305.0,0.002
3310.0,0.001928
3315.0,3.072e-06
3320.0,1.883e-05
3325.0,0.00168
3330.0,0.002546
3335.0,0.004969
3340.0,0.001852
3345.0,0.001818
3350.0,0.004523
3355.0,0.001864
3360.0,0.002864
3365.0,0.004046
3370.0,0.001991
3375.0,0.004804
3380.0,0.002647
3385.0,0.004191
3390.0,0.005534
3395.0,0.005391
3400.0,0.00729
3405.0,0.002274
3410.0,0.003983
3415.0,0.003907
3420.0,0.007764
3425.0,0.005621
3430.0,0.004778
3435.0,0.006787
3440.0,0.004404
3445.0,0.006547
3450.0,0.006433
3455.0,0.004631
3460.0,0.007368
3465.0,0.005514
3470.0,0.007197
3475.0,0.006296
3480.0,0.006479
3485.0,0.007065
3490.0,0.005946
3495.0,0.007165
3500.0,0.00696
3505.0,0.006905
3510.0,0.007014
3515.0,0.006688
3520.0,0.007117
3525.0,0.006644
3530.0,0.006462
3535.0,0.005329
3540.0,0.005066
3545.0,0.00538
3550.0,0.006065
3555.0,0.005129
3560.0,0.006245
3565.0,0.006248
3570.0,0.004709
3575.0,0.004858
3580.0,0.005868
3585.0,0.005195
3590.0,0.005414
3595.0,0.005566
3600.0,0.005956
3605.0,0.005961
3610.0,0.005434
3615.0,0.005462
3620.0,0.006811
3625.0,0.005876
3630.0,0.005747
3635.0,0.005945
3640.0,0.006712
3645.0,0.006087
3650.0,0.005808
3655.0,0.006348
3660.0,0.006325
3665.0,0.005864
3670.0,0.004448
3675.0,0.002561
3680.0,0.004652
3685.0,0.005353
3690.0,0.005544
3695.0,0.005798
3700.0,0.006288
3705.0,0.0062
3710.0,0.005332
3715.0,0.005256
3720.0,0.00601
3725.0,0.006191
3730.0,0.00531
3735.0,0.004828
3740.0,0.004975
3745.0,0.005881
3750.0,0.005312
3755.0,0.005138
3760.0,0.005065
3765.0,0.004877
3770.0,0.005255
3775.0,0.005193
3780.0,0.005532
3785.0,0.005033
3790.0,0.004402
3795.0,0.00509
3800.0,0.005761
3805.0,0.005389
3810.0,0.004729
3815.0,0.004411
3820.0,0.005625
3825.0,0.005503
3830.0,0.005595
3835.0,0.004362
3840.0,0.005206
3845.0,0.005068
3850.0,0.005106
3855.0,0.004876
3860.0,0.004527
3865.0,0.004569
3870.0,0.004106
3875.0,0.003704
3880.0,0.003569
3885.0,0.003711
3890.0,0.003773
3895.0,0.004179
3900.0,0.004471
3905.0,0.004461
3910.0,0.003956
3915.0,0.003851
3920.0,0.003848
3925.0,0.00378
3930.0,0.003924
3935.0,0.00411
3940.0,0.004169
3945.0,0.004251
3950.0,0.004324
3955.0,0.004377
3960.0,0.004422
3965.0,0.004464
3970.0,0.004413
3975.0,0.004291
3980.0,0.004227
3985.0,0.004245
3990.0,0.004187
3995.0,0.00409
4000.0,0.003918
