interpolation:linear
wavelength,value
280.0,1.1770000000000002e-20
280.5,2.386e-19
281.0,1.084e-18
281.5,2.169e-17
282.0,1.314e-16
282.5,4.183e-16
283.0,1.504e-15
283.5,2.549e-15
284.0,4.083e-14
284.5,1.128e-13
285.0,2.51e-13
285.5,1.52e-12
286.0,6.412e-12
286.5,3.028e-11
287.0,8.821e-11
287.5,3.403e-10
288.0,1.051e-09
288.5,3.628e-09
289.0,1.053e-08
289.5,3.363e-08
290.0,9.599e-08
290.5,1.986e-07
291.0,4.301e-07
291.5,1.242e-06
292.0,2.655e-06
292.5,3.629e-06
293.0,7.506e-06
293.5,1.735e-05
294.0,2.601e-05
294.5,5.058e-05
295.0,8.432e-05
295.5,0.0001644
296.0,0.0002802
296.5,0.0003473
297.0,0.0004262
297.5,0.0009903
298.0,0.001385
298.5,0.001271
299.0,0.002567
299.5,0.003662
300.0,0.00371
300.5,0.00494
301.0,0.007829
301.5,0.0111
302.0,0.008953
302.5,0.01606
303.0,0.02588
303.5,0.0305
304.0,0.02749
304.5,0.03686
305.0,0.04831
305.5,0.05057
306.0,0.04728
306.5,0.05562
307.0,0.07304
307.5,0.08664
308.0,0.08981
308.5,0.1004
309.0,0.0936
309.5,0.09886
310.0,0.09565
310.5,0.152
311.0,0.1849
311.5,0.176
312.0,0.1645
312.5,0.1914
313.0,0.2028
313.5,0.201
314.0,0.2382
314.5,0.1968
315.0,0.2552
315.5,0.2207
316.0,0.182
316.5,0.2487
317.0,0.3089
317.5,0.3258
318.0,0.2457
318.5,0.2861
319.0,0.3287
319.5,0.2818
320.0,0.343
320.5,0.4023
321.0,0.3381
321.5,0.3221
322.0,0.3649
322.5,0.3162
323.0,0.3024
323.5,0.3571
324.0,0.4139
324.5,0.4271
325.0,0.3771
325.5,0.47
326.0,0.5669
326.5,0.5553
327.0,0.5575
327.5,0.5437
328.0,0.4981
328.5,0.5052
329.0,0.5884
329.5,0.6622
330.0,0.6721
330.5,0.5489
331.0,0.563
331.5,0.563
332.0,0.5945
332.5,0.5819
333.0,0.5834
333.5,0.5365
334.0,0.5508
334.5,0.6235
335.0,0.5795
335.5,0.6761
336.0,0.4675
336.5,0.5504
337.0,0.4548
337.5,0.567
338.0,0.5451
338.5,0.6284
339.0,0.6215
339.5,0.5975
340.0,0.7024
340.5,0.6319
341.0,0.6163
341.5,0.5655
342.0,0.6754
342.5,0.6314
343.0,0.6943
343.5,0.6537
344.0,0.4826
344.5,0.4874
345.0,0.6445
345.5,0.6574
346.0,0.5583
346.5,0.6318
347.0,0.6781
347.5,0.5481
348.0,0.6244
348.5,0.6237
349.0,0.5782
349.5,0.5722
350.0,0.7073
350.5,0.7458
351.0,0.6661
351.5,0.6474
352.0,0.6948
352.5,0.5418
353.0,0.682
353.5,0.7289
354.0,0.7564
354.5,0.767
355.0,0.7642
355.5,0.6899
356.0,0.7215
356.5,0.6159
357.0,0.5089
357.5,0.6228
358.0,0.4934
358.5,0.4215
359.0,0.5895
359.5,0.7513
360.0,0.7961
360.5,0.6361
361.0,0.5796
361.5,0.6667
362.0,0.5761
362.5,0.7967
363.0,0.7151
363.5,0.6583
364.0,0.8046
364.5,0.6875
365.0,0.7
365.5,0.8782
366.0,0.93
366.5,0.8733
367.0,0.8502
367.5,0.8821
368.0,0.7716
368.5,0.7783
369.0,0.8402
369.5,0.8953
370.0,0.954
370.5,0.7401
371.0,0.7906
371.5,0.9888
372.0,0.6562
372.5,0.7865
373.0,0.7997
373.5,0.5201
374.0,0.7555
374.5,0.6255
375.0,0.6079
375.5,0.9074
376.0,0.7521
376.5,0.7792
377.0,0.8247
377.5,0.9646
378.0,1.045
378.5,0.9881
379.0,0.8154
379.5,0.7448
380.0,0.7742
380.5,0.9374
381.0,0.9389
381.5,0.7439
382.0,0.6603
382.5,0.5626
383.0,0.5207
383.5,0.5013
384.0,0.5529
384.5,0.8129
385.0,0.8059
385.5,0.7503
386.0,0.6424
386.5,0.8435
387.0,0.7008
387.5,0.787
388.0,0.7265
388.5,0.7179
389.0,0.7748
389.5,0.9382
390.0,0.9413
390.5,0.8661
391.0,1.019
391.5,1.039
392.0,0.8753
392.5,0.7833
393.0,0.4357
393.5,0.3166
394.0,0.6442
394.5,0.8188
395.0,0.9989
395.5,1.015
396.0,0.8795
396.5,0.5139
397.0,0.3856
397.5,0.784
398.0,1.098
398.5,1.135
399.0,1.228
399.5,1.224
400.0,1.271
401.0,1.294
402.0,1.364
403.0,1.295
404.0,1.274
405.0,1.274
406.0,1.252
407.0,1.231
408.0,1.279
409.0,1.368
410.0,1.195
411.0,1.294
412.0,1.388
413.0,1.354
414.0,1.37
415.0,1.372
416.0,1.395
417.0,1.361
418.0,1.335
419.0,1.352
420.0,1.346
421.0,1.407
422.0,1.337
423.0,1.305
424.0,1.38
425.0,1.377
426.0,1.34
427.0,1.315
428.0,1.281
429.0,1.212
430.0,1.06
431.0,1.051
432.0,1.356
433.0,1.363
434.0,1.265
435.0,1.321
436.0,1.488
437.0,1.466
438.0,1.335
439.0,1.381
440.0,1.424
441.0,1.475
442.0,1.581
443.0,1.541
444.0,1.573
445.0,1.539
446.0,1.468
447.0,1.585
448.0,1.611
449.0,1.615
450.0,1.66
451.0,1.721
452.0,1.657
453.0,1.558
454.0,1.626
455.0,1.635
456.0,1.674
457.0,1.701
458.0,1.644
459.0,1.635
460.0,1.64
461.0,1.677
462.0,1.689
463.0,1.677
464.0,1.648
465.0,1.626
466.0,1.64
467.0,1.611
468.0,1.63
469.0,1.638
470.0,1.586
471.0,1.584
472.0,1.669
473.0,1.647
474.0,1.65
475.0,1.666
476.0,1.617
477.0,1.623
478.0,1.667
479.0,1.656
480.0,1.658
481.0,1.688
482.0,1.695
483.0,1.673
484.0,1.638
485.0,1.56
486.0,1.362
487.0,1.427
488.0,1.565
489.0,1.571
490.0,1.652
491.0,1.622
492.0,1.532
493.0,1.582
494.0,1.598
495.0,1.611
496.0,1.621
497.0,1.646
498.0,1.569
499.0,1.589
500.0,1.544
501.0,1.516
502.0,1.497
503.0,1.56
504.0,1.526
505.0,1.575
506.0,1.627
507.0,1.547
508.0,1.497
509.0,1.538
510.0,1.529
511.0,1.569
512.0,1.585
513.0,1.5
514.0,1.489
515.0,1.474
516.0,1.471
517.0,1.307
518.0,1.374
519.0,1.441
520.0,1.494
521.0,1.508
522.0,1.51
523.0,1.483
524.0,1.537
525.0,1.556
526.0,1.487
527.0,1.402
528.0,1.484
529.0,1.565
530.0,1.543
531.0,1.566
532.0,1.512
533.0,1.468
534.0,1.511
535.0,1.543
536.0,1.557
537.0,1.495
538.0,1.521
539.0,1.508
540.0,1.446
541.0,1.458
542.0,1.504
543.0,1.487
544.0,1.514
545.0,1.509
546.0,1.517
547.0,1.515
548.0,1.496
549.0,1.5
550.0,1.518
551.0,1.499
552.0,1.51
553.0,1.483
554.0,1.519
555.0,1.522
556.0,1.503
557.0,1.456
558.0,1.446
559.0,1.42
560.0,1.438
561.0,1.458
562.0,1.448
563.0,1.489
564.0,1.449
565.0,1.437
566.0,1.417
567.0,1.445
568.0,1.435
569.0,1.406
570.0,1.405
571.0,1.395
572.0,1.432
573.0,1.448
574.0,1.444
575.0,1.419
576.0,1.406
577.0,1.42
578.0,1.398
579.0,1.401
580.0,1.423
581.0,1.428
582.0,1.452
583.0,1.454
584.0,1.465
585.0,1.428
586.0,1.399
587.0,1.431
588.0,1.403
589.0,1.257
590.0,1.313
591.0,1.382
592.0,1.369
593.0,1.383
594.0,1.376
595.0,1.347
596.0,1.389
597.0,1.376
598.0,1.37
599.0,1.369
600.0,1.369
601.0,1.355
602.0,1.346
603.0,1.367
604.0,1.389
605.0,1.381
606.0,1.375
607.0,1.387
608.0,1.371
609.0,1.372
610.0,1.361
611.0,1.368
612.0,1.363
613.0,1.345
614.0,1.326
615.0,1.354
616.0,1.309
617.0,1.306
618.0,1.355
619.0,1.341
620.0,1.35
621.0,1.352
622.0,1.337
623.0,1.318
624.0,1.294
625.0,1.291
626.0,1.311
627.0,1.328
628.0,1.269
629.0,1.306
630.0,1.277
631.0,1.296
632.0,1.279
633.0,1.314
634.0,1.298
635.0,1.317
636.0,1.297
637.0,1.317
638.0,1.328
639.0,1.312
640.0,1.298
641.0,1.296
642.0,1.289
643.0,1.306
644.0,1.301
645.0,1.304
646.0,1.277
647.0,1.269
648.0,1.272
649.0,1.248
650.0,1.244
651.0,1.295
652.0,1.253
653.0,1.278
654.0,1.263
655.0,1.221
656.0,1.078
657.0,1.107
658.0,1.238
659.0,1.245
660.0,1.25
661.0,1.258
662.0,1.263
663.0,1.237
664.0,1.249
665.0,1.248
666.0,1.248
667.0,1.246
668.0,1.245
669.0,1.264
670.0,1.258
671.0,1.257
672.0,1.246
673.0,1.264
674.0,1.259
675.0,1.247
676.0,1.255
677.0,1.243
678.0,1.246
679.0,1.225
680.0,1.235
681.0,1.227
682.0,1.225
683.0,1.223
684.0,1.217
685.0,1.226
686.0,1.22
687.0,0.9376
688.0,1.036
689.0,1.037
690.0,1.068
691.0,1.101
692.0,1.123
693.0,1.116
694.0,1.108
695.0,1.138
696.0,1.14
697.0,1.19
698.0,1.172
699.0,1.157
700.0,1.143
701.0,1.135
702.0,1.138
703.0,1.14
704.0,1.169
705.0,1.171
706.0,1.167
707.0,1.167
708.0,1.169
709.0,1.167
710.0,1.169
711.0,1.166
712.0,1.16
713.0,1.15
714.0,1.154
715.0,1.122
716.0,1.124
717.0,1.022
718.0,0.9488
719.0,0.8752
720.0,0.9193
721.0,0.9845
722.0,1.093
723.0,1.035
724.0,0.9523
725.0,0.9438
726.0,0.9833
727.0,0.987
728.0,0.9432
729.0,0.9612
730.0,1.015
731.0,0.9777
732.0,1.028
733.0,1.07
734.0,1.091
735.0,1.071
736.0,1.069
737.0,1.074
738.0,1.079
739.0,1.058
740.0,1.083
741.0,1.07
742.0,1.069
743.0,1.095
744.0,1.091
745.0,1.09
746.0,1.095
747.0,1.097
748.0,1.095
749.0,1.082
750.0,1.082
751.0,1.071
752.0,1.075
753.0,1.08
754.0,1.083
755.0,1.077
756.0,1.076
757.0,1.078
758.0,1.065
759.0,1.049
760.0,0.3258
761.0,0.2136
762.0,0.6721
763.0,0.4295
764.0,0.5598
765.0,0.6728
766.0,0.7585
767.0,0.8935
768.0,0.9829
769.0,0.993
770.0,1.015
771.0,1.018
772.0,1.019
773.0,1.025
774.0,1.02
775.0,1.012
776.0,1.024
777.0,1.011
778.0,1.005
779.0,1.005
780.0,0.9996
781.0,1.001
782.0,1.007
783.0,0.9891
784.0,0.9936
785.0,0.9867
786.0,0.998
787.0,0.9854
788.0,0.9754
789.0,0.9758
790.0,0.9572
791.0,0.9585
792.0,0.9505
793.0,0.936
794.0,0.9443
795.0,0.9621
796.0,0.9425
797.0,0.9438
798.0,0.962
799.0,0.9578
800.0,0.9436
801.0,0.9427
802.0,0.9398
803.0,0.9338
804.0,0.934
805.0,0.9283
806.0,0.9498
807.0,0.9394
808.0,0.9397
809.0,0.9255
810.0,0.9206
811.0,0.9261
812.0,0.9067
813.0,0.8926
814.0,0.8099
815.0,0.8043
816.0,0.7528
817.0,0.7631
818.0,0.7401
819.0,0.8054
820.0,0.7673
821.0,0.8675
822.0,0.8476
823.0,0.6249
824.0,0.8326
825.0,0.8542
826.0,0.8305
827.0,0.8669
828.0,0.7615
829.0,0.8236
830.0,0.8158
831.0,0.8175
832.0,0.7974
833.0,0.8341
834.0,0.8134
835.0,0.8749
836.0,0.8489
837.0,0.8766
838.0,0.8542
839.0,0.8624
840.0,0.8799
841.0,0.8697
842.0,0.8682
843.0,0.8644
844.0,0.8542
845.0,0.8805
846.0,0.8761
847.0,0.8588
848.0,0.8549
849.0,0.8307
850.0,0.7956
851.0,0.844
852.0,0.8373
853.0,0.8047
854.0,0.6959
855.0,0.763
856.0,0.8345
857.0,0.8521
858.0,0.8463
859.0,0.8463
860.0,0.8474
861.0,0.8429
862.0,0.8559
863.0,0.8762
864.0,0.8323
865.0,0.8249
866.0,0.7417
867.0,0.774
868.0,0.8422
869.0,0.8246
870.0,0.8481
871.0,0.8366
872.0,0.8335
873.0,0.8319
874.0,0.8219
875.0,0.8053
876.0,0.8138
877.0,0.8219
878.0,0.8311
879.0,0.8183
880.0,0.8007
881.0,0.7894
882.0,0.8067
883.0,0.8086
884.0,0.8051
885.0,0.8112
886.0,0.7757
887.0,0.782
888.0,0.7949
889.0,0.8015
890.0,0.7975
891.0,0.7948
892.0,0.7752
893.0,0.7556
894.0,0.7374
895.0,0.7075
896.0,0.6723
897.0,0.5932
898.0,0.6379
899.0,0.5052
900.0,0.6439
901.0,0.5282
902.0,0.5941
903.0,0.6079
904.0,0.7318
905.0,0.7117
906.0,0.6702
907.0,0.5675
908.0,0.5758
909.0,0.6122
910.0,0.5614
911.0,0.5867
912.0,0.6082
913.0,0.5706
914.0,0.5624
915.0,0.6066
916.0,0.521
917.0,0.6375
918.0,0.5344
919.0,0.6445
920.0,0.6418
921.0,0.6642
922.0,0.6082
923.0,0.6411
924.0,0.6236
925.0,0.6108
926.0,0.6171
927.0,0.6771
928.0,0.5361
929.0,0.5002
930.0,0.4112
931.0,0.3862
932.0,0.2963
933.0,0.2516
934.0,0.1609
935.0,0.2485
936.0,0.1693
937.0,0.174
938.0,0.208
939.0,0.3742
940.0,0.4377
941.0,0.3477
942.0,0.3908
943.0,0.271
944.0,0.2736
945.0,0.3556
946.0,0.2001
947.0,0.3618
948.0,0.2696
949.0,0.465
950.0,0.1608
951.0,0.4547
952.0,0.2702
953.0,0.332
954.0,0.3887
955.0,0.3336
956.0,0.3172
957.0,0.2732
958.0,0.422
959.0,0.3544
960.0,0.3962
961.0,0.4303
962.0,0.4095
963.0,0.4592
964.0,0.4253
965.0,0.4557
966.0,0.4592
967.0,0.4582
968.0,0.5725
969.0,0.6001
970.0,0.5576
971.0,0.6201
972.0,0.5966
973.0,0.5376
974.0,0.5134
975.0,0.5254
976.0,0.5083
977.0,0.5599
978.0,0.5397
979.0,0.5591
980.0,0.5299
981.0,0.6156
982.0,0.595
983.0,0.5752
984.0,0.6272
985.0,0.5925
986.0,0.6341
987.0,0.6259
988.0,0.6249
989.0,0.6296
990.0,0.6206
991.0,0.632
992.0,0.6352
993.0,0.6253
994.0,0.6345
995.0,0.6331
996.0,0.631
997.0,0.6316
998.0,0.6289
999.0,0.6264
1000.0,0.623
1001.0,0.6296
1002.0,0.6166
1003.0,0.6187
1004.0,0.6047
1005.0,0.581
1006.0,0.6045
1007.0,0.6169
1008.0,0.6144
1009.0,0.6119
1010.0,0.6098
1011.0,0.6137
1012.0,0.6092
1013.0,0.6119
1014.0,0.6077
1015.0,0.6038
1016.0,0.6012
1017.0,0.6028
1018.0,0.6001
1019.0,0.5889
1020.0,0.5971
1021.0,0.596
1022.0,0.592
1023.0,0.5984
1024.0,0.5923
1025.0,0.5974
1026.0,0.5953
1027.0,0.5938
1028.0,0.5927
1029.0,0.5859
1030.0,0.5893
1031.0,0.5872
1032.0,0.5853
1033.0,0.5765
1034.0,0.5764
1035.0,0.5782
1036.0,0.5814
1037.0,0.5719
1038.0,0.5745
1039.0,0.5743
1040.0,0.572
1041.0,0.5744
1042.0,0.5704
1043.0,0.5687
1044.0,0.5708
1045.0,0.5631
1046.0,0.557
1047.0,0.5621
1048.0,0.5653
1049.0,0.5634
1050.0,0.561
1051.0,0.5604
1052.0,0.5582
1053.0,0.554
1054.0,0.5554
1055.0,0.5559
1056.0,0.5543
1057.0,0.5527
1058.0,0.5394
1059.0,0.5402
1060.0,0.5395
1061.0,0.539
1062.0,0.5421
1063.0,0.537
1064.0,0.5432
1065.0,0.5399
1066.0,0.5288
1067.0,0.5358
1068.0,0.5245
1069.0,0.508
1070.0,0.5257
1071.0,0.5324
1072.0,0.5274
1073.0,0.5195
1074.0,0.5313
1075.0,0.5093
1076.0,0.5311
1077.0,0.5243
1078.0,0.5153
1079.0,0.5219
1080.0,0.5163
1081.0,0.5018
1082.0,0.506
1083.0,0.5066
1084.0,0.5019
1085.0,0.5169
1086.0,0.4794
1087.0,0.489
1088.0,0.5069
1089.0,0.4957
1090.0,0.4881
1091.0,0.5065
1092.0,0.5042
1093.0,0.4413
1094.0,0.463
1095.0,0.4574
1096.0,0.4423
1097.0,0.4923
1098.0,0.4366
1099.0,0.4532
1100.0,0.428
1101.0,0.4313
1102.0,0.4157
1103.0,0.4144
1104.0,0.4146
1105.0,0.4442
1106.0,0.3641
1107.0,0.4267
1108.0,0.3765
1109.0,0.3743
1110.0,0.4246
1111.0,0.3084
1112.0,0.3703
1113.0,0.2575
1114.0,0.2847
1115.0,0.2368
1116.0,0.203
1117.0,0.09139
1118.0,0.2151
1119.0,0.1196
1120.0,0.1504
1121.0,0.1911
1122.0,0.0918
1123.0,0.1356
1124.0,0.1146
1125.0,0.1464
1126.0,0.06255
1127.0,0.1641
1128.0,0.1105
1129.0,0.115
1130.0,0.082
1131.0,0.283
1132.0,0.2274
1133.0,0.1588
1134.0,0.051
1135.0,0.01875
1136.0,0.1378
1137.0,0.2817
1138.0,0.2024
1139.0,0.2752
1140.0,0.2401
1141.0,0.1923
1142.0,0.2153
1143.0,0.2947
1144.0,0.1174
1145.0,0.1527
1146.0,0.1648
1147.0,0.07042
1148.0,0.2553
1149.0,0.2124
1150.0,0.1261
1151.0,0.201
1152.0,0.2375
1153.0,0.2243
1154.0,0.1512
1155.0,0.2874
1156.0,0.2639
1157.0,0.2892
1158.0,0.2856
1159.0,0.3011
1160.0,0.2661
1161.0,0.3126
1162.0,0.3152
1163.0,0.4009
1164.0,0.3531
1165.0,0.3413
1166.0,0.3336
1167.0,0.3586
1168.0,0.3641
1169.0,0.3694
1170.0,0.3945
1171.0,0.386
1172.0,0.3891
1173.0,0.3937
1174.0,0.3013
1175.0,0.3819
1176.0,0.4107
1177.0,0.4
1178.0,0.3158
1179.0,0.4135
1180.0,0.3794
1181.0,0.3903
1182.0,0.2859
1183.0,0.382
1184.0,0.3635
1185.0,0.3553
1186.0,0.4057
1187.0,0.3911
1188.0,0.2918
1189.0,0.3656
1190.0,0.3965
1191.0,0.3843
1192.0,0.4011
1193.0,0.3873
1194.0,0.3972
1195.0,0.3811
1196.0,0.3707
1197.0,0.3942
1198.0,0.3653
1199.0,0.3237
1200.0,0.3829
1201.0,0.3736
1202.0,0.3691
1203.0,0.3659
1204.0,0.3277
1205.0,0.3739
1206.0,0.4056
1207.0,0.3693
1208.0,0.3597
1209.0,0.3661
1210.0,0.3784
1211.0,0.3654
1212.0,0.3661
1213.0,0.3949
1214.0,0.3722
1215.0,0.3666
1216.0,0.3934
1217.0,0.3855
1218.0,0.3904
1219.0,0.3867
1220.0,0.3905
1221.0,0.393
1222.0,0.3844
1223.0,0.3818
1224.0,0.3811
1225.0,0.3906
1226.0,0.3917
1227.0,0.3677
1228.0,0.3924
1229.0,0.3917
1230.0,0.3862
1231.0,0.3933
1232.0,0.3911
1233.0,0.3825
1234.0,0.392
1235.0,0.3902
1236.0,0.3925
1237.0,0.3889
1238.0,0.3911
1239.0,0.3861
1240.0,0.3874
1241.0,0.3867
1242.0,0.3848
1243.0,0.3816
1244.0,0.3847
1245.0,0.3861
1246.0,0.3838
1247.0,0.3827
1248.0,0.383
1249.0,0.3837
1250.0,0.3817
1251.0,0.3775
1252.0,0.3767
1253.0,0.3753
1254.0,0.3728
1255.0,0.3767
1256.0,0.3692
1257.0,0.3679
1258.0,0.3723
1259.0,0.3636
1260.0,0.3649
1261.0,0.3506
1262.0,0.3433
1263.0,0.3442
1264.0,0.3254
1265.0,0.3418
1266.0,0.3334
1267.0,0.3362
1268.0,0.3238
1269.0,0.237
1270.0,0.3361
1271.0,0.3486
1272.0,0.349
1273.0,0.346
1274.0,0.3463
1275.0,0.3501
1276.0,0.3523
1277.0,0.3533
1278.0,0.3575
1279.0,0.3545
1280.0,0.3498
1281.0,0.3327
1282.0,0.3187
1283.0,0.3436
1284.0,0.3522
1285.0,0.3543
1286.0,0.358
1287.0,0.3544
1288.0,0.3538
1289.0,0.3464
1290.0,0.3504
1291.0,0.3546
1292.0,0.3403
1293.0,0.3495
1294.0,0.3475
1295.0,0.3475
1296.0,0.3365
1297.0,0.3222
1298.0,0.3392
1299.0,0.3493
1300.0,0.309
1301.0,0.3156
1302.0,0.3378
1303.0,0.3035
1304.0,0.2715
1305.0,0.332
1306.0,0.3327
1307.0,0.2731
1308.0,0.302
1309.0,0.331
1310.0,0.2684
1311.0,0.2924
1312.0,0.2865
1313.0,0.2829
1314.0,0.2579
1315.0,0.2573
1316.0,0.2898
1317.0,0.276
1318.0,0.2947
1319.0,0.2458
1320.0,0.2348
1321.0,0.2681
1322.0,0.2728
1323.0,0.2184
1324.0,0.241
1325.0,0.2862
1326.0,0.2539
1327.0,0.2443
1328.0,0.2149
1329.0,0.1725
1330.0,0.2186
1331.0,0.1464
1332.0,0.1461
1333.0,0.199
1334.0,0.1636
1335.0,0.2172
1336.0,0.1787
1337.0,0.1628
1338.0,0.1751
1339.0,0.1726
1340.0,0.1645
1341.0,0.1684
1342.0,0.1764
1343.0,0.1375
1344.0,0.08246
1345.0,0.1159
1346.0,0.07094
1347.0,0.07428
1348.0,0.008355
1349.0,0.02527
1350.0,0.02329
1351.0,0.009157
1352.0,0.003922
1353.0,0.0003675
1354.0,0.0008884
1355.0,2.274e-05
1356.0,0.0001903
1357.0,0.0002825
1358.0,2.573e-05
1359.0,7.323e-06
1360.0,1.576e-05
1361.0,1.082e-07
1362.0,7.087e-10
1363.0,2.474e-05
1364.0,1.175e-05
1365.0,6.156e-10
1366.0,8.594e-05
1367.0,3.337e-05
1368.0,3.048e-11
1369.0,4.738e-06
1370.0,3.275e-06
1371.0,3.027e-07
1372.0,1.871e-05
1373.0,0.0002053
1374.0,0.0006413
1375.0,0.001119
1376.0,0.0007862
1377.0,0.0003994
1378.0,0.003058
1379.0,0.0001742
1380.0,0.000308
1381.0,1.104e-05
1382.0,1.85e-05
1383.0,4.212e-07
1384.0,6.046e-06
1385.0,1.225e-05
1386.0,2.055e-05
1387.0,0.0007903
1388.0,1.85e-05
1389.0,0.001811
1390.0,0.001533
1391.0,0.00115
1392.0,9.224e-05
1393.0,0.0003847
1394.0,0.0003526
1395.0,4.588e-06
1396.0,1.241e-07
1397.0,0.0001815
1398.0,0.003504
1399.0,0.002253
1400.0,8.349e-08
1401.0,1.879e-07
1402.0,0.003858
1403.0,0.00525
1404.0,0.001674
1405.0,3.008e-06
1406.0,0.00494
1407.0,0.0004324
1408.0,0.003975
1409.0,0.001771
1410.0,0.001257
1411.0,0.004558
1412.0,0.005373
1413.0,0.0348
1414.0,0.0009664
1415.0,0.0005386
1416.0,0.04607
1417.0,0.01852
1418.0,0.0209
1419.0,0.003526
1420.0,0.01303
1421.0,0.01473
1422.0,0.05847
1423.0,0.01274
1424.0,0.02275
1425.0,0.03459
1426.0,0.03569
1427.0,0.05699
1428.0,0.008128
1429.0,0.04616
1430.0,0.07011
1431.0,0.07486
1432.0,0.006567
1433.0,0.05087
1434.0,0.02756
1435.0,0.03313
1436.0,0.05466
1437.0,0.04218
1438.0,0.02046
1439.0,0.07018
1440.0,0.05335
1441.0,0.04481
1442.0,0.04836
1443.0,0.05449
1444.0,0.07333
1445.0,0.06207
1446.0,0.02944
1447.0,0.04662
1448.0,0.1214
1449.0,0.1104
1450.0,0.03453
1451.0,0.01534
1452.0,0.07099
1453.0,0.09011
1454.0,0.1384
1455.0,0.07146
1456.0,0.0986
1457.0,0.1222
1458.0,0.1349
1459.0,0.1609
1460.0,0.08904
1461.0,0.09672
1462.0,0.134
1463.0,0.04923
1464.0,0.1512
1465.0,0.09264
1466.0,0.07421
1467.0,0.04413
1468.0,0.08473
1469.0,0.101
1470.0,0.05824
1471.0,0.02307
1472.0,0.05605
1473.0,0.07706
1474.0,0.1015
1475.0,0.1765
1476.0,0.07447
1477.0,0.07689
1478.0,0.06733
1479.0,0.1217
1480.0,0.06648
1481.0,0.1176
1482.0,0.06237
1483.0,0.1481
1484.0,0.1348
1485.0,0.1245
1486.0,0.124
1487.0,0.0651
1488.0,0.1002
1489.0,0.1797
1490.0,0.1647
1491.0,0.1807
1492.0,0.1602
1493.0,0.1726
1494.0,0.1877
1495.0,0.1688
1496.0,0.1597
1497.0,0.2033
1498.0,0.174
1499.0,0.1991
1500.0,0.2208
1501.0,0.2317
1502.0,0.1978
1503.0,0.1752
1504.0,0.1464
1505.0,0.1698
1506.0,0.2281
1507.0,0.2226
1508.0,0.2122
1509.0,0.1735
1510.0,0.2358
1511.0,0.2306
1512.0,0.2266
1513.0,0.2142
1514.0,0.2035
1515.0,0.2315
1516.0,0.2234
1517.0,0.221
1518.0,0.22
1519.0,0.2171
1520.0,0.2288
1521.0,0.2373
1522.0,0.2299
1523.0,0.2404
1524.0,0.2358
1525.0,0.2288
1526.0,0.2317
1527.0,0.2297
1528.0,0.2398
1529.0,0.2299
1530.0,0.2268
1531.0,0.2329
1532.0,0.2385
1533.0,0.2378
1534.0,0.2344
1535.0,0.2346
1536.0,0.2379
1537.0,0.2339
1538.0,0.2346
1539.0,0.2315
1540.0,0.2312
1541.0,0.2333
1542.0,0.232
1543.0,0.2352
1544.0,0.2336
1545.0,0.2366
1546.0,0.2338
1547.0,0.2298
1548.0,0.2297
1549.0,0.2313
1550.0,0.2299
1551.0,0.2318
1552.0,0.2308
1553.0,0.2284
1554.0,0.2267
1555.0,0.2271
1556.0,0.2271
1557.0,0.2297
1558.0,0.2284
1559.0,0.227
1560.0,0.2286
1561.0,0.2302
1562.0,0.2277
1563.0,0.2257
1564.0,0.2268
1565.0,0.2268
1566.0,0.224
1567.0,0.2242
1568.0,0.222
1569.0,0.223
1570.0,0.225
1571.0,0.2267
1572.0,0.2252
1573.0,0.2238
1574.0,0.2161
1575.0,0.2137
1576.0,0.2109
1577.0,0.2057
1578.0,0.2163
1579.0,0.2188
1580.0,0.2203
1581.0,0.217
1582.0,0.2124
1583.0,0.2136
1584.0,0.2164
1585.0,0.2185
1586.0,0.2162
1587.0,0.2126
1588.0,0.2057
1589.0,0.1992
1590.0,0.204
1591.0,0.2089
1592.0,0.2156
1593.0,0.2184
1594.0,0.2184
1595.0,0.2153
1596.0,0.2091
1597.0,0.2148
1598.0,0.2171
1599.0,0.2146
1600.0,0.213
1601.0,0.2103
1602.0,0.2112
1603.0,0.2128
1604.0,0.2112
1605.0,0.211
1606.0,0.2087
1607.0,0.2105
1608.0,0.2108
1609.0,0.2049
1610.0,0.2007
1611.0,0.2043
1612.0,0.2064
1613.0,0.2071
1614.0,0.2069
1615.0,0.2022
1616.0,0.1991
1617.0,0.2032
1618.0,0.2064
1619.0,0.2031
1620.0,0.1983
1621.0,0.2007
1622.0,0.2038
1623.0,0.2068
1624.0,0.2046
1625.0,0.2038
1626.0,0.2044
1627.0,0.2058
1628.0,0.2055
1629.0,0.2035
1630.0,0.2024
1631.0,0.2018
1632.0,0.2011
1633.0,0.1961
1634.0,0.1992
1635.0,0.198
1636.0,0.1953
1637.0,0.1927
1638.0,0.184
1639.0,0.1887
1640.0,0.1838
1641.0,0.1876
1642.0,0.1907
1643.0,0.1845
1644.0,0.1905
1645.0,0.1877
1646.0,0.1856
1647.0,0.1936
1648.0,0.1847
1649.0,0.1899
1650.0,0.1909
1651.0,0.1821
1652.0,0.19
1653.0,0.1911
1654.0,0.1846
1655.0,0.1911
1656.0,0.1895
1657.0,0.1902
1658.0,0.1914
1659.0,0.1903
1660.0,0.1919
1661.0,0.1913
1662.0,0.1874
1663.0,0.1898
1664.0,0.1886
1665.0,0.1815
1666.0,0.1597
1667.0,0.1798
1668.0,0.1832
1669.0,0.1849
1670.0,0.1872
1671.0,0.1826
1672.0,0.1798
1673.0,0.1837
1674.0,0.1812
1675.0,0.1781
1676.0,0.179
1677.0,0.1793
1678.0,0.1756
1679.0,0.1767
1680.0,0.1699
1681.0,0.166
1682.0,0.1735
1683.0,0.1772
1684.0,0.17
1685.0,0.1793
1686.0,0.1789
1687.0,0.1745
1688.0,0.1781
1689.0,0.1762
1690.0,0.1765
1691.0,0.1667
1692.0,0.1765
1693.0,0.1797
1694.0,0.1752
1695.0,0.1782
1696.0,0.1779
1697.0,0.1588
1698.0,0.1768
1699.0,0.1746
1700.0,0.1711
1702.0,0.1726
1705.0,0.1692
1710.0,0.1618
1715.0,0.162
1720.0,0.1598
1725.0,0.1521
1730.0,0.15
1735.0,0.1404
1740.0,0.1428
1745.0,0.1355
1750.0,0.1436
1755.0,0.1341
1760.0,0.1389
1765.0,0.1176
1770.0,0.1256
1775.0,0.1052
1780.0,0.09276
1785.0,0.07408
1790.0,0.08452
1795.0,0.05029
1800.0,0.03365
1805.0,0.0189
1810.0,0.01252
1815.0,0.005715
1820.0,0.001992
1825.0,0.002565
1830.0,2.61e-05
1835.0,2.419e-05
1840.0,5.235e-07
1845.0,4.069e-05
1850.0,2.096e-05
1855.0,2.163e-06
1860.0,4.474e-05
1865.0,7.572e-05
1870.0,6.721e-09
1875.0,1.076e-08
1880.0,0.000252
1885.0,0.0001554
1890.0,0.000682
1895.0,0.0003952
1900.0,5.398e-06
1905.0,3.381e-06
1910.0,9.899e-05
1915.0,7.095e-05
1920.0,0.001155
1925.0,0.001931
1930.0,0.001198
1935.0,0.00576
1940.0,0.004837
1945.0,0.01523
1950.0,0.02592
1955.0,0.02524
1960.0,0.03691
1965.0,0.04961
1970.0,0.06463
1975.0,0.07139
1980.0,0.07102
1985.0,0.07498
1990.0,0.07723
1995.0,0.08015
2000.0,0.08347
2005.0,0.07338
2010.0,0.09621
2015.0,0.08103
2020.0,0.08498
2025.0,0.09005
2030.0,0.08478
2035.0,0.08967
2040.0,0.08695
2045.0,0.08907
2050.0,0.08952
2055.0,0.08688
2060.0,0.08455
2065.0,0.0854
2070.0,0.08469
2075.0,0.08586
2080.0,0.08387
2085.0,0.08333
2090.0,0.0837
2095.0,0.08159
2100.0,0.0778
2105.0,0.08206
2110.0,0.07942
2115.0,0.0805
2120.0,0.07675
2125.0,0.0773
2130.0,0.07781
2135.0,0.07797
2140.0,0.07832
2145.0,0.07755
2150.0,0.07415
2155.0,0.07395
2160.0,0.07299
2165.0,0.06706
2170.0,0.07072
2175.0,0.06988
2180.0,0.07093
2185.0,0.06535
2190.0,0.06894
2195.0,0.06848
2200.0,0.06275
2205.0,0.06445
2210.0,0.06809
2215.0,0.06598
2220.0,0.0669
2225.0,0.06523
2230.0,0.06543
2235.0,0.06417
2240.0,0.06344
2245.0,0.06171
2250.0,0.06247
2255.0,0.05949
2260.0,0.0588
2265.0,0.05965
2270.0,0.05724
2275.0,0.05652
2280.0,0.05793
2285.0,0.05539
2290.0,0.0553
2295.0,0.0539
2300.0,0.05205
2305.0,0.05228
2310.0,0.05545
2315.0,0.05125
2320.0,0.04646
2325.0,0.04966
2330.0,0.05002
2335.0,0.05071
2340.0,0.04192
2345.0,0.04601
2350.0,0.03796
2355.0,0.04285
2360.0,0.04479
2365.0,0.04388
2370.0,0.0297
2375.0,0.04005
2380.0,0.03827
2385.0,0.02935
2390.0,0.03357
2395.0,0.03646
2400.0,0.03919
2405.0,0.03097
2410.0,0.03124
2415.0,0.02605
2420.0,0.02495
2425.0,0.03061
2430.0,0.03984
2435.0,0.01501
2440.0,0.03861
2445.0,0.02037
2450.0,0.0141
2455.0,0.02383
2460.0,0.03102
2465.0,0.02354
2470.0,0.01741
2475.0,0.0173
2480.0,0.009313
2485.0,0.007042
2490.0,0.004867
2495.0,0.004225
2500.0,0.008886
2505.0,0.002159
2510.0,0.003107
2515.0,0.0008841
2520.0,0.0008758
2525.0,0.0001049
2530.0,5.04e-06
2535.0,1.903e-06
2540.0,3.409e-06
2545.0,1.466e-09
2550.0,1.305e-11
2555.0,2.576e-08
2560.0,8.211e-10
2565.0,1.624e-12
2570.0,1.013e-15
2575.0,3.675e-23
2580.0,2.017e-18
2585.0,1.372e-28
2590.0,1.379e-25
2595.0,6.993e-29
2600.0,3.629e-23
2605.0,8.477e-30
2610.0,3.884e-28
2615.0,2.4810000000000003e-31
2620.0,1.109e-24
2625.0,4.422e-23
2630.0,2.43e-37
2635.0,9.211e-14
2640.0,4.3e-14
2645.0,8.55e-16
2650.0,2.544e-16
2655.0,6.994e-23
2660.0,2.233e-21
2665.0,1.602e-31
2670.0,0.0
2675.0,9.371e-31
2680.0,2.0470000000000003e-20
2685.0,3.659e-21
2690.0,6.833000000000001e-20
2695.0,9.049999999999999e-23
2700.0,1.087e-18
2705.0,1.457e-16
2710.0,8.902e-22
2715.0,1.187e-18
2720.0,7.085e-36
2725.0,4.328e-18
2730.0,5.354e-15
2735.0,5.779e-17
2740.0,2.443e-22
2745.0,7.284e-18
2750.0,4.244e-17
2755.0,1.135e-18
2760.0,1.897e-14
2765.0,1.27e-19
2770.0,2.431e-17
2775.0,1.239e-14
2780.0,3.376e-13
2785.0,3.097e-13
2790.0,1.25e-10
2795.0,7.565e-11
2800.0,1.021e-08
2805.0,2.001e-10
2810.0,3.05e-07
2815.0,9.811e-08
2820.0,2.876e-09
2825.0,5.488e-06
2830.0,4.782e-05
2835.0,8.894e-09
2840.0,2.715e-06
2845.0,0.0002303
2850.0,1.152e-05
2855.0,2.865e-06
2860.0,0.0001034
2865.0,0.0004969
2870.0,3.282e-05
2875.0,0.0008966
2880.0,0.0005116
2885.0,0.0009406
2890.0,0.0003688
2895.0,0.003723
2900.0,0.00127
2905.0,0.0002363
2910.0,0.003667
2915.0,0.001937
2920.0,0.003846
2925.0,0.001574
2930.0,0.007063
2935.0,0.007715
2940.0,0.002367
2945.0,0.002155
2950.0,0.006438
2955.0,0.002893
2960.0,0.005659
2965.0,0.008437
2970.0,0.0005612
2975.0,0.001318
2980.0,0.002026
2985.0,0.008078
2990.0,0.0109
2995.0,0.00522
3000.0,0.008603
3005.0,0.003665
3010.0,0.007579
3015.0,0.006567
3020.0,0.001059
3025.0,0.008196
3030.0,0.006775
3035.0,0.003057
3040.0,0.002601
3045.0,0.005071
3050.0,0.001449
3055.0,0.0005044
3060.0,0.006879
3065.0,0.003645
3070.0,0.002412
3075.0,0.006614
3080.0,0.004167
3085.0,0.002391
3090.0,0.003146
3095.0,0.001041
3100.0,0.00505
3105.0,0.001287
3110.0,0.001315
3115.0,0.002914
3120.0,0.01043
3125.0,0.003589
3130.0,0.006172
3135.0,0.01175
3140.0,0.003937
3145.0,0.003794
3150.0,0.007295
3155.0,0.006165
3160.0,0.009703
3165.0,0.01354
3170.0,0.01224
3175.0,0.00947
3180.0,0.01051
3185.0,0.008702
3190.0,0.004672
3195.0,0.003507
3200.0,0.0007154
3205.0,0.0005599
3210.0,0.0002728
3215.0,0.0008501
3220.0,0.002216
3225.0,0.0003314
3230.0,0.0005596
3235.0,0.007748
3240.0,0.004498
3245.0,0.0009905
3250.0,0.00306
3255.0,0.009992
3260.0,0.001653
3265.0,0.002976
3270.0,0.001659
3275.0,0.006426
3280.0,0.003361
3285.0,0.01077
3290.0,0.008824
3295.0,0.001549
3300.0,0.002084
3305.0,0.004448
3310.0,0.004508
3315.0,5.426e-05
3320.0,0.0001358
3325.0,0.004189
3330.0,0.004829
3335.0,0.009116
3340.0,0.003835
3345.0,0.004009
3350.0,0.008098
3355.0,0.004205
3360.0,0.005609
3365.0,0.007252
3370.0,0.004522
3375.0,0.008452
3380.0,0.005625
3385.0,0.00757
3390.0,0.009659
3395.0,0.009255
3400.0,0.01153
3405.0,0.004941
3410.0,0.00712
3415.0,0.00741
3420.0,0.01202
3425.0,0.00964
3430.0,0.008608
3435.0,0.01076
3440.0,0.008091
3445.0,0.01058
3450.0,0.01047
3455.0,0.008152
3460.0,0.01144
3465.0,0.009382
3470.0,0.01117
3475.0,0.01021
3480.0,0.01042
3485.0,0.01102
3490.0,0.009781
3495.0,0.0111
3500.0,0.01086
3505.0,0.01078
3510.0,0.01089
3515.0,0.0105
3520.0,0.01094
3525.0,0.01039
3530.0,0.01018
3535.0,0.008882
3540.0,0.008558
3545.0,0.008936
3550.0,0.009652
3555.0,0.008538
3560.0,0.009817
3565.0,0.009832
3570.0,0.007933
3575.0,0.008213
3580.0,0.009309
3585.0,0.008547
3590.0,0.008766
3595.0,0.008856
3600.0,0.009307
3605.0,0.009384
3610.0,0.008748
3615.0,0.00867
3620.0,0.01026
3625.0,0.00923
3630.0,0.009018
3635.0,0.009255
3640.0,0.01009
3645.0,0.009422
3650.0,0.00906
3655.0,0.009641
3660.0,0.009602
3665.0,0.009118
3670.0,0.007356
3675.0,0.004921
3680.0,0.007656
3685.0,0.008475
3690.0,0.008704
3695.0,0.00891
3700.0,0.009403
3705.0,0.009319
3710.0,0.008342
3715.0,0.00822
3720.0,0.009085
3725.0,0.009285
3730.0,0.008261
3735.0,0.007669
3740.0,0.007794
3745.0,0.00883
3750.0,0.008171
3755.0,0.007969
3760.0,0.007944
3765.0,0.007677
3770.0,0.008094
3775.0,0.008004
3780.0,0.0084
3785.0,0.007853
3790.0,0.007062
3795.0,0.007855
3800.0,0.00862
3805.0,0.008196
3810.0,0.007461
3815.0,0.007043
3820.0,0.008427
3825.0,0.008293
3830.0,0.008375
3835.0,0.006994
3840.0,0.007939
3845.0,0.007788
3850.0,0.007825
3855.0,0.007555
3860.0,0.007175
3865.0,0.007208
3870.0,0.006689
3875.0,0.006235
3880.0,0.006072
3885.0,0.006217
3890.0,0.006284
3895.0,0.006727
3900.0,0.007032
3905.0,0.007012
3910.0,0.006455
3915.0,0.006328
3920.0,0.006313
3925.0,0.006228
3930.0,0.006378
3935.0,0.006571
3940.0,0.006629
3945.0,0.006702
3950.0,0.006761
3955.0,0.006804
3960.0,0.006846
3965.0,0.006885
3970.0,0.006822
3975.0,0.00668
3980.0,0.006602
3985.0,0.006603
3990.0,0.006528
3995.0,0.006411
4000.0,0.006172
