interpolation:linear
wavelength,value
280.0,9.661999999999998e-22
280.5,3.113e-20
281.0,1.657e-19
281.5,5.268e-19
282.0,9.298e-19
282.5,2.308e-18
283.0,7.269e-18
283.5,1.181e-17
284.0,1.912e-16
284.5,5.533e-16
285.0,1.072e-15
285.5,5.182e-15
286.0,2.072e-14
286.5,9.183e-14
287.0,2.609e-13
287.5,9.941e-13
288.0,3.099e-12
288.5,9.646e-12
289.0,2.614e-11
289.5,7.985e-11
290.0,2.23e-10
290.5,4.565e-10
291.0,9.829e-10
291.5,2.827e-09
292.0,5.949e-09
292.5,8.522e-09
293.0,1.873e-08
293.5,4.698e-08
294.0,7.494e-08
294.5,9.886e-08
295.0,1.702e-07
295.5,3.787e-07
296.0,6.841e-07
296.5,9.873e-07
297.0,1.376e-06
297.5,3.892e-06
298.0,6.47e-06
298.5,6.819e-06
299.0,1.582e-05
299.5,2.905e-05
300.0,3.406e-05
300.5,5.303e-05
301.0,0.0001095
301.5,0.0002012
302.0,0.0001874
302.5,0.0003767
303.0,0.0007035
303.5,0.0009106
304.0,0.0008748
304.5,0.001382
305.0,0.00227
305.5,0.002734
306.0,0.002699
306.5,0.003471
307.0,0.005527
307.5,0.007864
308.0,0.0084
308.5,0.01026
309.0,0.01032
309.5,0.01232
310.0,0.01262
310.5,0.02064
311.0,0.02632
311.5,0.02558
312.0,0.02646
312.5,0.03293
313.0,0.03614
313.5,0.03473
314.0,0.04459
314.5,0.04095
315.0,0.05416
315.5,0.04456
316.0,0.04004
316.5,0.0589
317.0,0.07311
317.5,0.07559
318.0,0.05995
318.5,0.07679
319.0,0.09257
319.5,0.07362
320.0,0.08865
320.5,0.1145
321.0,0.1049
321.5,0.1008
322.0,0.1043
322.5,0.09093
323.0,0.09236
323.5,0.1155
324.0,0.1353
324.5,0.1363
325.0,0.1167
325.5,0.1525
326.0,0.1872
326.5,0.1893
327.0,0.1881
327.5,0.1809
328.0,0.1591
328.5,0.1698
329.0,0.2059
329.5,0.2347
330.0,0.2361
330.5,0.1873
331.0,0.1902
331.5,0.1948
332.0,0.2127
332.5,0.2114
333.0,0.2103
333.5,0.1889
334.0,0.1934
334.5,0.2252
335.0,0.2127
335.5,0.2486
336.0,0.1721
336.5,0.201
337.0,0.1644
337.5,0.2043
338.0,0.2009
338.5,0.2323
339.0,0.2301
339.5,0.2214
340.0,0.26
340.5,0.2346
341.0,0.229
341.5,0.2105
342.0,0.2517
342.5,0.2356
343.0,0.2591
343.5,0.244
344.0,0.1803
344.5,0.1822
345.0,0.2414
345.5,0.2467
346.0,0.2098
346.5,0.2377
347.0,0.2552
347.5,0.2064
348.0,0.2356
348.5,0.2356
349.0,0.2187
349.5,0.2167
350.0,0.2681
350.5,0.2829
351.0,0.2528
351.5,0.2456
352.0,0.264
352.5,0.2062
353.0,0.26
353.5,0.2781
354.0,0.2889
354.5,0.293
355.0,0.2921
355.5,0.2641
356.0,0.2765
356.5,0.2362
357.0,0.1952
357.5,0.239
358.0,0.1895
358.5,0.162
359.0,0.2267
359.5,0.2889
360.0,0.3063
360.5,0.245
361.0,0.2235
361.5,0.2575
362.0,0.2229
362.5,0.3087
363.0,0.2775
363.5,0.2557
364.0,0.313
364.5,0.2676
365.0,0.2727
365.5,0.3424
366.0,0.363
366.5,0.3413
367.0,0.3325
367.5,0.3452
368.0,0.3023
368.5,0.3052
369.0,0.3297
369.5,0.3516
370.0,0.3751
370.5,0.2912
371.0,0.3114
371.5,0.3897
372.0,0.2588
372.5,0.3104
373.0,0.3159
373.5,0.2057
374.0,0.299
374.5,0.2478
375.0,0.2409
375.5,0.3598
376.0,0.2984
376.5,0.3094
377.0,0.3277
377.5,0.3836
378.0,0.4159
378.5,0.3933
379.0,0.3246
379.5,0.2966
380.0,0.3085
380.5,0.3739
381.0,0.3749
381.5,0.2974
382.0,0.2643
382.5,0.2255
383.0,0.2089
383.5,0.2013
384.0,0.2221
384.5,0.3269
385.0,0.3243
385.5,0.3022
386.0,0.259
386.5,0.3404
387.0,0.2829
387.5,0.3179
388.0,0.2937
388.5,0.2904
389.0,0.3136
389.5,0.3801
390.0,0.3816
390.5,0.3514
391.0,0.4138
391.5,0.4222
392.0,0.3558
392.5,0.3187
393.0,0.1774
393.5,0.129
394.0,0.2627
394.5,0.3341
395.0,0.4079
395.5,0.4145
396.0,0.3595
396.5,0.2103
397.0,0.1579
397.5,0.3213
398.0,0.45
398.5,0.4653
399.0,0.5042
399.5,0.5027
400.0,0.5221
401.0,0.5283
402.0,0.5579
403.0,0.5305
404.0,0.5227
405.0,0.523
406.0,0.515
407.0,0.5072
408.0,0.5272
409.0,0.5647
410.0,0.4938
411.0,0.5353
412.0,0.5756
413.0,0.5615
414.0,0.5689
415.0,0.5709
416.0,0.5814
417.0,0.5674
418.0,0.5573
419.0,0.565
420.0,0.5628
421.0,0.5892
422.0,0.5604
423.0,0.5477
424.0,0.5795
425.0,0.5789
426.0,0.5644
427.0,0.5542
428.0,0.5401
429.0,0.5121
430.0,0.4485
431.0,0.4446
432.0,0.5745
433.0,0.578
434.0,0.5368
435.0,0.5608
436.0,0.6325
437.0,0.6245
438.0,0.569
439.0,0.5883
440.0,0.6074
441.0,0.6299
442.0,0.6758
443.0,0.6582
444.0,0.6729
445.0,0.6584
446.0,0.629
447.0,0.6806
448.0,0.691
449.0,0.6945
450.0,0.7143
451.0,0.741
452.0,0.7143
453.0,0.6721
454.0,0.7021
455.0,0.7066
456.0,0.7236
457.0,0.7358
458.0,0.7105
459.0,0.7071
460.0,0.7089
461.0,0.7254
462.0,0.7315
463.0,0.7265
464.0,0.7151
465.0,0.7067
466.0,0.714
467.0,0.7008
468.0,0.7092
469.0,0.713
470.0,0.6902
471.0,0.6895
472.0,0.7265
473.0,0.7172
474.0,0.7179
475.0,0.7237
476.0,0.7015
477.0,0.7032
478.0,0.7229
479.0,0.7188
480.0,0.7205
481.0,0.7345
482.0,0.7389
483.0,0.7305
484.0,0.7159
485.0,0.6824
486.0,0.5969
487.0,0.6259
488.0,0.6867
489.0,0.6887
490.0,0.7248
491.0,0.7126
492.0,0.673
493.0,0.6952
494.0,0.7022
495.0,0.7083
496.0,0.7127
497.0,0.7237
498.0,0.6898
499.0,0.6985
500.0,0.6779
501.0,0.6651
502.0,0.6552
503.0,0.6811
504.0,0.6619
505.0,0.6872
506.0,0.7094
507.0,0.6751
508.0,0.6547
509.0,0.6736
510.0,0.6704
511.0,0.6888
512.0,0.6965
513.0,0.6593
514.0,0.655
515.0,0.6485
516.0,0.6468
517.0,0.5749
518.0,0.6043
519.0,0.6339
520.0,0.6568
521.0,0.663
522.0,0.6634
523.0,0.6514
524.0,0.6744
525.0,0.6818
526.0,0.6511
527.0,0.6132
528.0,0.6482
529.0,0.683
530.0,0.673
531.0,0.6828
532.0,0.6593
533.0,0.64
534.0,0.6591
535.0,0.6737
536.0,0.6801
537.0,0.6535
538.0,0.6651
539.0,0.6595
540.0,0.6322
541.0,0.6358
542.0,0.6555
543.0,0.649
544.0,0.6598
545.0,0.6578
546.0,0.6603
547.0,0.6604
548.0,0.6527
549.0,0.6548
550.0,0.6627
551.0,0.6547
552.0,0.6593
553.0,0.6474
554.0,0.6628
555.0,0.664
556.0,0.6553
557.0,0.6347
558.0,0.6297
559.0,0.6176
560.0,0.6251
561.0,0.6329
562.0,0.628
563.0,0.6447
564.0,0.6268
565.0,0.6211
566.0,0.6117
567.0,0.6229
568.0,0.6163
569.0,0.5996
570.0,0.5997
571.0,0.5966
572.0,0.6096
573.0,0.6159
574.0,0.6136
575.0,0.6017
576.0,0.5963
577.0,0.603
578.0,0.5945
579.0,0.5978
580.0,0.6106
581.0,0.6148
582.0,0.6275
583.0,0.6298
584.0,0.6358
585.0,0.6206
586.0,0.6079
587.0,0.6206
588.0,0.603
589.0,0.5293
590.0,0.554
591.0,0.5891
592.0,0.58
593.0,0.5908
594.0,0.5857
595.0,0.5695
596.0,0.5959
597.0,0.5885
598.0,0.5882
599.0,0.5893
600.0,0.5912
601.0,0.5871
602.0,0.5832
603.0,0.5932
604.0,0.6033
605.0,0.6004
606.0,0.5983
607.0,0.6048
608.0,0.5985
609.0,0.5999
610.0,0.5961
611.0,0.5994
612.0,0.5979
613.0,0.5906
614.0,0.5829
615.0,0.596
616.0,0.5767
617.0,0.5757
618.0,0.5981
619.0,0.5921
620.0,0.5959
621.0,0.5961
622.0,0.5888
623.0,0.5796
624.0,0.5699
625.0,0.5687
626.0,0.577
627.0,0.5825
628.0,0.5329
629.0,0.5649
630.0,0.5515
631.0,0.5677
632.0,0.5616
633.0,0.5803
634.0,0.5759
635.0,0.5855
636.0,0.5784
637.0,0.5884
638.0,0.595
639.0,0.5887
640.0,0.5836
641.0,0.5836
642.0,0.5814
643.0,0.5893
644.0,0.5878
645.0,0.5885
646.0,0.5734
647.0,0.5636
648.0,0.564
649.0,0.5528
650.0,0.5594
651.0,0.5844
652.0,0.556
653.0,0.5768
654.0,0.5708
655.0,0.5475
656.0,0.4867
657.0,0.5
658.0,0.5615
659.0,0.5661
660.0,0.5687
661.0,0.5728
662.0,0.5732
663.0,0.5622
664.0,0.57
665.0,0.5713
666.0,0.5721
667.0,0.572
668.0,0.5727
669.0,0.5819
670.0,0.5795
671.0,0.5796
672.0,0.5748
673.0,0.5837
674.0,0.5817
675.0,0.5765
676.0,0.5807
677.0,0.575
678.0,0.5768
679.0,0.5677
680.0,0.5723
681.0,0.5686
682.0,0.5679
683.0,0.5668
684.0,0.564
685.0,0.569
686.0,0.5654
687.0,0.3284
688.0,0.4062
689.0,0.4084
690.0,0.4358
691.0,0.4674
692.0,0.4915
693.0,0.4869
694.0,0.4834
695.0,0.5093
696.0,0.5102
697.0,0.5485
698.0,0.5398
699.0,0.5222
700.0,0.5157
701.0,0.5088
702.0,0.5141
703.0,0.5153
704.0,0.5347
705.0,0.5355
706.0,0.5361
707.0,0.5369
708.0,0.538
709.0,0.5406
710.0,0.5396
711.0,0.5395
712.0,0.5388
713.0,0.5325
714.0,0.5348
715.0,0.516
716.0,0.5158
717.0,0.4302
718.0,0.3931
719.0,0.3587
720.0,0.3741
721.0,0.4231
722.0,0.4949
723.0,0.4552
724.0,0.4036
725.0,0.3949
726.0,0.4141
727.0,0.4243
728.0,0.3931
729.0,0.4139
730.0,0.4371
731.0,0.4168
732.0,0.4522
733.0,0.4847
734.0,0.498
735.0,0.4867
736.0,0.486
737.0,0.4879
738.0,0.4998
739.0,0.49
740.0,0.5041
741.0,0.4999
742.0,0.5012
743.0,0.5142
744.0,0.5132
745.0,0.5138
746.0,0.5161
747.0,0.5173
748.0,0.5163
749.0,0.5104
750.0,0.5102
751.0,0.505
752.0,0.5073
753.0,0.5099
754.0,0.511
755.0,0.5081
756.0,0.508
757.0,0.5087
758.0,0.5023
759.0,0.4893
760.0,0.04534
761.0,0.01934
762.0,0.2019
763.0,0.07964
764.0,0.1373
765.0,0.2017
766.0,0.2689
767.0,0.3627
768.0,0.4385
769.0,0.4524
770.0,0.4731
771.0,0.4792
772.0,0.481
773.0,0.4846
774.0,0.4824
775.0,0.4788
776.0,0.4847
777.0,0.4784
778.0,0.4754
779.0,0.4758
780.0,0.4732
781.0,0.4737
782.0,0.4767
783.0,0.4685
784.0,0.4709
785.0,0.4672
786.0,0.4721
787.0,0.4618
788.0,0.455
789.0,0.4547
790.0,0.4396
791.0,0.4464
792.0,0.4435
793.0,0.436
794.0,0.4465
795.0,0.4533
796.0,0.4352
797.0,0.4355
798.0,0.4522
799.0,0.4486
800.0,0.4398
801.0,0.4375
802.0,0.4362
803.0,0.4324
804.0,0.4335
805.0,0.4333
806.0,0.4475
807.0,0.4416
808.0,0.4422
809.0,0.4324
810.0,0.4278
811.0,0.4261
812.0,0.4112
813.0,0.4012
814.0,0.3446
815.0,0.3429
816.0,0.3182
817.0,0.3247
818.0,0.3106
819.0,0.3545
820.0,0.3312
821.0,0.3976
822.0,0.3845
823.0,0.2455
824.0,0.3695
825.0,0.3905
826.0,0.3724
827.0,0.3964
828.0,0.3263
829.0,0.3708
830.0,0.3651
831.0,0.3665
832.0,0.3535
833.0,0.3808
834.0,0.3641
835.0,0.4072
836.0,0.3851
837.0,0.4085
838.0,0.3935
839.0,0.4029
840.0,0.4123
841.0,0.4054
842.0,0.4079
843.0,0.4093
844.0,0.4027
845.0,0.4175
846.0,0.4159
847.0,0.4087
848.0,0.4054
849.0,0.3939
850.0,0.3775
851.0,0.3989
852.0,0.3964
853.0,0.3822
854.0,0.3295
855.0,0.3627
856.0,0.3961
857.0,0.4054
858.0,0.4022
859.0,0.4029
860.0,0.4038
861.0,0.4015
862.0,0.408
863.0,0.4176
864.0,0.3968
865.0,0.3934
866.0,0.3537
867.0,0.3691
868.0,0.4017
869.0,0.3934
870.0,0.4046
871.0,0.3991
872.0,0.3978
873.0,0.397
874.0,0.3923
875.0,0.3843
876.0,0.3882
877.0,0.3922
878.0,0.3963
879.0,0.3903
880.0,0.3819
881.0,0.3758
882.0,0.3838
883.0,0.3854
884.0,0.3835
885.0,0.3864
886.0,0.3669
887.0,0.3718
888.0,0.3767
889.0,0.3821
890.0,0.3775
891.0,0.3776
892.0,0.3648
893.0,0.3515
894.0,0.3351
895.0,0.3115
896.0,0.2919
897.0,0.2447
898.0,0.2702
899.0,0.1985
900.0,0.2805
901.0,0.2081
902.0,0.2536
903.0,0.2529
904.0,0.3325
905.0,0.3191
906.0,0.297
907.0,0.2317
908.0,0.238
909.0,0.2618
910.0,0.2239
911.0,0.244
912.0,0.256
913.0,0.2268
914.0,0.2264
915.0,0.2452
916.0,0.2062
917.0,0.2694
918.0,0.2108
919.0,0.2767
920.0,0.2847
921.0,0.2962
922.0,0.2591
923.0,0.2866
924.0,0.2644
925.0,0.2589
926.0,0.2611
927.0,0.2979
928.0,0.2025
929.0,0.1806
930.0,0.1353
931.0,0.1287
932.0,0.08592
933.0,0.06671
934.0,0.03025
935.0,0.07079
936.0,0.04004
937.0,0.04028
938.0,0.05106
939.0,0.1246
940.0,0.1548
941.0,0.1104
942.0,0.1315
943.0,0.08152
944.0,0.09071
945.0,0.1152
946.0,0.05207
947.0,0.1139
948.0,0.08298
949.0,0.159
950.0,0.03495
951.0,0.1577
952.0,0.07633
953.0,0.1041
954.0,0.134
955.0,0.106
956.0,0.108
957.0,0.07583
958.0,0.1609
959.0,0.1203
960.0,0.1348
961.0,0.1573
962.0,0.1483
963.0,0.1762
964.0,0.1598
965.0,0.1757
966.0,0.1747
967.0,0.1733
968.0,0.2522
969.0,0.2609
970.0,0.2375
971.0,0.2805
972.0,0.2666
973.0,0.2233
974.0,0.211
975.0,0.2222
976.0,0.2061
977.0,0.2444
978.0,0.228
979.0,0.2414
980.0,0.2256
981.0,0.2792
982.0,0.2637
983.0,0.2514
984.0,0.2915
985.0,0.2626
986.0,0.2991
987.0,0.2904
988.0,0.29
989.0,0.2997
990.0,0.2882
991.0,0.3003
992.0,0.3023
993.0,0.2928
994.0,0.3025
995.0,0.3025
996.0,0.3008
997.0,0.3014
998.0,0.2998
999.0,0.2989
1000.0,0.2961
1001.0,0.3005
1002.0,0.2896
1003.0,0.2951
1004.0,0.2871
1005.0,0.2776
1006.0,0.2879
1007.0,0.2943
1008.0,0.2922
1009.0,0.2901
1010.0,0.2886
1011.0,0.2929
1012.0,0.2898
1013.0,0.2923
1014.0,0.2903
1015.0,0.2883
1016.0,0.2869
1017.0,0.2875
1018.0,0.2868
1019.0,0.2797
1020.0,0.2851
1021.0,0.2849
1022.0,0.2823
1023.0,0.2852
1024.0,0.2805
1025.0,0.2854
1026.0,0.2839
1027.0,0.2833
1028.0,0.2826
1029.0,0.2792
1030.0,0.2815
1031.0,0.2802
1032.0,0.2795
1033.0,0.2753
1034.0,0.2753
1035.0,0.2762
1036.0,0.2775
1037.0,0.273
1038.0,0.2742
1039.0,0.274
1040.0,0.2728
1041.0,0.2738
1042.0,0.2719
1043.0,0.271
1044.0,0.2719
1045.0,0.2681
1046.0,0.2651
1047.0,0.2674
1048.0,0.2688
1049.0,0.2678
1050.0,0.2664
1051.0,0.266
1052.0,0.2648
1053.0,0.2625
1054.0,0.263
1055.0,0.263
1056.0,0.2619
1057.0,0.2609
1058.0,0.2544
1059.0,0.2545
1060.0,0.254
1061.0,0.2536
1062.0,0.2548
1063.0,0.2521
1064.0,0.2552
1065.0,0.2529
1066.0,0.2482
1067.0,0.2513
1068.0,0.2456
1069.0,0.2382
1070.0,0.246
1071.0,0.2508
1072.0,0.2472
1073.0,0.2438
1074.0,0.2511
1075.0,0.2357
1076.0,0.2507
1077.0,0.2447
1078.0,0.2394
1079.0,0.2472
1080.0,0.241
1081.0,0.2319
1082.0,0.2379
1083.0,0.2393
1084.0,0.2307
1085.0,0.2418
1086.0,0.2168
1087.0,0.2264
1088.0,0.2386
1089.0,0.2286
1090.0,0.2222
1091.0,0.2371
1092.0,0.237
1093.0,0.1938
1094.0,0.216
1095.0,0.2025
1096.0,0.1919
1097.0,0.2316
1098.0,0.1879
1099.0,0.1971
1100.0,0.1804
1101.0,0.1836
1102.0,0.1734
1103.0,0.1703
1104.0,0.1707
1105.0,0.192
1106.0,0.1353
1107.0,0.1801
1108.0,0.1458
1109.0,0.1474
1110.0,0.1774
1111.0,0.1113
1112.0,0.1468
1113.0,0.08448
1114.0,0.09503
1115.0,0.07824
1116.0,0.05752
1117.0,0.01648
1118.0,0.06399
1119.0,0.02766
1120.0,0.03433
1121.0,0.04784
1122.0,0.01683
1123.0,0.03121
1124.0,0.02628
1125.0,0.0353
1126.0,0.009168
1127.0,0.04013
1128.0,0.02045
1129.0,0.02209
1130.0,0.01361
1131.0,0.08551
1132.0,0.06525
1133.0,0.03628
1134.0,0.006952
1135.0,0.002757
1136.0,0.02854
1137.0,0.08207
1138.0,0.05692
1139.0,0.09566
1140.0,0.07578
1141.0,0.05421
1142.0,0.06438
1143.0,0.09603
1144.0,0.02872
1145.0,0.03503
1146.0,0.03772
1147.0,0.01016
1148.0,0.08267
1149.0,0.06294
1150.0,0.0317
1151.0,0.05645
1152.0,0.07316
1153.0,0.0742
1154.0,0.0339
1155.0,0.09961
1156.0,0.08752
1157.0,0.1023
1158.0,0.101
1159.0,0.1115
1160.0,0.09291
1161.0,0.1205
1162.0,0.1205
1163.0,0.1734
1164.0,0.1449
1165.0,0.1329
1166.0,0.135
1167.0,0.1489
1168.0,0.1496
1169.0,0.1543
1170.0,0.1709
1171.0,0.1665
1172.0,0.1715
1173.0,0.1706
1174.0,0.1143
1175.0,0.1684
1176.0,0.1894
1177.0,0.1789
1178.0,0.1287
1179.0,0.191
1180.0,0.1659
1181.0,0.1714
1182.0,0.112
1183.0,0.1698
1184.0,0.157
1185.0,0.1496
1186.0,0.1837
1187.0,0.173
1188.0,0.113
1189.0,0.1608
1190.0,0.1799
1191.0,0.1669
1192.0,0.1828
1193.0,0.1738
1194.0,0.18
1195.0,0.1676
1196.0,0.1599
1197.0,0.1813
1198.0,0.1644
1199.0,0.1344
1200.0,0.1715
1201.0,0.1634
1202.0,0.164
1203.0,0.1619
1204.0,0.1391
1205.0,0.1694
1206.0,0.1899
1207.0,0.1628
1208.0,0.1619
1209.0,0.1656
1210.0,0.1738
1211.0,0.1635
1212.0,0.1587
1213.0,0.1823
1214.0,0.1637
1215.0,0.1602
1216.0,0.1819
1217.0,0.1761
1218.0,0.1804
1219.0,0.1776
1220.0,0.1807
1221.0,0.1831
1222.0,0.1778
1223.0,0.1757
1224.0,0.1736
1225.0,0.1818
1226.0,0.1838
1227.0,0.1667
1228.0,0.1853
1229.0,0.1838
1230.0,0.1801
1231.0,0.1871
1232.0,0.1859
1233.0,0.1771
1234.0,0.1874
1235.0,0.1859
1236.0,0.1875
1237.0,0.1839
1238.0,0.1869
1239.0,0.1845
1240.0,0.1853
1241.0,0.1838
1242.0,0.184
1243.0,0.1825
1244.0,0.1836
1245.0,0.1845
1246.0,0.1835
1247.0,0.1826
1248.0,0.1822
1249.0,0.183
1250.0,0.1817
1251.0,0.179
1252.0,0.1795
1253.0,0.1772
1254.0,0.1748
1255.0,0.1791
1256.0,0.1725
1257.0,0.1712
1258.0,0.1757
1259.0,0.1669
1260.0,0.1681
1261.0,0.1557
1262.0,0.1494
1263.0,0.1496
1264.0,0.1346
1265.0,0.1487
1266.0,0.141
1267.0,0.145
1268.0,0.1352
1269.0,0.07009
1270.0,0.1439
1271.0,0.1555
1272.0,0.1564
1273.0,0.1544
1274.0,0.1553
1275.0,0.1581
1276.0,0.1602
1277.0,0.162
1278.0,0.1664
1279.0,0.1647
1280.0,0.1628
1281.0,0.1559
1282.0,0.1511
1283.0,0.1626
1284.0,0.1663
1285.0,0.1675
1286.0,0.1703
1287.0,0.1667
1288.0,0.1669
1289.0,0.1598
1290.0,0.1656
1291.0,0.1682
1292.0,0.1546
1293.0,0.1642
1294.0,0.1628
1295.0,0.161
1296.0,0.1516
1297.0,0.1418
1298.0,0.156
1299.0,0.1647
1300.0,0.1339
1301.0,0.139
1302.0,0.1556
1303.0,0.1327
1304.0,0.1081
1305.0,0.1521
1306.0,0.1516
1307.0,0.1123
1308.0,0.1338
1309.0,0.1497
1310.0,0.1098
1311.0,0.1271
1312.0,0.1229
1313.0,0.1194
1314.0,0.1051
1315.0,0.1025
1316.0,0.1241
1317.0,0.1169
1318.0,0.1292
1319.0,0.0949
1320.0,0.09324
1321.0,0.1107
1322.0,0.1107
1323.0,0.07837
1324.0,0.0933
1325.0,0.1218
1326.0,0.1014
1327.0,0.09589
1328.0,0.08101
1329.0,0.05654
1330.0,0.0758
1331.0,0.04102
1332.0,0.04383
1333.0,0.06195
1334.0,0.05533
1335.0,0.07779
1336.0,0.05886
1337.0,0.05107
1338.0,0.05507
1339.0,0.05551
1340.0,0.05537
1341.0,0.05082
1342.0,0.05375
1343.0,0.03083
1344.0,0.01896
1345.0,0.02721
1346.0,0.01054
1347.0,0.01022
1348.0,0.0003856
1349.0,0.001592
1350.0,0.001825
1351.0,0.0002693
1352.0,3.929e-05
1353.0,1.189e-06
1354.0,6.052e-06
1355.0,1.508e-08
1356.0,5.682e-07
1357.0,8.675e-07
1358.0,1.871e-08
1359.0,1.001e-09
1360.0,6.241e-09
1361.0,1.645e-12
1362.0,3.312e-15
1363.0,5.885e-09
1364.0,2.562e-09
1365.0,9.001e-16
1366.0,3.191e-08
1367.0,1.677e-08
1368.0,6.168e-18
1369.0,9.397e-10
1370.0,3.288e-10
1371.0,1.346e-11
1372.0,9.448e-09
1373.0,3.363e-07
1374.0,2.375e-06
1375.0,3.965e-06
1376.0,5.596e-06
1377.0,2.366e-06
1378.0,2.589e-05
1379.0,1.003e-06
1380.0,1.069e-06
1381.0,2.335e-08
1382.0,7.596e-09
1383.0,8.999e-11
1384.0,9.036e-10
1385.0,1.139e-08
1386.0,5.138e-09
1387.0,1.767e-06
1388.0,4.071e-08
1389.0,1.012e-05
1390.0,8.38e-06
1391.0,5.319e-06
1392.0,3.242e-07
1393.0,2.119e-06
1394.0,5.154e-07
1395.0,2.633e-09
1396.0,2.66e-12
1397.0,7.177e-07
1398.0,2.717e-05
1399.0,1.778e-05
1400.0,8.468e-13
1401.0,5.377e-12
1402.0,9.663e-05
1403.0,0.0001059
1404.0,3.023e-05
1405.0,9.265e-10
1406.0,6.233e-05
1407.0,7.154e-06
1408.0,5.344e-05
1409.0,1.252e-05
1410.0,1.363e-05
1411.0,9.591e-05
1412.0,0.000154
1413.0,0.002484
1414.0,1.136e-05
1415.0,4.67e-06
1416.0,0.005707
1417.0,0.001287
1418.0,0.001311
1419.0,0.00019
1420.0,0.0007924
1421.0,0.0009182
1422.0,0.007495
1423.0,0.001358
1424.0,0.002705
1425.0,0.003667
1426.0,0.004826
1427.0,0.01027
1428.0,0.000342
1429.0,0.006882
1430.0,0.01388
1431.0,0.0158
1432.0,0.0002637
1433.0,0.009344
1434.0,0.004414
1435.0,0.003333
1436.0,0.008032
1437.0,0.006228
1438.0,0.002203
1439.0,0.01159
1440.0,0.008787
1441.0,0.005758
1442.0,0.006315
1443.0,0.009367
1444.0,0.01407
1445.0,0.00956
1446.0,0.003879
1447.0,0.006437
1448.0,0.03153
1449.0,0.02604
1450.0,0.004903
1451.0,0.001744
1452.0,0.01401
1453.0,0.01918
1454.0,0.03985
1455.0,0.01625
1456.0,0.0211
1457.0,0.03191
1458.0,0.04177
1459.0,0.04893
1460.0,0.02338
1461.0,0.02237
1462.0,0.0366
1463.0,0.009896
1464.0,0.04688
1465.0,0.02746
1466.0,0.01468
1467.0,0.006575
1468.0,0.01838
1469.0,0.02433
1470.0,0.009169
1471.0,0.003143
1472.0,0.008687
1473.0,0.01595
1474.0,0.02742
1475.0,0.05872
1476.0,0.01692
1477.0,0.01626
1478.0,0.01676
1479.0,0.0352
1480.0,0.01403
1481.0,0.03267
1482.0,0.01483
1483.0,0.0448
1484.0,0.04366
1485.0,0.03733
1486.0,0.03533
1487.0,0.01343
1488.0,0.02835
1489.0,0.06322
1490.0,0.0593
1491.0,0.06974
1492.0,0.05219
1493.0,0.05984
1494.0,0.07109
1495.0,0.06209
1496.0,0.05726
1497.0,0.08642
1498.0,0.06684
1499.0,0.07981
1500.0,0.09599
1501.0,0.1005
1502.0,0.0842
1503.0,0.06823
1504.0,0.0523
1505.0,0.06569
1506.0,0.102
1507.0,0.09723
1508.0,0.09273
1509.0,0.06629
1510.0,0.1067
1511.0,0.1018
1512.0,0.1021
1513.0,0.09054
1514.0,0.08339
1515.0,0.1053
1516.0,0.1001
1517.0,0.09658
1518.0,0.09675
1519.0,0.0936
1520.0,0.1025
1521.0,0.1122
1522.0,0.1049
1523.0,0.1141
1524.0,0.1095
1525.0,0.1033
1526.0,0.1052
1527.0,0.1046
1528.0,0.1134
1529.0,0.1068
1530.0,0.1045
1531.0,0.1078
1532.0,0.1136
1533.0,0.1139
1534.0,0.1117
1535.0,0.1107
1536.0,0.1133
1537.0,0.1105
1538.0,0.1123
1539.0,0.1101
1540.0,0.1108
1541.0,0.1116
1542.0,0.1101
1543.0,0.1124
1544.0,0.1108
1545.0,0.1134
1546.0,0.1113
1547.0,0.11
1548.0,0.11
1549.0,0.1111
1550.0,0.1102
1551.0,0.111
1552.0,0.1099
1553.0,0.1095
1554.0,0.1085
1555.0,0.1089
1556.0,0.1088
1557.0,0.1102
1558.0,0.1095
1559.0,0.1088
1560.0,0.1096
1561.0,0.1103
1562.0,0.1088
1563.0,0.108
1564.0,0.1084
1565.0,0.1088
1566.0,0.1072
1567.0,0.1075
1568.0,0.1063
1569.0,0.107
1570.0,0.1079
1571.0,0.1087
1572.0,0.108
1573.0,0.1072
1574.0,0.1033
1575.0,0.102
1576.0,0.1003
1577.0,0.09772
1578.0,0.1025
1579.0,0.1032
1580.0,0.1042
1581.0,0.1026
1582.0,0.1006
1583.0,0.101
1584.0,0.1031
1585.0,0.1043
1586.0,0.103
1587.0,0.1013
1588.0,0.09869
1589.0,0.09564
1590.0,0.0977
1591.0,0.1001
1592.0,0.1029
1593.0,0.1047
1594.0,0.1044
1595.0,0.1032
1596.0,0.1001
1597.0,0.1025
1598.0,0.1041
1599.0,0.1029
1600.0,0.1023
1601.0,0.1008
1602.0,0.101
1603.0,0.1022
1604.0,0.1014
1605.0,0.1013
1606.0,0.1002
1607.0,0.1011
1608.0,0.1009
1609.0,0.09831
1610.0,0.09626
1611.0,0.09793
1612.0,0.09911
1613.0,0.09919
1614.0,0.09925
1615.0,0.09704
1616.0,0.09551
1617.0,0.09729
1618.0,0.09907
1619.0,0.09708
1620.0,0.09519
1621.0,0.09625
1622.0,0.09775
1623.0,0.0992
1624.0,0.09796
1625.0,0.09758
1626.0,0.09779
1627.0,0.09858
1628.0,0.09824
1629.0,0.09746
1630.0,0.09683
1631.0,0.09611
1632.0,0.09598
1633.0,0.09271
1634.0,0.09527
1635.0,0.09343
1636.0,0.09298
1637.0,0.09212
1638.0,0.08588
1639.0,0.09011
1640.0,0.08518
1641.0,0.08934
1642.0,0.09132
1643.0,0.08478
1644.0,0.09137
1645.0,0.08794
1646.0,0.08506
1647.0,0.09279
1648.0,0.08484
1649.0,0.09024
1650.0,0.09102
1651.0,0.0827
1652.0,0.08984
1653.0,0.09094
1654.0,0.08486
1655.0,0.09097
1656.0,0.08896
1657.0,0.08985
1658.0,0.09144
1659.0,0.09067
1660.0,0.09149
1661.0,0.09091
1662.0,0.08797
1663.0,0.09071
1664.0,0.08974
1665.0,0.08358
1666.0,0.0644
1667.0,0.0828
1668.0,0.08704
1669.0,0.08756
1670.0,0.08941
1671.0,0.0866
1672.0,0.08579
1673.0,0.08792
1674.0,0.08554
1675.0,0.08433
1676.0,0.08513
1677.0,0.08481
1678.0,0.08189
1679.0,0.08454
1680.0,0.08099
1681.0,0.07801
1682.0,0.08302
1683.0,0.08481
1684.0,0.07642
1685.0,0.08579
1686.0,0.08552
1687.0,0.08147
1688.0,0.08492
1689.0,0.08401
1690.0,0.08357
1691.0,0.07426
1692.0,0.08306
1693.0,0.08597
1694.0,0.08192
1695.0,0.08489
1696.0,0.085
1697.0,0.06831
1698.0,0.08405
1699.0,0.0829
1700.0,0.08024
1702.0,0.08212
1705.0,0.07905
1710.0,0.07455
1715.0,0.07497
1720.0,0.07438
1725.0,0.06839
1730.0,0.06795
1735.0,0.06344
1740.0,0.06415
1745.0,0.06
1750.0,0.06439
1755.0,0.05864
1760.0,0.06149
1765.0,0.04896
1770.0,0.0522
1775.0,0.04027
1780.0,0.03353
1785.0,0.02368
1790.0,0.02793
1795.0,0.01081
1800.0,0.008076
1805.0,0.00211
1810.0,0.001507
1815.0,0.0002367
1820.0,4.104e-05
1825.0,5.605e-05
1830.0,3.373e-08
1835.0,9.987e-08
1840.0,1.451e-10
1845.0,1.49e-08
1850.0,5.931e-09
1855.0,7.495e-10
1860.0,1.306e-07
1865.0,1.382e-07
1870.0,5.149e-14
1875.0,1.04e-13
1880.0,1.302e-06
1885.0,6.104e-07
1890.0,3.684e-06
1895.0,2.532e-06
1900.0,3.4e-09
1905.0,2.725e-09
1910.0,2e-07
1915.0,3.087e-07
1920.0,1.129e-05
1925.0,4.105e-05
1930.0,2.527e-05
1935.0,0.0003209
1940.0,0.0004196
1945.0,0.002182
1950.0,0.005201
1955.0,0.004135
1960.0,0.009289
1965.0,0.01518
1970.0,0.02316
1975.0,0.02687
1980.0,0.0275
1985.0,0.03019
1990.0,0.03131
1995.0,0.03369
2000.0,0.03597
2005.0,0.02936
2010.0,0.04518
2015.0,0.03385
2020.0,0.03696
2025.0,0.04136
2030.0,0.03735
2035.0,0.04197
2040.0,0.03945
2045.0,0.04105
2050.0,0.0422
2055.0,0.0401
2060.0,0.03863
2065.0,0.03962
2070.0,0.03908
2075.0,0.04043
2080.0,0.03938
2085.0,0.03917
2090.0,0.03972
2095.0,0.03846
2100.0,0.03535
2105.0,0.03883
2110.0,0.03689
2115.0,0.03815
2120.0,0.03542
2125.0,0.03614
2130.0,0.0368
2135.0,0.0371
2140.0,0.03748
2145.0,0.03708
2150.0,0.03423
2155.0,0.03427
2160.0,0.03403
2165.0,0.0309
2170.0,0.03319
2175.0,0.03205
2180.0,0.03324
2185.0,0.02922
2190.0,0.03195
2195.0,0.0316
2200.0,0.02692
2205.0,0.02902
2210.0,0.03222
2215.0,0.03046
2220.0,0.03133
2225.0,0.03028
2230.0,0.03049
2235.0,0.02962
2240.0,0.02929
2245.0,0.02783
2250.0,0.02883
2255.0,0.02637
2260.0,0.0259
2265.0,0.02693
2270.0,0.02484
2275.0,0.02438
2280.0,0.02614
2285.0,0.02395
2290.0,0.02402
2295.0,0.02332
2300.0,0.02167
2305.0,0.02196
2310.0,0.0251
2315.0,0.02162
2320.0,0.01826
2325.0,0.02149
2330.0,0.02126
2335.0,0.02203
2340.0,0.01579
2345.0,0.01839
2350.0,0.01393
2355.0,0.01671
2360.0,0.01813
2365.0,0.01816
2370.0,0.008877
2375.0,0.01531
2380.0,0.01472
2385.0,0.009706
2390.0,0.01212
2395.0,0.01359
2400.0,0.01522
2405.0,0.01104
2410.0,0.01101
2415.0,0.008263
2420.0,0.008151
2425.0,0.0106
2430.0,0.01537
2435.0,0.003921
2440.0,0.01517
2445.0,0.005912
2450.0,0.003405
2455.0,0.007531
2460.0,0.01047
2465.0,0.006787
2470.0,0.003987
2475.0,0.003836
2480.0,0.001592
2485.0,0.0008509
2490.0,0.0003995
2495.0,0.0003514
2500.0,0.001117
2505.0,0.0002063
2510.0,0.0003141
2515.0,5.045e-05
2520.0,1.236e-05
2525.0,1.711e-06
2530.0,1.091e-09
2535.0,1.2e-10
2540.0,4.044e-10
2545.0,7.723e-15
2550.0,1.419e-17
2555.0,1.39e-13
2560.0,5.181e-15
2565.0,1.888e-19
2570.0,2.776e-24
2575.0,1.6970000000000002e-34
2580.0,1.77e-28
2585.0,3.6980000000000004e-42
2590.0,2.307e-38
2595.0,4.489e-40
2600.0,3.6950000000000003e-35
2605.0,4.085e-42
2610.0,1.4059999999999998e-41
2615.0,1.4009999999999999e-45
2620.0,1.239e-35
2625.0,2.269e-35
2630.0,0.0
2635.0,1.477e-21
2640.0,2.738e-22
2645.0,1.134e-24
2650.0,1.114e-25
2655.0,1.3350000000000002e-34
2660.0,1.125e-31
2665.0,1.121e-44
2670.0,0.0
2675.0,5.464999999999999e-44
2680.0,2.283e-30
2685.0,2.18e-31
2690.0,8.147e-31
2695.0,3.1979999999999996e-33
2700.0,9.317999999999999e-29
2705.0,2.644e-26
2710.0,2.116e-31
2715.0,2.655e-29
2720.0,0.0
2725.0,6.169e-27
2730.0,1.737e-24
2735.0,1.9860000000000003e-26
2740.0,3.585e-32
2745.0,4.648e-27
2750.0,2.604e-26
2755.0,4.184000000000001e-28
2760.0,6.642999999999999e-23
2765.0,2.934e-29
2770.0,1.4520000000000003e-26
2775.0,1.849e-23
2780.0,1.536e-20
2785.0,1.455e-19
2790.0,2.041e-17
2795.0,2.275e-18
2800.0,1.646e-13
2805.0,2.618e-15
2810.0,1.784e-11
2815.0,5.232e-12
2820.0,3.458e-14
2825.0,1.312e-09
2830.0,7.514e-08
2835.0,7.051e-14
2840.0,1.306e-09
2845.0,1.827e-06
2850.0,9.248e-09
2855.0,1.009e-08
2860.0,5.853e-07
2865.0,6.502e-06
2870.0,6.322e-08
2875.0,2.323e-05
2880.0,1.938e-05
2885.0,2.465e-05
2890.0,1.391e-05
2895.0,0.000386
2900.0,8.449e-05
2905.0,6.631e-06
2910.0,0.0004345
2915.0,0.0001485
2920.0,0.0004572
2925.0,0.0001537
2930.0,0.001242
2935.0,0.001385
2940.0,0.0002416
2945.0,0.0001778
2950.0,0.001033
2955.0,0.0004746
2960.0,0.0009918
2965.0,0.001918
2970.0,4.277e-05
2975.0,0.0001304
2980.0,0.0002038
2985.0,0.001765
2990.0,0.003076
2995.0,0.0008951
3000.0,0.002027
3005.0,0.0005637
3010.0,0.001835
3015.0,0.001286
3020.0,5.757e-05
3025.0,0.001982
3030.0,0.001512
3035.0,0.000475
3040.0,0.0003615
3045.0,0.0008367
3050.0,0.000159
3055.0,2.788e-05
3060.0,0.001602
3065.0,0.0005451
3070.0,0.0002584
3075.0,0.001491
3080.0,0.0007987
3085.0,0.0002736
3090.0,0.0003901
3095.0,7.174e-05
3100.0,0.001013
3105.0,0.0001447
3110.0,8.805e-05
3115.0,0.0003836
3120.0,0.00278
3125.0,0.0007234
3130.0,0.001624
3135.0,0.003481
3140.0,0.0007385
3145.0,0.0007461
3150.0,0.001788
3155.0,0.001519
3160.0,0.002669
3165.0,0.004803
3170.0,0.004251
3175.0,0.0027
3180.0,0.003467
3185.0,0.002003
3190.0,0.001061
3195.0,0.0004162
3200.0,3.803e-05
3205.0,2.024e-05
3210.0,8.043e-06
3215.0,4.614e-05
3220.0,0.0002028
3225.0,2.001e-05
3230.0,3.149e-05
3235.0,0.00187
3240.0,0.0006461
3245.0,0.0001155
3250.0,0.0004916
3255.0,0.002855
3260.0,0.0001724
3265.0,0.0004388
3270.0,0.0001546
3275.0,0.00143
3280.0,0.0005473
3285.0,0.00349
3290.0,0.002361
3295.0,0.0002124
3300.0,0.0003298
3305.0,0.0008473
3310.0,0.0007641
3315.0,9.05e-08
3320.0,2.062e-06
3325.0,0.0006062
3330.0,0.001335
3335.0,0.002652
3340.0,0.0008997
3345.0,0.0007826
3350.0,0.002516
3355.0,0.0007968
3360.0,0.001431
3365.0,0.002259
3370.0,0.0008217
3375.0,0.002769
3380.0,0.001189
3385.0,0.00233
3390.0,0.003139
3395.0,0.003157
3400.0,0.004703
3405.0,0.0009937
3410.0,0.002268
3415.0,0.002004
3420.0,0.005141
3425.0,0.003264
3430.0,0.002602
3435.0,0.00439
3440.0,0.002344
3445.0,0.004119
3450.0,0.00399
3455.0,0.002623
3460.0,0.004866
3465.0,0.003232
3470.0,0.004762
3475.0,0.00393
3480.0,0.004084
3485.0,0.00463
3490.0,0.003641
3495.0,0.004743
3500.0,0.004566
3505.0,0.004524
3510.0,0.004631
3515.0,0.004348
3520.0,0.004758
3525.0,0.004357
3530.0,0.004191
3535.0,0.003223
3540.0,0.003015
3545.0,0.003263
3550.0,0.003897
3555.0,0.003123
3560.0,0.00407
3565.0,0.004058
3570.0,0.002842
3575.0,0.00289
3580.0,0.003785
3585.0,0.003203
3590.0,0.003413
3595.0,0.003601
3600.0,0.003927
3605.0,0.003874
3610.0,0.003447
3615.0,0.003547
3620.0,0.00467
3625.0,0.00383
3630.0,0.003767
3635.0,0.003927
3640.0,0.004615
3645.0,0.004032
3650.0,0.003824
3655.0,0.00431
3660.0,0.0043
3665.0,0.003863
3670.0,0.002755
3675.0,0.001336
3680.0,0.002869
3685.0,0.003453
3690.0,0.003608
3695.0,0.003884
3700.0,0.004352
3705.0,0.004265
3710.0,0.003501
3715.0,0.003465
3720.0,0.004111
3725.0,0.00427
3730.0,0.003519
3735.0,0.003124
3740.0,0.003271
3745.0,0.00405
3750.0,0.003568
3755.0,0.003421
3760.0,0.003314
3765.0,0.003189
3770.0,0.003526
3775.0,0.00348
3780.0,0.003765
3785.0,0.003316
3790.0,0.00282
3795.0,0.003407
3800.0,0.003984
3805.0,0.00366
3810.0,0.003071
3815.0,0.002841
3820.0,0.003886
3825.0,0.003775
3830.0,0.00387
3835.0,0.002781
3840.0,0.003518
3845.0,0.003391
3850.0,0.003426
3855.0,0.00323
3860.0,0.00291
3865.0,0.002952
3870.0,0.002546
3875.0,0.002203
3880.0,0.002093
3885.0,0.00222
3890.0,0.002273
3895.0,0.00263
3900.0,0.002899
3905.0,0.002895
3910.0,0.002447
3915.0,0.002361
3920.0,0.002364
3925.0,0.00231
3930.0,0.002439
3935.0,0.00261
3940.0,0.002667
3945.0,0.002749
3950.0,0.002826
3955.0,0.002881
3960.0,0.002927
3965.0,0.002968
3970.0,0.002926
3975.0,0.002819
3980.0,0.002766
3985.0,0.002793
3990.0,0.002745
3995.0,0.002663
4000.0,0.002536
