interpolation:linear
wavelength,value
280.0,4.174e-20
280.5,1.178e-18
281.0,6.005e-18
281.5,4.474e-19
282.0,1.938e-18
282.5,5.482e-18
283.0,1.826e-17
283.5,3.013e-17
284.0,4.753e-16
284.5,1.341e-15
285.0,2.489e-15
285.5,1.517e-14
286.0,6.455e-14
286.5,3.106e-13
287.0,9.218e-13
287.5,3.649e-12
288.0,1.078e-11
288.5,4.265e-11
289.0,1.431e-10
289.5,5.373e-10
290.0,1.758e-09
290.5,4.093e-09
291.0,1.021e-08
291.5,3.509e-08
292.0,9.565e-08
292.5,1.508e-07
293.0,3.751e-07
293.5,1.123e-06
294.0,2.055e-06
294.5,2.692e-06
295.0,5.277e-06
295.5,1.285e-05
296.0,2.451e-05
296.5,3.386e-05
297.0,4.535e-05
297.5,0.0001196
298.0,0.0001856
298.5,0.0001845
299.0,0.000402
299.5,0.0006521
300.0,0.0007084
300.5,0.001013
301.0,0.001792
301.5,0.0028
302.0,0.002373
302.5,0.004483
303.0,0.007707
303.5,0.009433
304.0,0.008687
304.5,0.0123
305.0,0.01734
305.5,0.01897
306.0,0.01804
306.5,0.02182
307.0,0.03038
307.5,0.03803
308.0,0.03978
308.5,0.04562
309.0,0.04401
309.5,0.04835
310.0,0.04765
310.5,0.07644
311.0,0.09443
311.5,0.09052
312.0,0.08742
312.5,0.1039
313.0,0.1114
313.5,0.1093
314.0,0.1329
314.5,0.1136
315.0,0.1482
315.5,0.1262
316.0,0.107
316.5,0.1496
317.0,0.1858
317.5,0.1948
318.0,0.1493
318.5,0.1791
319.0,0.2088
319.5,0.175
320.0,0.2123
320.5,0.2565
321.0,0.2213
321.5,0.2115
322.0,0.2332
322.5,0.2025
323.0,0.1972
323.5,0.2373
324.0,0.276
324.5,0.2827
325.0,0.2471
325.5,0.3121
326.0,0.3795
326.5,0.3755
327.0,0.3759
327.5,0.365
328.0,0.3301
328.5,0.3404
329.0,0.4014
329.5,0.4535
330.0,0.4591
330.5,0.3717
331.0,0.3802
331.5,0.383
332.0,0.4086
332.5,0.4018
333.0,0.402
333.5,0.3672
334.0,0.3767
334.5,0.43
335.0,0.4016
335.5,0.469
336.0,0.3245
336.5,0.3811
337.0,0.314
337.5,0.3911
338.0,0.3786
338.5,0.4368
339.0,0.4322
339.5,0.4157
340.0,0.4887
340.5,0.4401
341.0,0.4293
341.5,0.394
342.0,0.4708
342.5,0.4403
343.0,0.4843
343.5,0.4561
344.0,0.337
344.5,0.3404
345.0,0.4503
345.5,0.4596
346.0,0.3905
346.5,0.4421
347.0,0.4746
347.5,0.3838
348.0,0.4373
348.5,0.4371
349.0,0.4054
349.5,0.4013
350.0,0.4963
350.5,0.5235
351.0,0.4677
351.5,0.4546
352.0,0.4882
352.5,0.3809
353.0,0.4796
353.5,0.5128
354.0,0.5323
354.5,0.5398
355.0,0.538
355.5,0.486
356.0,0.5084
356.5,0.4341
357.0,0.3587
357.5,0.4391
358.0,0.348
358.5,0.2973
359.0,0.4159
359.5,0.5301
360.0,0.5619
360.5,0.4491
361.0,0.4093
361.5,0.4712
362.0,0.4074
362.5,0.5638
363.0,0.5063
363.5,0.4663
364.0,0.5702
364.5,0.4874
365.0,0.4964
365.5,0.6229
366.0,0.6599
366.5,0.62
367.0,0.6038
367.5,0.6266
368.0,0.5483
368.5,0.5532
369.0,0.5974
369.5,0.6368
370.0,0.6788
370.5,0.5268
371.0,0.5629
371.5,0.7042
372.0,0.4674
372.5,0.5604
373.0,0.57
373.5,0.3709
374.0,0.5389
374.5,0.4463
375.0,0.4338
375.5,0.6477
376.0,0.5369
376.5,0.5564
377.0,0.5891
377.5,0.6892
378.0,0.7471
378.5,0.7061
379.0,0.5828
379.5,0.5324
380.0,0.5535
380.5,0.6704
381.0,0.6718
381.5,0.5325
382.0,0.4729
382.5,0.4031
383.0,0.3731
383.5,0.3594
384.0,0.3964
384.5,0.5831
385.0,0.5782
385.5,0.5385
386.0,0.4612
386.5,0.6058
387.0,0.5034
387.5,0.5654
388.0,0.522
388.5,0.516
389.0,0.557
389.5,0.6747
390.0,0.6771
390.5,0.6231
391.0,0.7335
391.5,0.7481
392.0,0.6302
392.5,0.5641
393.0,0.3139
393.5,0.2282
394.0,0.4643
394.5,0.5903
395.0,0.7203
395.5,0.7318
396.0,0.6344
396.5,0.3709
397.0,0.2783
397.5,0.566
398.0,0.7927
398.5,0.8193
399.0,0.8871
399.5,0.8842
400.0,0.9182
401.0,0.933
402.0,0.9842
403.0,0.9349
404.0,0.9205
405.0,0.9203
406.0,0.9052
407.0,0.8905
408.0,0.9254
409.0,0.9904
410.0,0.8653
411.0,0.9372
412.0,1.006
413.0,0.9815
414.0,0.9934
415.0,0.9959
416.0,1.013
417.0,0.9883
418.0,0.97
419.0,0.9826
420.0,0.9783
421.0,1.023
422.0,0.9726
423.0,0.95
424.0,1.005
425.0,1.003
426.0,0.9766
427.0,0.9583
428.0,0.9335
429.0,0.884
430.0,0.7736
431.0,0.7668
432.0,0.9898
433.0,0.9952
434.0,0.9241
435.0,0.9652
436.0,1.087
437.0,1.072
438.0,0.9763
439.0,1.01
440.0,1.042
441.0,1.08
442.0,1.158
443.0,1.128
444.0,1.152
445.0,1.127
446.0,1.075
447.0,1.162
448.0,1.181
449.0,1.185
450.0,1.218
451.0,1.263
452.0,1.217
453.0,1.144
454.0,1.194
455.0,1.202
456.0,1.23
457.0,1.25
458.0,1.208
459.0,1.202
460.0,1.205
461.0,1.233
462.0,1.242
463.0,1.233
464.0,1.212
465.0,1.197
466.0,1.208
467.0,1.186
468.0,1.2
469.0,1.206
470.0,1.168
471.0,1.166
472.0,1.229
473.0,1.213
474.0,1.215
475.0,1.226
476.0,1.19
477.0,1.193
478.0,1.226
479.0,1.219
480.0,1.221
481.0,1.243
482.0,1.249
483.0,1.233
484.0,1.208
485.0,1.15
486.0,1.005
487.0,1.053
488.0,1.156
489.0,1.16
490.0,1.22
491.0,1.198
492.0,1.132
493.0,1.169
494.0,1.18
495.0,1.19
496.0,1.198
497.0,1.216
498.0,1.159
499.0,1.174
500.0,1.14
501.0,1.12
502.0,1.104
503.0,1.15
504.0,1.123
505.0,1.161
506.0,1.199
507.0,1.141
508.0,1.105
509.0,1.135
510.0,1.129
511.0,1.159
512.0,1.171
513.0,1.108
514.0,1.101
515.0,1.09
516.0,1.087
517.0,0.9658
518.0,1.015
519.0,1.065
520.0,1.104
521.0,1.114
522.0,1.116
523.0,1.096
524.0,1.135
525.0,1.149
526.0,1.098
527.0,1.035
528.0,1.095
529.0,1.154
530.0,1.138
531.0,1.155
532.0,1.115
533.0,1.082
534.0,1.114
535.0,1.138
536.0,1.148
537.0,1.103
538.0,1.122
539.0,1.113
540.0,1.067
541.0,1.075
542.0,1.109
543.0,1.097
544.0,1.116
545.0,1.112
546.0,1.118
547.0,1.117
548.0,1.103
549.0,1.107
550.0,1.12
551.0,1.106
552.0,1.114
553.0,1.094
554.0,1.12
555.0,1.122
556.0,1.108
557.0,1.074
558.0,1.066
559.0,1.046
560.0,1.059
561.0,1.073
562.0,1.066
563.0,1.095
564.0,1.066
565.0,1.057
566.0,1.042
567.0,1.062
568.0,1.053
569.0,1.03
570.0,1.029
571.0,1.023
572.0,1.048
573.0,1.06
574.0,1.057
575.0,1.037
576.0,1.028
577.0,1.039
578.0,1.023
579.0,1.026
580.0,1.044
581.0,1.049
582.0,1.068
583.0,1.07
584.0,1.079
585.0,1.052
586.0,1.03
587.0,1.053
588.0,1.03
589.0,0.9167
590.0,0.9583
591.0,1.012
592.0,1.0
593.0,1.013
594.0,1.007
595.0,0.9836
596.0,1.019
597.0,1.009
598.0,1.005
599.0,1.006
600.0,1.006
601.0,0.9973
602.0,0.9904
603.0,1.006
604.0,1.023
605.0,1.018
606.0,1.013
607.0,1.023
608.0,1.011
609.0,1.012
610.0,1.005
611.0,1.01
612.0,1.007
613.0,0.9939
614.0,0.9801
615.0,1.001
616.0,0.9679
617.0,0.9658
618.0,1.003
619.0,0.9925
620.0,0.9988
621.0,1.0
622.0,0.9887
623.0,0.9739
624.0,0.9569
625.0,0.9547
626.0,0.9689
627.0,0.9805
628.0,0.9246
629.0,0.9604
630.0,0.9386
631.0,0.9567
632.0,0.9448
633.0,0.9722
634.0,0.9618
635.0,0.9763
636.0,0.9628
637.0,0.9782
638.0,0.9869
639.0,0.9755
640.0,0.9656
641.0,0.9647
642.0,0.96
643.0,0.9729
644.0,0.9694
645.0,0.9712
646.0,0.9496
647.0,0.9407
648.0,0.9418
649.0,0.9238
650.0,0.9251
651.0,0.9646
652.0,0.9279
653.0,0.9517
654.0,0.9408
655.0,0.9075
656.0,0.8031
657.0,0.8246
658.0,0.9231
659.0,0.9293
660.0,0.933
661.0,0.9395
662.0,0.942
663.0,0.9231
664.0,0.9332
665.0,0.9333
666.0,0.9337
667.0,0.9325
668.0,0.9325
669.0,0.9468
670.0,0.9425
671.0,0.9421
672.0,0.934
673.0,0.9479
674.0,0.9442
675.0,0.9355
676.0,0.9418
677.0,0.9323
678.0,0.9349
679.0,0.9197
680.0,0.927
681.0,0.9208
682.0,0.9196
683.0,0.9178
684.0,0.9133
685.0,0.921
686.0,0.9156
687.0,0.6467
688.0,0.7393
689.0,0.7413
690.0,0.7713
691.0,0.8048
692.0,0.8286
693.0,0.8224
694.0,0.8156
695.0,0.8446
696.0,0.8458
697.0,0.8916
698.0,0.8779
699.0,0.8608
700.0,0.8505
701.0,0.843
702.0,0.8474
703.0,0.849
704.0,0.8738
705.0,0.8751
706.0,0.8734
707.0,0.8737
708.0,0.8757
709.0,0.8756
710.0,0.8762
711.0,0.8745
712.0,0.8713
713.0,0.8631
714.0,0.8662
715.0,0.8403
716.0,0.8412
717.0,0.7438
718.0,0.6856
719.0,0.6295
720.0,0.6605
721.0,0.7203
722.0,0.8144
723.0,0.7632
724.0,0.6933
725.0,0.6842
726.0,0.7151
727.0,0.722
728.0,0.6831
729.0,0.7035
730.0,0.7443
731.0,0.7138
732.0,0.7581
733.0,0.7973
734.0,0.8148
735.0,0.7987
736.0,0.7976
737.0,0.8009
738.0,0.8098
739.0,0.7939
740.0,0.8135
741.0,0.8048
742.0,0.805
743.0,0.8253
744.0,0.8225
745.0,0.8224
746.0,0.8262
747.0,0.8279
748.0,0.8261
749.0,0.8167
750.0,0.8162
751.0,0.8079
752.0,0.8113
753.0,0.8154
754.0,0.8172
755.0,0.8126
756.0,0.8122
757.0,0.8134
758.0,0.8033
759.0,0.789
760.0,0.1699
761.0,0.09765
762.0,0.4429
763.0,0.2446
764.0,0.3469
765.0,0.443
766.0,0.5253
767.0,0.6445
768.0,0.7293
769.0,0.7415
770.0,0.7631
771.0,0.7677
772.0,0.7688
773.0,0.774
774.0,0.7702
775.0,0.7643
776.0,0.7735
777.0,0.7633
778.0,0.7587
779.0,0.7593
780.0,0.755
781.0,0.7558
782.0,0.7605
783.0,0.7472
784.0,0.7507
785.0,0.7453
786.0,0.7536
787.0,0.742
788.0,0.7334
789.0,0.7333
790.0,0.716
791.0,0.7201
792.0,0.7145
793.0,0.7032
794.0,0.7129
795.0,0.7256
796.0,0.7063
797.0,0.7072
798.0,0.725
799.0,0.721
800.0,0.7092
801.0,0.7076
802.0,0.7055
803.0,0.7005
804.0,0.7011
805.0,0.6981
806.0,0.7163
807.0,0.708
808.0,0.7085
809.0,0.6962
810.0,0.6913
811.0,0.6936
812.0,0.6758
813.0,0.663
814.0,0.5903
815.0,0.5864
816.0,0.5468
817.0,0.5559
818.0,0.5367
819.0,0.5939
820.0,0.5617
821.0,0.6483
822.0,0.6312
823.0,0.4425
824.0,0.6157
825.0,0.6374
826.0,0.6158
827.0,0.6472
828.0,0.5562
829.0,0.6115
830.0,0.6043
831.0,0.6061
832.0,0.5889
833.0,0.6227
834.0,0.6032
835.0,0.6573
836.0,0.6325
837.0,0.659
838.0,0.6399
839.0,0.6487
840.0,0.6625
841.0,0.6537
842.0,0.6542
843.0,0.6528
844.0,0.6443
845.0,0.6653
846.0,0.6622
847.0,0.6496
848.0,0.646
849.0,0.6276
850.0,0.6013
851.0,0.6371
852.0,0.6324
853.0,0.6084
854.0,0.5256
855.0,0.577
856.0,0.6307
857.0,0.6445
858.0,0.6399
859.0,0.6403
860.0,0.6413
861.0,0.6378
862.0,0.6478
863.0,0.6631
864.0,0.6299
865.0,0.6243
866.0,0.5614
867.0,0.5858
868.0,0.6375
869.0,0.6242
870.0,0.642
871.0,0.6333
872.0,0.631
873.0,0.6298
874.0,0.6223
875.0,0.6097
876.0,0.616
877.0,0.6222
878.0,0.6291
879.0,0.6194
880.0,0.6061
881.0,0.5972
882.0,0.6102
883.0,0.6119
884.0,0.6092
885.0,0.6138
886.0,0.5857
887.0,0.5913
888.0,0.6004
889.0,0.6066
890.0,0.6023
891.0,0.6009
892.0,0.5844
893.0,0.5673
894.0,0.5495
895.0,0.5221
896.0,0.493
897.0,0.4273
898.0,0.4641
899.0,0.3576
900.0,0.4729
901.0,0.3747
902.0,0.4336
903.0,0.4398
904.0,0.5454
905.0,0.5279
906.0,0.495
907.0,0.4078
908.0,0.415
909.0,0.4469
910.0,0.4
911.0,0.4235
912.0,0.4416
913.0,0.4062
914.0,0.4019
915.0,0.4353
916.0,0.3698
917.0,0.4641
918.0,0.3793
919.0,0.4713
920.0,0.4737
921.0,0.4921
922.0,0.4433
923.0,0.4752
924.0,0.4546
925.0,0.4448
926.0,0.4497
927.0,0.5002
928.0,0.3761
929.0,0.3457
930.0,0.2755
931.0,0.2604
932.0,0.1913
933.0,0.1575
934.0,0.09069
935.0,0.1595
936.0,0.1023
937.0,0.104
938.0,0.1269
939.0,0.2523
940.0,0.3009
941.0,0.2307
942.0,0.2648
943.0,0.1769
944.0,0.1838
945.0,0.2372
946.0,0.1244
947.0,0.2392
948.0,0.1763
949.0,0.3166
950.0,0.09366
951.0,0.3111
952.0,0.172
953.0,0.2189
954.0,0.2649
955.0,0.221
956.0,0.2127
957.0,0.1727
958.0,0.2965
959.0,0.2394
960.0,0.2682
961.0,0.2982
962.0,0.2825
963.0,0.3231
964.0,0.2968
965.0,0.3216
966.0,0.3223
967.0,0.3212
968.0,0.4218
969.0,0.4413
970.0,0.4065
971.0,0.4614
972.0,0.4421
973.0,0.3888
974.0,0.3696
975.0,0.3821
976.0,0.3649
977.0,0.4112
978.0,0.3923
979.0,0.4097
980.0,0.3859
981.0,0.4586
982.0,0.4399
983.0,0.4231
984.0,0.471
985.0,0.4382
986.0,0.4783
987.0,0.47
988.0,0.4691
989.0,0.4762
990.0,0.4662
991.0,0.4778
992.0,0.4804
993.0,0.4708
994.0,0.4802
995.0,0.4795
996.0,0.4775
997.0,0.4781
998.0,0.4759
999.0,0.4741
1000.0,0.471
1001.0,0.4766
1002.0,0.4645
1003.0,0.4683
1004.0,0.4571
1005.0,0.44
1006.0,0.4573
1007.0,0.4669
1008.0,0.4646
1009.0,0.4623
1010.0,0.4604
1011.0,0.4646
1012.0,0.4607
1013.0,0.4634
1014.0,0.4601
1015.0,0.4571
1016.0,0.4551
1017.0,0.4563
1018.0,0.4544
1019.0,0.4451
1020.0,0.4521
1021.0,0.4514
1022.0,0.448
1023.0,0.4528
1024.0,0.4473
1025.0,0.4524
1026.0,0.4505
1027.0,0.4495
1028.0,0.4486
1029.0,0.4433
1030.0,0.4462
1031.0,0.4445
1032.0,0.4431
1033.0,0.4365
1034.0,0.4365
1035.0,0.4378
1036.0,0.4401
1037.0,0.433
1038.0,0.4349
1039.0,0.4347
1040.0,0.4329
1041.0,0.4347
1042.0,0.4316
1043.0,0.4303
1044.0,0.4318
1045.0,0.426
1046.0,0.4213
1047.0,0.4251
1048.0,0.4275
1049.0,0.426
1050.0,0.424
1051.0,0.4235
1052.0,0.4218
1053.0,0.4185
1054.0,0.4194
1055.0,0.4197
1056.0,0.4183
1057.0,0.4171
1058.0,0.4069
1059.0,0.4074
1060.0,0.4068
1061.0,0.4063
1062.0,0.4085
1063.0,0.4045
1064.0,0.4093
1065.0,0.4065
1066.0,0.3983
1067.0,0.4035
1068.0,0.3948
1069.0,0.3825
1070.0,0.3956
1071.0,0.4014
1072.0,0.3971
1073.0,0.3913
1074.0,0.401
1075.0,0.3819
1076.0,0.4008
1077.0,0.3942
1078.0,0.3869
1079.0,0.3942
1080.0,0.3881
1081.0,0.3761
1082.0,0.3813
1083.0,0.3823
1084.0,0.3755
1085.0,0.3889
1086.0,0.3564
1087.0,0.3667
1088.0,0.382
1089.0,0.3713
1090.0,0.3638
1091.0,0.3811
1092.0,0.3799
1093.0,0.325
1094.0,0.3479
1095.0,0.3382
1096.0,0.3247
1097.0,0.371
1098.0,0.3199
1099.0,0.3333
1100.0,0.3111
1101.0,0.3146
1102.0,0.3013
1103.0,0.2989
1104.0,0.2992
1105.0,0.3259
1106.0,0.2543
1107.0,0.3105
1108.0,0.2662
1109.0,0.2661
1110.0,0.3082
1111.0,0.213
1112.0,0.2638
1113.0,0.1721
1114.0,0.1918
1115.0,0.1592
1116.0,0.1296
1117.0,0.05036
1118.0,0.1401
1119.0,0.0717
1120.0,0.09035
1121.0,0.1186
1122.0,0.05178
1123.0,0.08156
1124.0,0.06887
1125.0,0.08933
1126.0,0.03297
1127.0,0.1006
1128.0,0.0622
1129.0,0.0657
1130.0,0.04407
1131.0,0.186
1132.0,0.1468
1133.0,0.09559
1134.0,0.02597
1135.0,0.009652
1136.0,0.08066
1137.0,0.1835
1138.0,0.1298
1139.0,0.1887
1140.0,0.1595
1141.0,0.1233
1142.0,0.1409
1143.0,0.198
1144.0,0.07161
1145.0,0.09213
1146.0,0.09939
1147.0,0.03691
1148.0,0.1714
1149.0,0.1384
1150.0,0.07685
1151.0,0.1288
1152.0,0.1568
1153.0,0.1515
1154.0,0.08965
1155.0,0.1969
1156.0,0.1783
1157.0,0.1986
1158.0,0.1964
1159.0,0.2105
1160.0,0.1814
1161.0,0.2206
1162.0,0.2219
1163.0,0.2944
1164.0,0.2545
1165.0,0.2419
1166.0,0.2389
1167.0,0.2592
1168.0,0.2625
1169.0,0.2681
1170.0,0.2897
1171.0,0.2827
1172.0,0.2869
1173.0,0.2891
1174.0,0.211
1175.0,0.2817
1176.0,0.3073
1177.0,0.2965
1178.0,0.2262
1179.0,0.3097
1180.0,0.279
1181.0,0.2877
1182.0,0.2023
1183.0,0.2827
1184.0,0.2662
1185.0,0.258
1186.0,0.3021
1187.0,0.2889
1188.0,0.2062
1189.0,0.2694
1190.0,0.2952
1191.0,0.2824
1192.0,0.2991
1193.0,0.2874
1194.0,0.2957
1195.0,0.2811
1196.0,0.2717
1197.0,0.295
1198.0,0.271
1199.0,0.2339
1200.0,0.2839
1201.0,0.2749
1202.0,0.2726
1203.0,0.2704
1204.0,0.2383
1205.0,0.278
1206.0,0.3052
1207.0,0.2723
1208.0,0.267
1209.0,0.2722
1210.0,0.2828
1211.0,0.2706
1212.0,0.2689
1213.0,0.2959
1214.0,0.2746
1215.0,0.2697
1216.0,0.2949
1217.0,0.2877
1218.0,0.2925
1219.0,0.2892
1220.0,0.2927
1221.0,0.2953
1222.0,0.288
1223.0,0.2856
1224.0,0.2843
1225.0,0.2934
1226.0,0.295
1227.0,0.2738
1228.0,0.2961
1229.0,0.295
1230.0,0.2903
1231.0,0.2974
1232.0,0.2957
1233.0,0.287
1234.0,0.2969
1235.0,0.2952
1236.0,0.2972
1237.0,0.2936
1238.0,0.2962
1239.0,0.2924
1240.0,0.2934
1241.0,0.2924
1242.0,0.2914
1243.0,0.2891
1244.0,0.2912
1245.0,0.2924
1246.0,0.2907
1247.0,0.2897
1248.0,0.2896
1249.0,0.2904
1250.0,0.2887
1251.0,0.2852
1252.0,0.285
1253.0,0.2832
1254.0,0.2807
1255.0,0.2848
1256.0,0.2777
1257.0,0.2764
1258.0,0.2809
1259.0,0.2721
1260.0,0.2733
1261.0,0.2598
1262.0,0.2529
1263.0,0.2534
1264.0,0.2361
1265.0,0.2518
1266.0,0.2435
1267.0,0.2469
1268.0,0.2356
1269.0,0.1557
1270.0,0.2464
1271.0,0.2587
1272.0,0.2593
1273.0,0.2567
1274.0,0.2573
1275.0,0.2607
1276.0,0.2629
1277.0,0.2642
1278.0,0.2686
1279.0,0.2662
1280.0,0.2628
1281.0,0.2504
1282.0,0.2408
1283.0,0.2594
1284.0,0.2657
1285.0,0.2674
1286.0,0.2707
1287.0,0.2671
1288.0,0.2669
1289.0,0.2595
1290.0,0.2644
1291.0,0.2679
1292.0,0.2538
1293.0,0.2632
1294.0,0.2615
1295.0,0.2607
1296.0,0.2503
1297.0,0.2378
1298.0,0.2538
1299.0,0.2634
1300.0,0.2265
1301.0,0.2328
1302.0,0.253
1303.0,0.2231
1304.0,0.1937
1305.0,0.248
1306.0,0.2483
1307.0,0.1967
1308.0,0.223
1309.0,0.2466
1310.0,0.1931
1311.0,0.2145
1312.0,0.2092
1313.0,0.2057
1314.0,0.1853
1315.0,0.1837
1316.0,0.2117
1317.0,0.2009
1318.0,0.217
1319.0,0.1735
1320.0,0.1673
1321.0,0.1935
1322.0,0.196
1323.0,0.1507
1324.0,0.1701
1325.0,0.2088
1326.0,0.1813
1327.0,0.1734
1328.0,0.1505
1329.0,0.1157
1330.0,0.1493
1331.0,0.09324
1332.0,0.09521
1333.0,0.1318
1334.0,0.1102
1335.0,0.1501
1336.0,0.1203
1337.0,0.1072
1338.0,0.116
1339.0,0.1151
1340.0,0.1111
1341.0,0.1103
1342.0,0.1157
1343.0,0.08219
1344.0,0.04905
1345.0,0.07042
1346.0,0.03749
1347.0,0.03855
1348.0,0.002983
1349.0,0.01018
1350.0,0.01019
1351.0,0.002901
1352.0,0.0009262
1353.0,5.726e-05
1354.0,0.0001749
1355.0,2.079e-06
1356.0,2.841e-05
1357.0,4.303e-05
1358.0,2.424e-06
1359.0,4.074e-07
1360.0,1.229e-06
1361.0,2.549e-09
1362.0,9.176e-12
1363.0,1.799e-06
1364.0,7.637e-07
1365.0,4.482e-12
1366.0,7.279e-06
1367.0,2.859e-06
1368.0,6.691e-14
1369.0,2.909e-07
1370.0,1.62e-07
1371.0,1.075e-08
1372.0,1.575e-06
1373.0,2.606e-05
1374.0,0.000106
1375.0,0.0001928
1376.0,0.0001563
1377.0,7.388e-05
1378.0,0.0006775
1379.0,3.127e-05
1380.0,4.875e-05
1381.0,1.392e-06
1382.0,1.47e-06
1383.0,2.484e-08
1384.0,3.449e-07
1385.0,1.217e-06
1386.0,1.423e-06
1387.0,0.0001185
1388.0,2.386e-06
1389.0,0.0003485
1390.0,0.0003
1391.0,0.0002066
1392.0,1.416e-05
1393.0,6.973e-05
1394.0,4.447e-05
1395.0,3.863e-07
1396.0,3.385e-09
1397.0,2.934e-05
1398.0,0.0007707
1399.0,0.0004883
1400.0,1.715e-09
1401.0,5.743e-09
1402.0,0.00114
1403.0,0.00148
1404.0,0.0004577
1405.0,2.088e-07
1406.0,0.001256
1407.0,0.0001077
1408.0,0.001019
1409.0,0.0003774
1410.0,0.0002853
1411.0,0.001294
1412.0,0.001667
1413.0,0.01494
1414.0,0.0002226
1415.0,0.0001121
1416.0,0.02286
1417.0,0.007461
1418.0,0.008555
1419.0,0.001354
1420.0,0.005256
1421.0,0.005704
1422.0,0.02969
1423.0,0.005898
1424.0,0.01092
1425.0,0.01627
1426.0,0.01797
1427.0,0.03193
1428.0,0.002839
1429.0,0.02437
1430.0,0.04032
1431.0,0.04399
1432.0,0.002249
1433.0,0.02839
1434.0,0.01465
1435.0,0.01534
1436.0,0.02851
1437.0,0.02185
1438.0,0.009529
1439.0,0.0383
1440.0,0.02873
1441.0,0.02241
1442.0,0.02477
1443.0,0.03033
1444.0,0.04166
1445.0,0.03322
1446.0,0.01513
1447.0,0.02381
1448.0,0.0763
1449.0,0.06683
1450.0,0.01763
1451.0,0.007222
1452.0,0.04078
1453.0,0.05323
1454.0,0.08948
1455.0,0.04289
1456.0,0.05794
1457.0,0.07664
1458.0,0.0893
1459.0,0.1058
1460.0,0.05562
1461.0,0.05856
1462.0,0.08499
1463.0,0.02804
1464.0,0.09989
1465.0,0.06034
1466.0,0.04275
1467.0,0.02299
1468.0,0.05013
1469.0,0.06138
1470.0,0.03158
1471.0,0.01154
1472.0,0.03026
1473.0,0.04508
1474.0,0.06429
1475.0,0.1197
1476.0,0.04455
1477.0,0.04512
1478.0,0.0412
1479.0,0.07856
1480.0,0.03896
1481.0,0.07523
1482.0,0.0376
1483.0,0.09708
1484.0,0.09009
1485.0,0.08081
1486.0,0.0798
1487.0,0.03759
1488.0,0.06401
1489.0,0.1236
1490.0,0.1139
1491.0,0.1281
1492.0,0.1076
1493.0,0.1179
1494.0,0.1317
1495.0,0.1173
1496.0,0.1101
1497.0,0.1482
1498.0,0.1224
1499.0,0.1424
1500.0,0.162
1501.0,0.1704
1502.0,0.1441
1503.0,0.124
1504.0,0.1006
1505.0,0.1198
1506.0,0.1692
1507.0,0.1637
1508.0,0.156
1509.0,0.1218
1510.0,0.1755
1511.0,0.1705
1512.0,0.1683
1513.0,0.1561
1514.0,0.1467
1515.0,0.1725
1516.0,0.1656
1517.0,0.1627
1518.0,0.1621
1519.0,0.1591
1520.0,0.1699
1521.0,0.1791
1522.0,0.1717
1523.0,0.1816
1524.0,0.1771
1525.0,0.1703
1526.0,0.1728
1527.0,0.1713
1528.0,0.181
1529.0,0.1726
1530.0,0.1698
1531.0,0.1747
1532.0,0.1804
1533.0,0.1802
1534.0,0.1773
1535.0,0.1769
1536.0,0.1799
1537.0,0.1765
1538.0,0.1777
1539.0,0.1751
1540.0,0.1752
1541.0,0.1767
1542.0,0.1753
1543.0,0.1781
1544.0,0.1765
1545.0,0.1793
1546.0,0.1768
1547.0,0.1741
1548.0,0.174
1549.0,0.1754
1550.0,0.1743
1551.0,0.1756
1552.0,0.1746
1553.0,0.1731
1554.0,0.1718
1555.0,0.1721
1556.0,0.1721
1557.0,0.1741
1558.0,0.1731
1559.0,0.1721
1560.0,0.1733
1561.0,0.1744
1562.0,0.1724
1563.0,0.1709
1564.0,0.1718
1565.0,0.1719
1566.0,0.1697
1567.0,0.1699
1568.0,0.1682
1569.0,0.1691
1570.0,0.1706
1571.0,0.1719
1572.0,0.1707
1573.0,0.1696
1574.0,0.1636
1575.0,0.1618
1576.0,0.1595
1577.0,0.1555
1578.0,0.1634
1579.0,0.165
1580.0,0.1663
1581.0,0.1638
1582.0,0.1604
1583.0,0.1612
1584.0,0.1637
1585.0,0.1654
1586.0,0.1636
1587.0,0.1609
1588.0,0.156
1589.0,0.1511
1590.0,0.1546
1591.0,0.1583
1592.0,0.1632
1593.0,0.1655
1594.0,0.1654
1595.0,0.1631
1596.0,0.1584
1597.0,0.1626
1598.0,0.1645
1599.0,0.1627
1600.0,0.1615
1601.0,0.1594
1602.0,0.16
1603.0,0.1614
1604.0,0.1601
1605.0,0.16
1606.0,0.1582
1607.0,0.1596
1608.0,0.1597
1609.0,0.1553
1610.0,0.1521
1611.0,0.1548
1612.0,0.1565
1613.0,0.1569
1614.0,0.1568
1615.0,0.1533
1616.0,0.1509
1617.0,0.154
1618.0,0.1565
1619.0,0.1538
1620.0,0.1503
1621.0,0.1521
1622.0,0.1545
1623.0,0.1568
1624.0,0.155
1625.0,0.1544
1626.0,0.1548
1627.0,0.156
1628.0,0.1556
1629.0,0.1542
1630.0,0.1533
1631.0,0.1527
1632.0,0.1522
1633.0,0.148
1634.0,0.1509
1635.0,0.1494
1636.0,0.1477
1637.0,0.1459
1638.0,0.1384
1639.0,0.1429
1640.0,0.1379
1641.0,0.1419
1642.0,0.1445
1643.0,0.1381
1644.0,0.1444
1645.0,0.1413
1646.0,0.1388
1647.0,0.1467
1648.0,0.1382
1649.0,0.1435
1650.0,0.1445
1651.0,0.1358
1652.0,0.1434
1653.0,0.1445
1654.0,0.1382
1655.0,0.1445
1656.0,0.1427
1657.0,0.1435
1658.0,0.1449
1659.0,0.144
1660.0,0.1452
1661.0,0.1446
1662.0,0.1412
1663.0,0.1437
1664.0,0.1426
1665.0,0.1359
1666.0,0.115
1667.0,0.1346
1668.0,0.1385
1669.0,0.1396
1670.0,0.1418
1671.0,0.1379
1672.0,0.1361
1673.0,0.1392
1674.0,0.1367
1675.0,0.1345
1676.0,0.1353
1677.0,0.1354
1678.0,0.132
1679.0,0.1338
1680.0,0.1285
1681.0,0.1251
1682.0,0.1314
1683.0,0.1343
1684.0,0.1264
1685.0,0.1358
1686.0,0.1355
1687.0,0.1312
1688.0,0.1348
1689.0,0.1333
1690.0,0.1333
1691.0,0.1235
1692.0,0.133
1693.0,0.1361
1694.0,0.1318
1695.0,0.1348
1696.0,0.1347
1697.0,0.1164
1698.0,0.1337
1699.0,0.1319
1700.0,0.1288
1702.0,0.1306
1705.0,0.1272
1710.0,0.1211
1715.0,0.1214
1720.0,0.1199
1725.0,0.1129
1730.0,0.1116
1735.0,0.1043
1740.0,0.1059
1745.0,0.09997
1750.0,0.1065
1755.0,0.0986
1760.0,0.1026
1765.0,0.08511
1770.0,0.09094
1775.0,0.07408
1780.0,0.06409
1785.0,0.04914
1790.0,0.0567
1795.0,0.02983
1800.0,0.0204
1805.0,0.00924
1810.0,0.006017
1815.0,0.002077
1820.0,0.000587
1825.0,0.0007673
1830.0,3.01e-06
1835.0,3.828e-06
1840.0,3.514e-08
1845.0,3.553e-06
1850.0,1.691e-06
1855.0,1.609e-07
1860.0,6.584e-06
1865.0,9.965e-06
1870.0,1.391e-10
1875.0,2.434e-10
1880.0,4.582e-05
1885.0,2.581e-05
1890.0,0.0001346
1895.0,7.741e-05
1900.0,4.89e-07
1905.0,3.241e-07
1910.0,1.356e-05
1915.0,1.186e-05
1920.0,0.0002726
1925.0,0.000572
1930.0,0.0003366
1935.0,0.002215
1940.0,0.002074
1945.0,0.007932
1950.0,0.01479
1955.0,0.01374
1960.0,0.0228
1965.0,0.03237
1970.0,0.04446
1975.0,0.04999
1980.0,0.05015
1985.0,0.05361
1990.0,0.05539
1995.0,0.05818
2000.0,0.06105
2005.0,0.05239
2010.0,0.07247
2015.0,0.05873
2020.0,0.06245
2025.0,0.06732
2030.0,0.06257
2035.0,0.06743
2040.0,0.06479
2045.0,0.06672
2050.0,0.06749
2055.0,0.0651
2060.0,0.06315
2065.0,0.06409
2070.0,0.06345
2075.0,0.06471
2080.0,0.06314
2085.0,0.06276
2090.0,0.06324
2095.0,0.0615
2100.0,0.05794
2105.0,0.06195
2110.0,0.05962
2115.0,0.0608
2120.0,0.05747
2125.0,0.05812
2130.0,0.05871
2135.0,0.05896
2140.0,0.05933
2145.0,0.05874
2150.0,0.05555
2155.0,0.05548
2160.0,0.05485
2165.0,0.05018
2170.0,0.05324
2175.0,0.05224
2180.0,0.05338
2185.0,0.0484
2190.0,0.05169
2195.0,0.05129
2200.0,0.04596
2205.0,0.0479
2210.0,0.0514
2215.0,0.04943
2220.0,0.05035
2225.0,0.04896
2230.0,0.04918
2235.0,0.04809
2240.0,0.04755
2245.0,0.04594
2250.0,0.04682
2255.0,0.04406
2260.0,0.04347
2265.0,0.04442
2270.0,0.04212
2275.0,0.04152
2280.0,0.04313
2285.0,0.04072
2290.0,0.04071
2295.0,0.03963
2300.0,0.03783
2305.0,0.0381
2310.0,0.04131
2315.0,0.03739
2320.0,0.03317
2325.0,0.03645
2330.0,0.03657
2335.0,0.03732
2340.0,0.02948
2345.0,0.03301
2350.0,0.02646
2355.0,0.03051
2360.0,0.03224
2365.0,0.03175
2370.0,0.01945
2375.0,0.02832
2380.0,0.02707
2385.0,0.01973
2390.0,0.02324
2395.0,0.02553
2400.0,0.02783
2405.0,0.02131
2410.0,0.02141
2415.0,0.01738
2420.0,0.01677
2425.0,0.02099
2430.0,0.02831
2435.0,0.009395
2440.0,0.02757
2445.0,0.01318
2450.0,0.008603
2455.0,0.01581
2460.0,0.02116
2465.0,0.0153
2470.0,0.01057
2475.0,0.01038
2480.0,0.005069
2485.0,0.003516
2490.0,0.002171
2495.0,0.001889
2500.0,0.004437
2505.0,0.0009542
2510.0,0.001403
2515.0,0.0003289
2520.0,0.0002309
2525.0,2.62e-05
2530.0,3.65e-07
2535.0,9.85e-08
2540.0,2.128e-07
2545.0,2.838e-11
2550.0,1.506e-13
2555.0,5.529e-10
2560.0,1.65e-11
2565.0,7.753e-15
2570.0,6.57e-19
2575.0,3.6170000000000003e-28
2580.0,1.4379999999999998e-22
2585.0,4.642e-35
2590.0,1.599e-31
2595.0,7.809000000000001e-34
2600.0,1.411e-28
2605.0,1.784e-35
2610.0,1.6410000000000001e-34
2615.0,2.85e-38
2620.0,1.941e-29
2625.0,1.149e-28
2630.0,0.0
2635.0,1.809e-16
2640.0,5.299e-17
2645.0,3.806e-19
2650.0,5.827000000000001e-20
2655.0,4.293e-28
2660.0,1.132e-25
2665.0,9.766e-38
2670.0,0.0
2675.0,5.354e-37
2680.0,1.788e-24
2685.0,2.122e-25
2690.0,1.486e-24
2695.0,3.678e-27
2700.0,8.488e-23
2705.0,1.943e-20
2710.0,1.262e-25
2715.0,4.0569999999999996e-23
2720.0,5.745e-44
2725.0,2.049e-21
2730.0,1.102e-18
2735.0,1.1700000000000002e-20
2740.0,2.596e-26
2745.0,2.201e-21
2750.0,1.256e-20
2755.0,2.3509999999999997e-22
2760.0,1.742e-17
2765.0,1.938e-23
2770.0,7.117e-21
2775.0,6.502e-18
2780.0,1.16e-15
2785.0,2.719e-15
2790.0,7.773e-13
2795.0,2.488e-13
2800.0,2.554e-10
2805.0,4.865e-12
2810.0,1.495e-08
2815.0,4.566e-09
2820.0,7.307e-11
2825.0,3.947e-07
2830.0,6.344e-06
2835.0,2.087e-10
2840.0,2.324e-07
2845.0,5.083e-05
2850.0,1.276e-06
2855.0,4.138e-07
2860.0,1.984e-05
2865.0,0.000128
2870.0,4.481e-06
2875.0,0.0002833
2880.0,0.0001704
2885.0,0.0002978
2890.0,0.0001213
2895.0,0.00176
2900.0,0.0005294
2905.0,7.129e-05
2910.0,0.001792
2915.0,0.0008236
2920.0,0.001912
2925.0,0.0007116
2930.0,0.003933
2935.0,0.00435
2940.0,0.001078
2945.0,0.0009591
2950.0,0.003507
2955.0,0.001568
2960.0,0.003104
2965.0,0.005068
2970.0,0.000238
2975.0,0.0005853
2980.0,0.0009141
2985.0,0.004765
2990.0,0.006972
2995.0,0.002885
3000.0,0.005245
3005.0,0.001928
3010.0,0.004634
3015.0,0.003745
3020.0,0.0004168
3025.0,0.005048
3030.0,0.004056
3035.0,0.001643
3040.0,0.001321
3045.0,0.00277
3050.0,0.0006764
3055.0,0.0001865
3060.0,0.004162
3065.0,0.001907
3070.0,0.001138
3075.0,0.003976
3080.0,0.002385
3085.0,0.001153
3090.0,0.001559
3095.0,0.0004246
3100.0,0.002918
3105.0,0.0006059
3110.0,0.0005515
3115.0,0.001496
3120.0,0.006597
3125.0,0.002032
3130.0,0.003882
3135.0,0.007712
3140.0,0.002221
3145.0,0.002174
3150.0,0.004461
3155.0,0.003775
3160.0,0.00619
3165.0,0.009387
3170.0,0.008398
3175.0,0.006128
3180.0,0.007109
3185.0,0.005302
3190.0,0.002804
3195.0,0.001737
3200.0,0.0002799
3205.0,0.0001956
3210.0,8.527e-05
3215.0,0.0003171
3220.0,0.001023
3225.0,0.0001273
3230.0,0.0002139
3235.0,0.004774
3240.0,0.002375
3245.0,0.0004713
3250.0,0.001655
3255.0,0.0065
3260.0,0.0007694
3265.0,0.00158
3270.0,0.000767
3275.0,0.003857
3280.0,0.00183
3285.0,0.007265
3290.0,0.005621
3295.0,0.0007748
3300.0,0.001127
3305.0,0.002546
3310.0,0.002495
3315.0,7.643e-06
3320.0,3.452e-05
3325.0,0.002222
3330.0,0.003075
3335.0,0.005953
3340.0,0.002293
3345.0,0.002306
3350.0,0.00537
3355.0,0.002377
3360.0,0.003497
3365.0,0.004803
3370.0,0.002551
3375.0,0.005666
3380.0,0.00332
3385.0,0.004985
3390.0,0.006526
3395.0,0.006317
3400.0,0.008326
3405.0,0.002872
3410.0,0.004717
3415.0,0.00473
3420.0,0.008807
3425.0,0.006591
3430.0,0.005692
3435.0,0.007753
3440.0,0.005279
3445.0,0.007527
3450.0,0.007417
3455.0,0.005471
3460.0,0.008365
3465.0,0.006449
3470.0,0.008169
3475.0,0.00725
3480.0,0.007441
3485.0,0.008034
3490.0,0.006879
3495.0,0.008128
3500.0,0.007913
3505.0,0.007853
3510.0,0.007962
3515.0,0.007622
3520.0,0.008054
3525.0,0.007559
3530.0,0.007371
3535.0,0.006188
3540.0,0.005908
3545.0,0.006242
3550.0,0.006938
3555.0,0.005951
3560.0,0.007116
3565.0,0.007124
3570.0,0.005482
3575.0,0.005666
3580.0,0.006706
3585.0,0.006006
3590.0,0.006226
3595.0,0.006363
3600.0,0.006771
3605.0,0.006797
3610.0,0.006238
3615.0,0.006239
3620.0,0.007658
3625.0,0.006695
3630.0,0.006543
3635.0,0.006753
3640.0,0.007542
3645.0,0.006904
3650.0,0.006602
3655.0,0.007156
3660.0,0.007129
3665.0,0.006661
3670.0,0.005146
3675.0,0.003105
3680.0,0.005379
3685.0,0.006115
3690.0,0.006316
3695.0,0.006559
3700.0,0.007053
3705.0,0.006965
3710.0,0.006066
3715.0,0.005977
3720.0,0.006764
3725.0,0.006951
3730.0,0.006029
3735.0,0.005517
3740.0,0.00566
3745.0,0.006605
3750.0,0.00601
3755.0,0.005828
3760.0,0.005767
3765.0,0.005557
3770.0,0.005948
3775.0,0.005878
3780.0,0.006234
3785.0,0.005721
3790.0,0.005045
3795.0,0.005764
3800.0,0.006463
3805.0,0.006076
3810.0,0.005394
3815.0,0.005049
3820.0,0.006313
3825.0,0.006188
3830.0,0.006278
3835.0,0.005001
3840.0,0.005876
3845.0,0.005734
3850.0,0.005773
3855.0,0.005532
3860.0,0.005174
3865.0,0.005214
3870.0,0.004734
3875.0,0.004317
3880.0,0.004174
3885.0,0.004319
3890.0,0.004382
3895.0,0.0048
3900.0,0.005098
3905.0,0.005085
3910.0,0.004564
3915.0,0.004453
3920.0,0.004448
3925.0,0.004375
3930.0,0.004522
3935.0,0.004711
3940.0,0.00477
3945.0,0.004851
3950.0,0.004921
3955.0,0.004971
3960.0,0.005016
3965.0,0.005058
3970.0,0.005003
3975.0,0.004876
3980.0,0.004809
3985.0,0.004823
3990.0,0.00476
3995.0,0.004658
4000.0,0.00447
