interpolation:linear
wavelength,value
280.0,1.073e-22
280.5,3.5720000000000004e-21
281.0,1.925e-20
281.5,4.57e-19
282.0,5.385e-19
282.5,1.31e-18
283.0,4.116e-18
283.5,6.701e-18
284.0,1.106e-16
284.5,3.24e-16
285.0,5.753e-16
285.5,2.785e-15
286.0,1.118e-14
286.5,5.01e-14
287.0,1.437e-13
287.5,5.548e-13
288.0,1.962e-12
288.5,5.73e-12
289.0,1.495e-11
289.5,4.46e-11
290.0,1.232e-10
290.5,2.507e-10
291.0,5.376e-10
291.5,1.544e-09
292.0,3.12e-09
292.5,4.359e-09
293.0,9.303e-09
293.5,2.251e-08
294.0,3.513e-08
294.5,4.65e-08
295.0,7.852e-08
295.5,1.321e-07
296.0,2.521e-07
296.5,3.484e-07
297.0,4.662e-07
297.5,1.229e-06
298.0,1.904e-06
298.5,1.887e-06
299.0,4.096e-06
299.5,6.598e-06
300.0,7.117e-06
300.5,1.009e-05
301.0,1.758e-05
301.5,2.695e-05
302.0,2.255e-05
302.5,4.405e-05
303.0,7.954e-05
303.5,0.0001014
304.0,9.792e-05
304.5,0.0001576
305.0,0.0002672
305.5,0.0003291
306.0,0.0003277
306.5,0.0004281
307.0,0.0007083
307.5,0.001048
308.0,0.001126
308.5,0.001403
309.0,0.001651
309.5,0.002214
310.0,0.002392
310.5,0.004016
311.0,0.005347
311.5,0.005294
312.0,0.006014
312.5,0.00796
313.0,0.009021
313.5,0.008407
314.0,0.01162
314.5,0.01178
315.0,0.01584
315.5,0.01242
316.0,0.01208
316.5,0.01903
317.0,0.02359
317.5,0.0239
318.0,0.01986
318.5,0.02783
319.0,0.0351
319.5,0.02593
320.0,0.03087
320.5,0.04371
321.0,0.04348
321.5,0.04215
322.0,0.03988
322.5,0.0349
323.0,0.03756
323.5,0.05038
324.0,0.05958
324.5,0.05849
325.0,0.04789
325.5,0.06559
326.0,0.08297
326.5,0.08671
327.0,0.08507
327.5,0.08054
328.0,0.06774
328.5,0.07628
329.0,0.09644
329.5,0.1113
330.0,0.1108
330.5,0.08505
331.0,0.08543
331.5,0.0896
332.0,0.1013
332.5,0.1023
333.0,0.1008
333.5,0.08824
334.0,0.08993
334.5,0.1078
335.0,0.1036
335.5,0.1219
336.0,0.08439
336.5,0.09703
337.0,0.07837
337.5,0.09694
338.0,0.09766
338.5,0.1141
339.0,0.1132
339.5,0.1088
340.0,0.1265
340.5,0.1144
341.0,0.1126
341.5,0.1038
342.0,0.1242
342.5,0.1164
343.0,0.1278
343.5,0.1201
344.0,0.08805
344.5,0.08953
345.0,0.119
345.5,0.1219
346.0,0.1038
346.5,0.1176
347.0,0.1261
347.5,0.1019
348.0,0.1166
348.5,0.1167
349.0,0.1084
349.5,0.1074
350.0,0.133
350.5,0.1403
351.0,0.1253
351.5,0.1214
352.0,0.1308
352.5,0.1023
353.0,0.129
353.5,0.1381
354.0,0.1436
354.5,0.1456
355.0,0.1452
355.5,0.1313
356.0,0.1375
356.5,0.1175
357.0,0.09708
357.5,0.1189
358.0,0.09432
358.5,0.08065
359.0,0.1128
359.5,0.1437
360.0,0.1524
360.5,0.122
361.0,0.1113
361.5,0.1284
362.0,0.1112
362.5,0.154
363.0,0.1385
363.5,0.1277
364.0,0.1564
364.5,0.1337
365.0,0.1363
365.5,0.1712
366.0,0.1816
366.5,0.1708
367.0,0.1665
367.5,0.1729
368.0,0.1514
368.5,0.1529
369.0,0.1652
369.5,0.1763
370.0,0.1881
370.5,0.1461
371.0,0.1563
371.5,0.1956
372.0,0.1299
372.5,0.1559
373.0,0.1588
373.5,0.1034
374.0,0.1503
374.5,0.1246
375.0,0.1212
375.5,0.1811
376.0,0.1502
376.5,0.1558
377.0,0.1651
377.5,0.1933
378.0,0.2097
378.5,0.1983
379.0,0.1637
379.5,0.1496
380.0,0.1556
380.5,0.1887
381.0,0.1893
381.5,0.1503
382.0,0.1336
382.5,0.114
383.0,0.1057
383.5,0.1019
384.0,0.1125
384.5,0.1656
385.0,0.1644
385.5,0.1533
386.0,0.1314
386.5,0.1728
387.0,0.1437
387.5,0.1615
388.0,0.1492
388.5,0.1477
389.0,0.1595
389.5,0.1934
390.0,0.1943
390.5,0.1789
391.0,0.2108
391.5,0.2152
392.0,0.1814
392.5,0.1626
393.0,0.09055
393.5,0.06589
394.0,0.1342
394.5,0.1708
395.0,0.2085
395.5,0.212
396.0,0.1839
396.5,0.1077
397.0,0.08088
397.5,0.1646
398.0,0.2306
398.5,0.2385
399.0,0.2587
399.5,0.2581
400.0,0.268
401.0,0.2694
402.0,0.2848
403.0,0.2711
404.0,0.2674
405.0,0.2677
406.0,0.2639
407.0,0.2602
408.0,0.2706
409.0,0.29
410.0,0.2539
411.0,0.2755
412.0,0.2966
413.0,0.2895
414.0,0.2936
415.0,0.2949
416.0,0.3007
417.0,0.2937
418.0,0.2886
419.0,0.2929
420.0,0.292
421.0,0.306
422.0,0.2912
423.0,0.2848
424.0,0.3015
425.0,0.3014
426.0,0.2943
427.0,0.2892
428.0,0.282
429.0,0.2678
430.0,0.2348
431.0,0.2328
432.0,0.3011
433.0,0.3032
434.0,0.2818
435.0,0.2945
436.0,0.3325
437.0,0.3288
438.0,0.2998
439.0,0.3097
440.0,0.32
441.0,0.3322
442.0,0.3566
443.0,0.3472
444.0,0.3554
445.0,0.3479
446.0,0.3329
447.0,0.3608
448.0,0.3661
449.0,0.3686
450.0,0.3794
451.0,0.3939
452.0,0.38
453.0,0.3578
454.0,0.3743
455.0,0.3767
456.0,0.386
457.0,0.3926
458.0,0.3788
459.0,0.3772
460.0,0.378
461.0,0.387
462.0,0.3906
463.0,0.388
464.0,0.3827
465.0,0.3788
466.0,0.3832
467.0,0.3761
468.0,0.3806
469.0,0.3827
470.0,0.3704
471.0,0.3702
472.0,0.3902
473.0,0.3852
474.0,0.3852
475.0,0.3879
476.0,0.3754
477.0,0.3758
478.0,0.3865
479.0,0.3846
480.0,0.3858
481.0,0.3938
482.0,0.3968
483.0,0.393
484.0,0.3856
485.0,0.368
486.0,0.3224
487.0,0.3386
488.0,0.3715
489.0,0.3724
490.0,0.3923
491.0,0.386
492.0,0.3647
493.0,0.3768
494.0,0.3808
495.0,0.3843
496.0,0.3867
497.0,0.3926
498.0,0.3742
499.0,0.3785
500.0,0.367
501.0,0.3596
502.0,0.3533
503.0,0.3665
504.0,0.3538
505.0,0.3692
506.0,0.3811
507.0,0.3628
508.0,0.3526
509.0,0.3633
510.0,0.3621
511.0,0.3726
512.0,0.377
513.0,0.357
514.0,0.3548
515.0,0.3513
516.0,0.3503
517.0,0.3115
518.0,0.3274
519.0,0.3433
520.0,0.3557
521.0,0.3589
522.0,0.3589
523.0,0.3522
524.0,0.3641
525.0,0.3675
526.0,0.3507
527.0,0.3297
528.0,0.3481
529.0,0.3664
530.0,0.3608
531.0,0.3658
532.0,0.3531
533.0,0.3428
534.0,0.3532
535.0,0.3613
536.0,0.365
537.0,0.351
538.0,0.3574
539.0,0.3544
540.0,0.3396
541.0,0.3407
542.0,0.3509
543.0,0.348
544.0,0.3531
545.0,0.3522
546.0,0.3529
547.0,0.3535
548.0,0.3497
549.0,0.351
550.0,0.3552
551.0,0.3511
552.0,0.3535
553.0,0.347
554.0,0.3552
555.0,0.3557
556.0,0.3509
557.0,0.3397
558.0,0.3365
559.0,0.3297
560.0,0.3334
561.0,0.3372
562.0,0.3341
563.0,0.3424
564.0,0.3324
565.0,0.329
566.0,0.3237
567.0,0.3291
568.0,0.3243
569.0,0.3132
570.0,0.3135
571.0,0.3124
572.0,0.3176
573.0,0.3206
574.0,0.319
575.0,0.3122
576.0,0.3094
577.0,0.3132
578.0,0.3095
579.0,0.3123
580.0,0.3209
581.0,0.3245
582.0,0.3324
583.0,0.3346
584.0,0.3385
585.0,0.3308
586.0,0.3241
587.0,0.3301
588.0,0.3178
589.0,0.2733
590.0,0.2864
591.0,0.3081
592.0,0.3013
593.0,0.3096
594.0,0.3059
595.0,0.295
596.0,0.3136
597.0,0.3083
598.0,0.3097
599.0,0.3109
600.0,0.313
601.0,0.3118
602.0,0.3099
603.0,0.3157
604.0,0.3214
605.0,0.3201
606.0,0.3196
607.0,0.3236
608.0,0.3208
609.0,0.322
610.0,0.3205
611.0,0.3227
612.0,0.3222
613.0,0.3186
614.0,0.3149
615.0,0.3225
616.0,0.3124
617.0,0.3121
618.0,0.3246
619.0,0.3215
620.0,0.3236
621.0,0.3233
622.0,0.3191
623.0,0.3139
624.0,0.3089
625.0,0.3082
626.0,0.3125
627.0,0.3143
628.0,0.2737
629.0,0.2999
630.0,0.2923
631.0,0.3057
632.0,0.3033
633.0,0.3154
634.0,0.3146
635.0,0.3207
636.0,0.3177
637.0,0.3239
638.0,0.3286
639.0,0.3258
640.0,0.3237
641.0,0.3242
642.0,0.3236
643.0,0.3281
644.0,0.3279
645.0,0.328
646.0,0.3179
647.0,0.3085
648.0,0.3093
649.0,0.3023
650.0,0.3111
651.0,0.3258
652.0,0.3053
653.0,0.322
654.0,0.3189
655.0,0.3035
656.0,0.2715
657.0,0.2793
658.0,0.3153
659.0,0.3185
660.0,0.3204
661.0,0.3231
662.0,0.3225
663.0,0.3166
664.0,0.3223
665.0,0.3241
666.0,0.325
667.0,0.3255
668.0,0.3265
669.0,0.3321
670.0,0.331
671.0,0.3313
672.0,0.3288
673.0,0.3341
674.0,0.3332
675.0,0.3306
676.0,0.3332
677.0,0.3302
678.0,0.3314
679.0,0.3263
680.0,0.3291
681.0,0.3271
682.0,0.3267
683.0,0.3262
684.0,0.3245
685.0,0.3277
686.0,0.3253
687.0,0.1372
688.0,0.1926
689.0,0.1945
690.0,0.2163
691.0,0.2428
692.0,0.2645
693.0,0.2618
694.0,0.2621
695.0,0.2835
696.0,0.2847
697.0,0.3139
698.0,0.3088
699.0,0.2931
700.0,0.2891
701.0,0.2827
702.0,0.288
703.0,0.2895
704.0,0.3038
705.0,0.3041
706.0,0.3057
707.0,0.3068
708.0,0.3072
709.0,0.3112
710.0,0.3093
711.0,0.3102
712.0,0.311
713.0,0.3061
714.0,0.3079
715.0,0.2946
716.0,0.294
717.0,0.2254
718.0,0.205
719.0,0.1856
720.0,0.1912
721.0,0.2273
722.0,0.278
723.0,0.2501
724.0,0.2144
725.0,0.2077
726.0,0.2181
727.0,0.2286
728.0,0.2059
729.0,0.2236
730.0,0.2338
731.0,0.2221
732.0,0.2485
733.0,0.2727
734.0,0.2826
735.0,0.2749
736.0,0.2739
737.0,0.2752
738.0,0.2878
739.0,0.2824
740.0,0.2922
741.0,0.2907
742.0,0.2926
743.0,0.3005
744.0,0.3006
745.0,0.3015
746.0,0.3029
747.0,0.3038
748.0,0.3032
749.0,0.2999
750.0,0.2998
751.0,0.2968
752.0,0.2982
753.0,0.2998
754.0,0.3005
755.0,0.2987
756.0,0.2988
757.0,0.2991
758.0,0.2952
759.0,0.2836
760.0,0.007758
761.0,0.002631
762.0,0.07049
763.0,0.0171
764.0,0.03858
765.0,0.07026
766.0,0.113
767.0,0.1783
768.0,0.2412
769.0,0.2551
770.0,0.2741
771.0,0.281
772.0,0.2831
773.0,0.2855
774.0,0.2844
775.0,0.2825
776.0,0.2861
777.0,0.2824
778.0,0.2806
779.0,0.2808
780.0,0.2794
781.0,0.2797
782.0,0.2816
783.0,0.2768
784.0,0.2783
785.0,0.2759
786.0,0.2786
787.0,0.2695
788.0,0.2643
789.0,0.2641
790.0,0.2518
791.0,0.2594
792.0,0.2583
793.0,0.2536
794.0,0.2634
795.0,0.2663
796.0,0.2504
797.0,0.25
798.0,0.265
799.0,0.262
800.0,0.2556
801.0,0.2529
802.0,0.252
803.0,0.249
804.0,0.2503
805.0,0.2518
806.0,0.2629
807.0,0.2589
808.0,0.2594
809.0,0.2515
810.0,0.2477
811.0,0.2445
812.0,0.2316
813.0,0.2251
814.0,0.1848
815.0,0.1848
816.0,0.1701
817.0,0.1737
818.0,0.1642
819.0,0.1947
820.0,0.1797
821.0,0.2274
822.0,0.2181
823.0,0.1231
824.0,0.2049
825.0,0.2238
826.0,0.2093
827.0,0.2268
828.0,0.1755
829.0,0.2093
830.0,0.2055
831.0,0.206
832.0,0.1967
833.0,0.2168
834.0,0.2042
835.0,0.237
836.0,0.2178
837.0,0.2377
838.0,0.2258
839.0,0.2344
840.0,0.2407
841.0,0.2354
842.0,0.2389
843.0,0.2419
844.0,0.2369
845.0,0.2471
846.0,0.2466
847.0,0.2429
848.0,0.24
849.0,0.2332
850.0,0.2236
851.0,0.2352
852.0,0.2343
853.0,0.2267
854.0,0.1947
855.0,0.2153
856.0,0.2347
857.0,0.2409
858.0,0.2387
859.0,0.2396
860.0,0.2404
861.0,0.239
862.0,0.243
863.0,0.2487
864.0,0.2364
865.0,0.2344
866.0,0.2108
867.0,0.22
868.0,0.2395
869.0,0.2346
870.0,0.2413
871.0,0.238
872.0,0.2373
873.0,0.2368
874.0,0.234
875.0,0.2292
876.0,0.2315
877.0,0.2339
878.0,0.2362
879.0,0.2327
880.0,0.2277
881.0,0.2236
882.0,0.2281
883.0,0.2296
884.0,0.2282
885.0,0.2299
886.0,0.2167
887.0,0.2209
888.0,0.2232
889.0,0.2277
890.0,0.2232
891.0,0.2241
892.0,0.2143
893.0,0.2046
894.0,0.1904
895.0,0.1714
896.0,0.1595
897.0,0.1279
898.0,0.1437
899.0,0.09951
900.0,0.1531
901.0,0.1043
902.0,0.1351
903.0,0.1316
904.0,0.1886
905.0,0.1793
906.0,0.1651
907.0,0.1188
908.0,0.1246
909.0,0.1403
910.0,0.1134
911.0,0.1297
912.0,0.1355
913.0,0.1145
914.0,0.1159
915.0,0.1243
916.0,0.1041
917.0,0.1424
918.0,0.1057
919.0,0.1489
920.0,0.1594
921.0,0.1647
922.0,0.1393
923.0,0.1602
924.0,0.1401
925.0,0.1377
926.0,0.1375
927.0,0.1616
928.0,0.09632
929.0,0.0824
930.0,0.05594
931.0,0.05265
932.0,0.03015
933.0,0.02159
934.0,0.006733
935.0,0.02424
936.0,0.01143
937.0,0.01154
938.0,0.01539
939.0,0.05076
940.0,0.06743
941.0,0.04323
942.0,0.05361
943.0,0.02977
944.0,0.03706
945.0,0.0463
946.0,0.01659
947.0,0.04452
948.0,0.03211
949.0,0.06729
950.0,0.00982
951.0,0.06681
952.0,0.02724
953.0,0.04085
954.0,0.05682
955.0,0.04212
956.0,0.04918
957.0,0.02699
958.0,0.07651
959.0,0.05149
960.0,0.05782
961.0,0.07233
962.0,0.06826
963.0,0.08547
964.0,0.07646
965.0,0.08453
966.0,0.0842
967.0,0.08264
968.0,0.1396
969.0,0.1408
970.0,0.1272
971.0,0.1585
972.0,0.1485
973.0,0.1164
974.0,0.1098
975.0,0.1177
976.0,0.1044
977.0,0.1347
978.0,0.1213
979.0,0.1304
980.0,0.121
981.0,0.1579
982.0,0.1462
983.0,0.1378
984.0,0.169
985.0,0.1452
986.0,0.1761
987.0,0.1686
988.0,0.1687
989.0,0.1783
990.0,0.1675
991.0,0.1784
992.0,0.1799
993.0,0.1716
994.0,0.1804
995.0,0.1809
996.0,0.1793
997.0,0.1799
998.0,0.1788
999.0,0.1784
1000.0,0.176
1001.0,0.1794
1002.0,0.1697
1003.0,0.176
1004.0,0.1704
1005.0,0.1659
1006.0,0.1716
1007.0,0.1756
1008.0,0.1738
1009.0,0.172
1010.0,0.1708
1011.0,0.1748
1012.0,0.1725
1013.0,0.1747
1014.0,0.1735
1015.0,0.1722
1016.0,0.1713
1017.0,0.1715
1018.0,0.1715
1019.0,0.166
1020.0,0.1703
1021.0,0.1704
1022.0,0.1684
1023.0,0.1701
1024.0,0.166
1025.0,0.1706
1026.0,0.1694
1027.0,0.1691
1028.0,0.1686
1029.0,0.1664
1030.0,0.1682
1031.0,0.1673
1032.0,0.167
1033.0,0.1644
1034.0,0.1645
1035.0,0.165
1036.0,0.1657
1037.0,0.1631
1038.0,0.1637
1039.0,0.1635
1040.0,0.1628
1041.0,0.1633
1042.0,0.1621
1043.0,0.1615
1044.0,0.1619
1045.0,0.1596
1046.0,0.1577
1047.0,0.159
1048.0,0.1597
1049.0,0.159
1050.0,0.1581
1051.0,0.1577
1052.0,0.1569
1053.0,0.1554
1054.0,0.1555
1055.0,0.1553
1056.0,0.1544
1057.0,0.1537
1058.0,0.1496
1059.0,0.1495
1060.0,0.1491
1061.0,0.1488
1062.0,0.1492
1063.0,0.1475
1064.0,0.1494
1065.0,0.1476
1066.0,0.1452
1067.0,0.1469
1068.0,0.1432
1069.0,0.1392
1070.0,0.1435
1071.0,0.1473
1072.0,0.1444
1073.0,0.1426
1074.0,0.1481
1075.0,0.1364
1076.0,0.1477
1077.0,0.1427
1078.0,0.1387
1079.0,0.1462
1080.0,0.1405
1081.0,0.1337
1082.0,0.1397
1083.0,0.1412
1084.0,0.1326
1085.0,0.1412
1086.0,0.1232
1087.0,0.1308
1088.0,0.1404
1089.0,0.1315
1090.0,0.1267
1091.0,0.1388
1092.0,0.1391
1093.0,0.1071
1094.0,0.1259
1095.0,0.1118
1096.0,0.1042
1097.0,0.136
1098.0,0.1008
1099.0,0.1066
1100.0,0.09526
1101.0,0.09803
1102.0,0.09061
1103.0,0.08766
1104.0,0.08814
1105.0,0.1032
1106.0,0.06319
1107.0,0.0952
1108.0,0.07132
1109.0,0.07268
1110.0,0.09196
1111.0,0.04992
1112.0,0.07267
1113.0,0.03504
1114.0,0.0394
1115.0,0.03162
1116.0,0.02011
1117.0,0.003784
1118.0,0.02282
1119.0,0.007658
1120.0,0.009049
1121.0,0.01363
1122.0,0.003338
1123.0,0.008293
1124.0,0.006949
1125.0,0.009966
1126.0,0.001416
1127.0,0.01145
1128.0,0.004261
1129.0,0.004706
1130.0,0.002845
1131.0,0.03055
1132.0,0.02204
1133.0,0.009491
1134.0,0.001062
1135.0,0.0004837
1136.0,0.006597
1137.0,0.02819
1138.0,0.01881
1139.0,0.03983
1140.0,0.02863
1141.0,0.01805
1142.0,0.02268
1143.0,0.03769
1144.0,0.008473
1145.0,0.009067
1146.0,0.009744
1147.0,0.001542
1148.0,0.0316
1149.0,0.02212
1150.0,0.01027
1151.0,0.0187
1152.0,0.02672
1153.0,0.02919
1154.0,0.009346
1155.0,0.04145
1156.0,0.03477
1157.0,0.04496
1158.0,0.04424
1159.0,0.05011
1160.0,0.04127
1161.0,0.05826
1162.0,0.05764
1163.0,0.09273
1164.0,0.07432
1165.0,0.06491
1166.0,0.06898
1167.0,0.0776
1168.0,0.07744
1169.0,0.08049
1170.0,0.09225
1171.0,0.08992
1172.0,0.09493
1173.0,0.09216
1174.0,0.05575
1175.0,0.09323
1176.0,0.1093
1177.0,0.1002
1178.0,0.06734
1179.0,0.1101
1180.0,0.09099
1181.0,0.09409
1182.0,0.05573
1183.0,0.09407
1184.0,0.08494
1185.0,0.07902
1186.0,0.1036
1187.0,0.09543
1188.0,0.0548
1189.0,0.08849
1190.0,0.1022
1191.0,0.09028
1192.0,0.1042
1193.0,0.0976
1194.0,0.1021
1195.0,0.09203
1196.0,0.08626
1197.0,0.1039
1198.0,0.09331
1199.0,0.0703
1200.0,0.09638
1201.0,0.08946
1202.0,0.09214
1203.0,0.0892
1204.0,0.07452
1205.0,0.09664
1206.0,0.1112
1207.0,0.09042
1208.0,0.09179
1209.0,0.09402
1210.0,0.1001
1211.0,0.09226
1212.0,0.08566
1213.0,0.1048
1214.0,0.08961
1215.0,0.08754
1216.0,0.1052
1217.0,0.1007
1218.0,0.1041
1219.0,0.1017
1220.0,0.1044
1221.0,0.1067
1222.0,0.1032
1223.0,0.1014
1224.0,0.09867
1225.0,0.1056
1226.0,0.1078
1227.0,0.0944
1228.0,0.1094
1229.0,0.1079
1230.0,0.1051
1231.0,0.1113
1232.0,0.1105
1233.0,0.1024
1234.0,0.1122
1235.0,0.1108
1236.0,0.1122
1237.0,0.1089
1238.0,0.1118
1239.0,0.1103
1240.0,0.111
1241.0,0.1093
1242.0,0.1101
1243.0,0.1093
1244.0,0.1097
1245.0,0.1104
1246.0,0.1098
1247.0,0.109
1248.0,0.1083
1249.0,0.1092
1250.0,0.1082
1251.0,0.106
1252.0,0.107
1253.0,0.1044
1254.0,0.1021
1255.0,0.1064
1256.0,0.1003
1257.0,0.09916
1258.0,0.1035
1259.0,0.09501
1260.0,0.09608
1261.0,0.08504
1262.0,0.07964
1263.0,0.07965
1264.0,0.06736
1265.0,0.07924
1266.0,0.07253
1267.0,0.07639
1268.0,0.0684
1269.0,0.02322
1270.0,0.07509
1271.0,0.08553
1272.0,0.08635
1273.0,0.0848
1274.0,0.08595
1275.0,0.08819
1276.0,0.09019
1277.0,0.09232
1278.0,0.0963
1279.0,0.09537
1280.0,0.09427
1281.0,0.09104
1282.0,0.08952
1283.0,0.09603
1284.0,0.09801
1285.0,0.09898
1286.0,0.1013
1287.0,0.09791
1288.0,0.0985
1289.0,0.09178
1290.0,0.09778
1291.0,0.09981
1292.0,0.08746
1293.0,0.09644
1294.0,0.09552
1295.0,0.09277
1296.0,0.0849
1297.0,0.07781
1298.0,0.08946
1299.0,0.09709
1300.0,0.07302
1301.0,0.07668
1302.0,0.08941
1303.0,0.07283
1304.0,0.05427
1305.0,0.08715
1306.0,0.08605
1307.0,0.05829
1308.0,0.07434
1309.0,0.08379
1310.0,0.05632
1311.0,0.06934
1312.0,0.06658
1313.0,0.06299
1314.0,0.05341
1315.0,0.05114
1316.0,0.06669
1317.0,0.06188
1318.0,0.07079
1319.0,0.04603
1320.0,0.04619
1321.0,0.05725
1322.0,0.05598
1323.0,0.03492
1324.0,0.04559
1325.0,0.06442
1326.0,0.05082
1327.0,0.04709
1328.0,0.03795
1329.0,0.02263
1330.0,0.03275
1331.0,0.01414
1332.0,0.01595
1333.0,0.02324
1334.0,0.02379
1335.0,0.03394
1336.0,0.02334
1337.0,0.0201
1338.0,0.02127
1339.0,0.02182
1340.0,0.02294
1341.0,0.01827
1342.0,0.01981
1343.0,0.008205
1344.0,0.005405
1345.0,0.00721
1346.0,0.001683
1347.0,0.001446
1348.0,2.382e-05
1349.0,0.0001105
1350.0,0.0001358
1351.0,1.056e-05
1352.0,1.167e-06
1353.0,5.199e-08
1354.0,2.03e-07
1355.0,1.369e-09
1356.0,2.523e-08
1357.0,3.822e-08
1358.0,1.609e-09
1359.0,2.016e-10
1360.0,7.297e-10
1361.0,8.147e-13
1362.0,2.229e-15
1363.0,9.796e-10
1364.0,4.045e-10
1365.0,7.781e-16
1366.0,4.246e-09
1367.0,1.736e-09
1368.0,6.008e-18
1369.0,1.491e-10
1370.0,7.338e-11
1371.0,4.159e-12
1372.0,9.423e-10
1373.0,1.925e-08
1374.0,9.346e-08
1375.0,1.646e-07
1376.0,1.769e-07
1377.0,7.83e-08
1378.0,7.538e-07
1379.0,3.359e-08
1380.0,4.204e-08
1381.0,1.081e-09
1382.0,8.25e-10
1383.0,1.233e-11
1384.0,1.615e-10
1385.0,7.812e-10
1386.0,7.264e-10
1387.0,8.912e-08
1388.0,1.831e-09
1389.0,3.288e-07
1390.0,2.749e-07
1391.0,1.84e-07
1392.0,1.214e-08
1393.0,6.872e-08
1394.0,3.028e-08
1395.0,2.208e-10
1396.0,1.061e-12
1397.0,2.553e-08
1398.0,7.735e-07
1399.0,5.013e-07
1400.0,4.535e-13
1401.0,1.882e-12
1402.0,3.642e-06
1403.0,3.272e-06
1404.0,8.376e-07
1405.0,1.041e-10
1406.0,1.578e-06
1407.0,2.587e-07
1408.0,1.361e-06
1409.0,3.57e-07
1410.0,3.892e-07
1411.0,3.066e-06
1412.0,6.067e-06
1413.0,0.0001581
1414.0,3.33e-07
1415.0,1.356e-07
1416.0,0.0007571
1417.0,0.0001194
1418.0,7.644e-05
1419.0,1.028e-05
1420.0,4.58e-05
1421.0,8.022e-05
1422.0,0.0009785
1423.0,0.0001723
1424.0,0.0004154
1425.0,0.0004456
1426.0,0.0008053
1427.0,0.001985
1428.0,1.807e-05
1429.0,0.001077
1430.0,0.003087
1431.0,0.003709
1432.0,1.381e-05
1433.0,0.001957
1434.0,0.0008184
1435.0,0.0003809
1436.0,0.001365
1437.0,0.00108
1438.0,0.0003039
1439.0,0.002081
1440.0,0.001738
1441.0,0.0008484
1442.0,0.0008027
1443.0,0.001638
1444.0,0.003077
1445.0,0.001575
1446.0,0.0004946
1447.0,0.001037
1448.0,0.00921
1449.0,0.007266
1450.0,0.0008712
1451.0,0.000266
1452.0,0.003088
1453.0,0.004499
1454.0,0.01348
1455.0,0.004212
1456.0,0.005307
1457.0,0.009657
1458.0,0.01519
1459.0,0.01787
1460.0,0.007348
1461.0,0.0058
1462.0,0.01207
1463.0,0.002457
1464.0,0.01738
1465.0,0.009595
1466.0,0.003229
1467.0,0.001182
1468.0,0.004526
1469.0,0.007041
1470.0,0.001443
1471.0,0.0005618
1472.0,0.001341
1473.0,0.00363
1474.0,0.008663
1475.0,0.02304
1476.0,0.00449
1477.0,0.00389
1478.0,0.005066
1479.0,0.01214
1480.0,0.003362
1481.0,0.01049
1482.0,0.004279
1483.0,0.01638
1484.0,0.0172
1485.0,0.01411
1486.0,0.01188
1487.0,0.003334
1488.0,0.009833
1489.0,0.02719
1490.0,0.02651
1491.0,0.0326
1492.0,0.02053
1493.0,0.02594
1494.0,0.03409
1495.0,0.0286
1496.0,0.02552
1497.0,0.04574
1498.0,0.0325
1499.0,0.04018
1500.0,0.05254
1501.0,0.05381
1502.0,0.04506
1503.0,0.03351
1504.0,0.02364
1505.0,0.03243
1506.0,0.05673
1507.0,0.05323
1508.0,0.05081
1509.0,0.0324
1510.0,0.06033
1511.0,0.05574
1512.0,0.05778
1513.0,0.04768
1514.0,0.04274
1515.0,0.06009
1516.0,0.05644
1517.0,0.05261
1518.0,0.05352
1519.0,0.05036
1520.0,0.05694
1521.0,0.0665
1522.0,0.05961
1523.0,0.06784
1524.0,0.0639
1525.0,0.05786
1526.0,0.05934
1527.0,0.05961
1528.0,0.06708
1529.0,0.06238
1530.0,0.05992
1531.0,0.06233
1532.0,0.06775
1533.0,0.06828
1534.0,0.06664
1535.0,0.0654
1536.0,0.06753
1537.0,0.06534
1538.0,0.06728
1539.0,0.06555
1540.0,0.06653
1541.0,0.06679
1542.0,0.06537
1543.0,0.0673
1544.0,0.06577
1545.0,0.06808
1546.0,0.06637
1547.0,0.06593
1548.0,0.06595
1549.0,0.06683
1550.0,0.06621
1551.0,0.06655
1552.0,0.0655
1553.0,0.06583
1554.0,0.06507
1555.0,0.06546
1556.0,0.06533
1557.0,0.06621
1558.0,0.06583
1559.0,0.06536
1560.0,0.06579
1561.0,0.06627
1562.0,0.06511
1563.0,0.06472
1564.0,0.06494
1565.0,0.06535
1566.0,0.06432
1567.0,0.06455
1568.0,0.06375
1569.0,0.06438
1570.0,0.06488
1571.0,0.0653
1572.0,0.06485
1573.0,0.06428
1574.0,0.06184
1575.0,0.06098
1576.0,0.05967
1577.0,0.05803
1578.0,0.0607
1579.0,0.06077
1580.0,0.06149
1581.0,0.06061
1582.0,0.05953
1583.0,0.05964
1584.0,0.06149
1585.0,0.06233
1586.0,0.06139
1587.0,0.06044
1588.0,0.05932
1589.0,0.05754
1590.0,0.05861
1591.0,0.06016
1592.0,0.06154
1593.0,0.06293
1594.0,0.06254
1595.0,0.06196
1596.0,0.06
1597.0,0.06116
1598.0,0.06253
1599.0,0.06185
1600.0,0.06158
1601.0,0.06054
1602.0,0.06052
1603.0,0.0615
1604.0,0.061
1605.0,0.06101
1606.0,0.0603
1607.0,0.06085
1608.0,0.06049
1609.0,0.05911
1610.0,0.05787
1611.0,0.05882
1612.0,0.05967
1613.0,0.05951
1614.0,0.05966
1615.0,0.05839
1616.0,0.05743
1617.0,0.05833
1618.0,0.05959
1619.0,0.05812
1620.0,0.05729
1621.0,0.05784
1622.0,0.05874
1623.0,0.05964
1624.0,0.05874
1625.0,0.05852
1626.0,0.05858
1627.0,0.05914
1628.0,0.05878
1629.0,0.05846
1630.0,0.058
1631.0,0.05725
1632.0,0.05734
1633.0,0.05473
1634.0,0.05705
1635.0,0.05504
1636.0,0.05537
1637.0,0.05514
1638.0,0.0499
1639.0,0.05386
1640.0,0.04907
1641.0,0.0532
1642.0,0.05478
1643.0,0.04831
1644.0,0.05494
1645.0,0.05135
1646.0,0.04833
1647.0,0.05571
1648.0,0.04832
1649.0,0.05362
1650.0,0.05429
1651.0,0.04642
1652.0,0.05311
1653.0,0.05417
1654.0,0.04839
1655.0,0.05418
1656.0,0.05208
1657.0,0.05302
1658.0,0.05471
1659.0,0.05405
1660.0,0.05456
1661.0,0.05404
1662.0,0.05151
1663.0,0.05429
1664.0,0.05344
1665.0,0.04777
1666.0,0.03123
1667.0,0.04732
1668.0,0.0517
1669.0,0.05185
1670.0,0.05346
1671.0,0.05136
1672.0,0.05124
1673.0,0.0527
1674.0,0.05042
1675.0,0.04991
1676.0,0.05071
1677.0,0.05015
1678.0,0.04762
1679.0,0.05069
1680.0,0.04835
1681.0,0.04569
1682.0,0.04977
1683.0,0.05084
1684.0,0.04302
1685.0,0.05141
1686.0,0.05121
1687.0,0.04744
1688.0,0.05065
1689.0,0.05015
1690.0,0.04951
1691.0,0.04126
1692.0,0.04889
1693.0,0.0515
1694.0,0.04779
1695.0,0.0506
1696.0,0.05087
1697.0,0.03653
1698.0,0.04996
1699.0,0.0493
1700.0,0.04704
1702.0,0.04885
1705.0,0.04611
1710.0,0.043
1715.0,0.04348
1720.0,0.04344
1725.0,0.03857
1730.0,0.03859
1735.0,0.03601
1740.0,0.03608
1745.0,0.03345
1750.0,0.03605
1755.0,0.03209
1760.0,0.03401
1765.0,0.02545
1770.0,0.02705
1775.0,0.01931
1780.0,0.01514
1785.0,0.009468
1790.0,0.01158
1795.0,0.002548
1800.0,0.002284
1805.0,0.000219
1810.0,0.0002278
1815.0,7.938e-06
1820.0,7.321e-07
1825.0,1.052e-06
1830.0,7.017e-10
1835.0,1.491e-09
1840.0,5.931e-12
1845.0,6.312e-10
1850.0,2.847e-10
1855.0,2.738e-11
1860.0,1.934e-09
1865.0,2.346e-09
1870.0,1.188e-14
1875.0,2.146e-14
1880.0,1.694e-08
1885.0,8.06e-09
1890.0,4.242e-08
1895.0,3.225e-08
1900.0,8.46e-11
1905.0,5.864e-11
1910.0,3.001e-09
1915.0,4.037e-09
1920.0,1.271e-07
1925.0,7.218e-07
1930.0,6.327e-07
1935.0,1.925e-05
1940.0,4.761e-05
1945.0,0.000325
1950.0,0.001274
1955.0,0.0007226
1960.0,0.002746
1965.0,0.005931
1970.0,0.0105
1975.0,0.01266
1980.0,0.01336
1985.0,0.01529
1990.0,0.01594
1995.0,0.0177
2000.0,0.01953
2005.0,0.01474
2010.0,0.02648
2015.0,0.01777
2020.0,0.02011
2025.0,0.02378
2030.0,0.02055
2035.0,0.02465
2040.0,0.02239
2045.0,0.02356
2050.0,0.0249
2055.0,0.02307
2060.0,0.02199
2065.0,0.02291
2070.0,0.02245
2075.0,0.02384
2080.0,0.02319
2085.0,0.02306
2090.0,0.0236
2095.0,0.02271
2100.0,0.02017
2105.0,0.02296
2110.0,0.02139
2115.0,0.0226
2120.0,0.02044
2125.0,0.02114
2130.0,0.02183
2135.0,0.02211
2140.0,0.02246
2145.0,0.0222
2150.0,0.01973
2155.0,0.01979
2160.0,0.01983
2165.0,0.01785
2170.0,0.01949
2175.0,0.01835
2180.0,0.01947
2185.0,0.01642
2190.0,0.01853
2195.0,0.01822
2200.0,0.01424
2205.0,0.0163
2210.0,0.01908
2215.0,0.01757
2220.0,0.01829
2225.0,0.01751
2230.0,0.01768
2235.0,0.01699
2240.0,0.01678
2245.0,0.0155
2250.0,0.01651
2255.0,0.01437
2260.0,0.014
2265.0,0.01502
2270.0,0.01317
2275.0,0.01284
2280.0,0.01456
2285.0,0.01265
2290.0,0.01275
2295.0,0.01232
2300.0,0.01092
2305.0,0.0112
2310.0,0.01408
2315.0,0.01111
2320.0,0.00863
2325.0,0.01153
2330.0,0.01105
2335.0,0.01175
2340.0,0.007235
2345.0,0.00888
2350.0,0.006193
2355.0,0.007845
2360.0,0.008921
2365.0,0.00929
2370.0,0.003104
2375.0,0.007072
2380.0,0.006938
2385.0,0.003968
2390.0,0.005361
2395.0,0.006187
2400.0,0.007201
2405.0,0.004899
2410.0,0.004864
2415.0,0.003091
2420.0,0.003169
2425.0,0.004371
2430.0,0.007075
2435.0,0.001193
2440.0,0.007144
2445.0,0.002027
2450.0,0.000958
2455.0,0.002891
2460.0,0.004108
2465.0,0.002217
2470.0,0.0009762
2475.0,0.0009276
2480.0,0.0003219
2485.0,9.756e-05
2490.0,2.821e-05
2495.0,2.543e-05
2500.0,0.0001513
2505.0,2.581e-05
2510.0,4.179e-05
2515.0,3.931e-06
2520.0,1.208e-07
2525.0,3.479e-08
2530.0,1.685e-11
2535.0,3.709e-12
2540.0,8.806e-12
2545.0,6.823e-16
2550.0,2.766e-18
2555.0,1.328e-14
2560.0,3.985e-16
2565.0,8.920000000000001e-20
2570.0,2.656e-24
2575.0,1.68e-34
2580.0,1.7520000000000001e-28
2585.0,3.6620000000000005e-42
2590.0,2.285e-38
2595.0,4.445e-40
2600.0,3.66e-35
2605.0,4.0440000000000005e-42
2610.0,1.392e-41
2615.0,1.4009999999999999e-45
2620.0,1.227e-35
2625.0,2.2460000000000002e-35
2630.0,0.0
2635.0,1.17e-21
2640.0,2.532e-22
2645.0,1.104e-24
2650.0,1.099e-25
2655.0,1.322e-34
2660.0,1.113e-31
2665.0,1.121e-44
2670.0,0.0
2675.0,5.325e-44
2680.0,2.257e-30
2685.0,2.156e-31
2690.0,8.067000000000001e-31
2695.0,3.165e-33
2700.0,9.218999999999999e-29
2705.0,2.615e-26
2710.0,2.082e-31
2715.0,2.6289999999999996e-29
2720.0,0.0
2725.0,5.886e-27
2730.0,1.716e-24
2735.0,1.9570000000000003e-26
2740.0,3.535e-32
2745.0,4.558e-27
2750.0,2.5540000000000003e-26
2755.0,4.11e-28
2760.0,6.157e-23
2765.0,2.89e-29
2770.0,1.42e-26
2775.0,1.753e-23
2780.0,8.162e-21
2785.0,3.065e-20
2790.0,6.987e-18
2795.0,1.537e-18
2800.0,4.927e-15
2805.0,9.18e-17
2810.0,3.681e-13
2815.0,1.098e-13
2820.0,1.341e-15
2825.0,1.197e-11
2830.0,3.166e-10
2835.0,3.523e-15
2840.0,8.254e-12
2845.0,1.011e-08
2850.0,4.747e-11
2855.0,7.712e-11
2860.0,3.584e-09
2865.0,5.493e-08
2870.0,2.755e-10
2875.0,4.131e-07
2880.0,8.379e-07
2885.0,4.472e-07
2890.0,6.618e-07
2895.0,3.937e-05
2900.0,4.71e-06
2905.0,2.136e-07
2910.0,5.119e-05
2915.0,1.227e-05
2920.0,5.113e-05
2925.0,1.853e-05
2930.0,0.0002335
2935.0,0.0002565
2940.0,3.182e-05
2945.0,1.286e-05
2950.0,0.000168
2955.0,8.314e-05
2960.0,0.000207
2965.0,0.0004939
2970.0,3.201e-06
2975.0,1.804e-05
2980.0,2.754e-05
2985.0,0.0004614
2990.0,0.001056
2995.0,0.0001654
3000.0,0.0005332
3005.0,0.0001041
3010.0,0.0005139
3015.0,0.000296
3020.0,2.478e-06
3025.0,0.0005266
3030.0,0.0003766
3035.0,7.429e-05
3040.0,6.154e-05
3045.0,0.0001464
3050.0,2.085e-05
3055.0,2.044e-06
3060.0,0.000421
3065.0,9.523e-05
3070.0,3.105e-05
3075.0,0.0003709
3080.0,0.0001616
3085.0,3.321e-05
3090.0,5.365e-05
3095.0,5.624e-06
3100.0,0.0002245
3105.0,2.086e-05
3110.0,4.846e-06
3115.0,4.812e-05
3120.0,0.0008618
3125.0,0.00019
3130.0,0.0004871
3135.0,0.001166
3140.0,0.0001559
3145.0,0.0001644
3150.0,0.0005256
3155.0,0.000446
3160.0,0.0008664
3165.0,0.001985
3170.0,0.001768
3175.0,0.0008737
3180.0,0.001335
3185.0,0.0004885
3190.0,0.0002743
3195.0,4.837e-05
3200.0,1.582e-06
3205.0,5.23e-07
3210.0,2.496e-07
3215.0,3.184e-06
3220.0,1.609e-05
3225.0,1.56e-06
3230.0,1.985e-06
3235.0,0.000491
3240.0,8.967e-05
3245.0,1.741e-05
3250.0,8.206e-05
3255.0,0.0008967
3260.0,2.023e-05
3265.0,6.325e-05
3270.0,1.281e-05
3275.0,0.0003462
3280.0,9.313e-05
3285.0,0.001292
3290.0,0.0006933
3295.0,3.693e-05
3300.0,5.245e-05
3305.0,0.0001703
3310.0,0.0001318
3315.0,2.186e-10
3320.0,2.956e-08
3325.0,8.362e-05
3330.0,0.0004327
3335.0,0.0008637
3340.0,0.0002668
3345.0,0.0001639
3350.0,0.000913
3355.0,0.0001733
3360.0,0.0004154
3365.0,0.0008327
3370.0,0.0001562
3375.0,0.001127
3380.0,0.0002725
3385.0,0.0008663
3390.0,0.001162
3395.0,0.001282
3400.0,0.002329
3405.0,0.0002147
3410.0,0.0009061
3415.0,0.0006007
3420.0,0.002682
3425.0,0.001276
3430.0,0.0008798
3435.0,0.002208
3440.0,0.0007597
3445.0,0.001949
3450.0,0.0018
3455.0,0.0009858
3460.0,0.002542
3465.0,0.001286
3470.0,0.002497
3475.0,0.001803
3480.0,0.00191
3485.0,0.002365
3490.0,0.001603
3495.0,0.002474
3500.0,0.00234
3505.0,0.002308
3510.0,0.002404
3515.0,0.002188
3520.0,0.00254
3525.0,0.002251
3530.0,0.002101
3535.0,0.001396
3540.0,0.001265
3545.0,0.001413
3550.0,0.001932
3555.0,0.001393
3560.0,0.002075
3565.0,0.002037
3570.0,0.001259
3575.0,0.001214
3580.0,0.001886
3585.0,0.001452
3590.0,0.001634
3595.0,0.001835
3600.0,0.002065
3605.0,0.001952
3610.0,0.001669
3615.0,0.001822
3620.0,0.002635
3625.0,0.001948
3630.0,0.001956
3635.0,0.002064
3640.0,0.002618
3645.0,0.002106
3650.0,0.001993
3655.0,0.00238
3660.0,0.002388
3665.0,0.001995
3670.0,0.001298
3675.0,0.0004579
3680.0,0.001309
3685.0,0.001718
3690.0,0.001817
3695.0,0.002094
3700.0,0.002505
3705.0,0.002423
3710.0,0.001817
3715.0,0.00183
3720.0,0.002314
3725.0,0.002436
3730.0,0.001872
3735.0,0.001586
3740.0,0.00172
3745.0,0.002305
3750.0,0.001946
3755.0,0.001838
3760.0,0.001708
3765.0,0.001654
3770.0,0.001923
3775.0,0.001892
3780.0,0.002101
3785.0,0.001737
3790.0,0.001411
3795.0,0.001851
3800.0,0.002287
3805.0,0.002035
3810.0,0.001562
3815.0,0.00144
3820.0,0.002227
3825.0,0.002138
3830.0,0.002225
3835.0,0.001364
3840.0,0.001926
3845.0,0.001818
3850.0,0.001843
3855.0,0.001695
3860.0,0.001427
3865.0,0.00146
3870.0,0.001151
3875.0,0.0009087
3880.0,0.000835
3885.0,0.0009245
3890.0,0.0009626
3895.0,0.001226
3900.0,0.001443
3905.0,0.001445
3910.0,0.001097
3915.0,0.001038
3920.0,0.001045
3925.0,0.00101
3930.0,0.001105
3935.0,0.00124
3940.0,0.001287
3945.0,0.001359
3950.0,0.001431
3955.0,0.001482
3960.0,0.001524
3965.0,0.001561
3970.0,0.001529
3975.0,0.001443
3980.0,0.001404
3985.0,0.001433
3990.0,0.001399
3995.0,0.001336
4000.0,0.001255
