interpolation:linear
wavelength,value
280.0,1.25e-21
280.5,4.0070000000000004e-20
281.0,2.129e-19
281.5,5.086e-19
282.0,9.776e-19
282.5,2.444e-18
283.0,7.72e-18
283.5,1.255e-17
284.0,2.029e-16
284.5,5.866e-16
285.0,1.187e-15
285.5,5.706e-15
286.0,2.278e-14
286.5,1.007e-13
287.0,2.854e-13
287.5,1.085e-12
288.0,3.269e-12
288.5,1.03e-11
289.0,2.814e-11
289.5,8.647e-11
290.0,2.424e-10
290.5,4.973e-10
291.0,1.073e-09
291.5,3.093e-09
292.0,6.308e-09
292.5,9.165e-09
293.0,2.05e-08
293.5,5.264e-08
294.0,8.529e-08
294.5,1.119e-07
295.0,1.955e-07
295.5,4.607e-07
296.0,8.383e-07
296.5,1.215e-06
297.0,1.7e-06
297.5,4.835e-06
298.0,8.076e-06
298.5,8.544e-06
299.0,1.988e-05
299.5,3.671e-05
300.0,4.317e-05
300.5,6.74e-05
301.0,0.0001399
301.5,0.0002589
302.0,0.0002425
302.5,0.0004858
303.0,0.0009028
303.5,0.001164
304.0,0.001114
304.5,0.001743
305.0,0.00282
305.5,0.003364
306.0,0.003308
306.5,0.004228
307.0,0.006638
307.5,0.009315
308.0,0.009927
308.5,0.01204
309.0,0.01204
309.5,0.01423
310.0,0.01451
310.5,0.02368
311.0,0.03009
311.5,0.02921
312.0,0.02998
312.5,0.03712
313.0,0.04063
313.5,0.03914
314.0,0.04996
314.5,0.04551
315.0,0.0601
315.5,0.04965
316.0,0.04432
316.5,0.06483
317.0,0.08048
317.5,0.08334
318.0,0.06585
318.5,0.08373
319.0,0.1006
319.5,0.08046
320.0,0.09696
320.5,0.1243
321.0,0.1131
321.5,0.1087
322.0,0.1133
322.5,0.09867
323.0,0.09975
323.5,0.1242
324.0,0.1454
324.5,0.1468
325.0,0.126
325.5,0.1639
326.0,0.201
326.5,0.2029
327.0,0.2017
327.5,0.1942
328.0,0.1713
328.5,0.1822
329.0,0.2202
329.5,0.2508
330.0,0.2525
330.5,0.2007
331.0,0.2041
331.5,0.2086
332.0,0.2271
332.5,0.2255
333.0,0.2244
333.5,0.2021
334.0,0.2069
334.5,0.2403
335.0,0.2267
335.5,0.265
336.0,0.1834
336.5,0.2144
337.0,0.1755
337.5,0.2181
338.0,0.2141
338.5,0.2475
339.0,0.2451
339.5,0.2358
340.0,0.277
340.5,0.2499
341.0,0.2439
341.5,0.2241
342.0,0.268
342.5,0.2509
343.0,0.2759
343.5,0.2598
344.0,0.192
344.5,0.194
345.0,0.257
345.5,0.2626
346.0,0.2233
346.5,0.253
347.0,0.2717
347.5,0.2197
348.0,0.2507
348.5,0.2507
349.0,0.2327
349.5,0.2305
350.0,0.2853
350.5,0.301
351.0,0.2689
351.5,0.2613
352.0,0.2809
352.5,0.2194
353.0,0.2765
353.5,0.2958
354.0,0.3072
354.5,0.3116
355.0,0.3107
355.5,0.2808
356.0,0.294
356.5,0.2511
357.0,0.2075
357.5,0.2541
358.0,0.2015
358.5,0.1722
359.0,0.241
359.5,0.3071
360.0,0.3257
360.5,0.2604
361.0,0.2375
361.5,0.2737
362.0,0.2369
362.5,0.3281
363.0,0.2948
363.5,0.2717
364.0,0.3325
364.5,0.2843
365.0,0.2897
365.5,0.3638
366.0,0.3856
366.5,0.3625
367.0,0.3532
367.5,0.3667
368.0,0.321
368.5,0.3241
369.0,0.3502
369.5,0.3734
370.0,0.3982
370.5,0.3092
371.0,0.3306
371.5,0.4137
372.0,0.2747
372.5,0.3295
373.0,0.3354
373.5,0.2183
374.0,0.3174
374.5,0.263
375.0,0.2557
375.5,0.3819
376.0,0.3167
376.5,0.3283
377.0,0.3478
377.5,0.407
378.0,0.4414
378.5,0.4173
379.0,0.3445
379.5,0.3147
380.0,0.3273
380.5,0.3966
381.0,0.3977
381.5,0.3155
382.0,0.2803
382.5,0.2391
383.0,0.2215
383.5,0.2134
384.0,0.2355
384.5,0.3466
385.0,0.3439
385.5,0.3204
386.0,0.2746
386.5,0.3608
387.0,0.2999
387.5,0.337
388.0,0.3113
388.5,0.3079
389.0,0.3324
389.5,0.4028
390.0,0.4045
390.5,0.3724
391.0,0.4385
391.5,0.4474
392.0,0.377
392.5,0.3377
393.0,0.188
393.5,0.1367
394.0,0.2783
394.5,0.354
395.0,0.4321
395.5,0.4391
396.0,0.3808
396.5,0.2227
397.0,0.1672
397.5,0.3402
398.0,0.4765
398.5,0.4927
399.0,0.5339
399.5,0.5324
400.0,0.5529
401.0,0.5597
402.0,0.591
403.0,0.5619
404.0,0.5536
405.0,0.5539
406.0,0.5453
407.0,0.537
408.0,0.5582
409.0,0.5978
410.0,0.5227
411.0,0.5666
412.0,0.6091
413.0,0.5943
414.0,0.602
415.0,0.604
416.0,0.6151
417.0,0.6003
418.0,0.5895
419.0,0.5976
420.0,0.5953
421.0,0.6231
422.0,0.5926
423.0,0.5791
424.0,0.6128
425.0,0.612
426.0,0.5967
427.0,0.5858
428.0,0.5709
429.0,0.5412
430.0,0.4739
431.0,0.4698
432.0,0.607
433.0,0.6107
434.0,0.5672
435.0,0.5925
436.0,0.6681
437.0,0.6596
438.0,0.601
439.0,0.6214
440.0,0.6415
441.0,0.6652
442.0,0.7136
443.0,0.695
444.0,0.7105
445.0,0.6952
446.0,0.6641
447.0,0.7184
448.0,0.7295
449.0,0.733
450.0,0.7539
451.0,0.7821
452.0,0.7538
453.0,0.7093
454.0,0.7409
455.0,0.7455
456.0,0.7635
457.0,0.7763
458.0,0.7497
459.0,0.746
460.0,0.748
461.0,0.7654
462.0,0.7717
463.0,0.7664
464.0,0.7543
465.0,0.7453
466.0,0.7529
467.0,0.7391
468.0,0.7478
469.0,0.7518
470.0,0.7279
471.0,0.7271
472.0,0.7661
473.0,0.7562
474.0,0.7571
475.0,0.7632
476.0,0.74
477.0,0.7418
478.0,0.7625
479.0,0.7582
480.0,0.76
481.0,0.7746
482.0,0.7791
483.0,0.7702
484.0,0.7547
485.0,0.7193
486.0,0.6292
487.0,0.6597
488.0,0.7237
489.0,0.7258
490.0,0.7639
491.0,0.751
492.0,0.7092
493.0,0.7325
494.0,0.74
495.0,0.7463
496.0,0.751
497.0,0.7626
498.0,0.7269
499.0,0.7361
500.0,0.7144
501.0,0.701
502.0,0.6906
503.0,0.7182
504.0,0.6982
505.0,0.7246
506.0,0.748
507.0,0.7119
508.0,0.6902
509.0,0.71
510.0,0.7066
511.0,0.7259
512.0,0.734
513.0,0.6948
514.0,0.6902
515.0,0.6834
516.0,0.6816
517.0,0.6058
518.0,0.6368
519.0,0.6679
520.0,0.6922
521.0,0.6987
522.0,0.6992
523.0,0.6865
524.0,0.7108
525.0,0.7187
526.0,0.6864
527.0,0.6465
528.0,0.6835
529.0,0.7202
530.0,0.7097
531.0,0.7201
532.0,0.6953
533.0,0.6749
534.0,0.695
535.0,0.7104
536.0,0.7171
537.0,0.689
538.0,0.7013
539.0,0.6954
540.0,0.6666
541.0,0.6705
542.0,0.6913
543.0,0.6844
544.0,0.6958
545.0,0.6938
546.0,0.6964
547.0,0.6965
548.0,0.6883
549.0,0.6905
550.0,0.6988
551.0,0.6904
552.0,0.6952
553.0,0.6827
554.0,0.699
555.0,0.7002
556.0,0.6911
557.0,0.6694
558.0,0.6641
559.0,0.6514
560.0,0.6594
561.0,0.6677
562.0,0.6625
563.0,0.6803
564.0,0.6614
565.0,0.6555
566.0,0.6456
567.0,0.6575
568.0,0.6507
569.0,0.6335
570.0,0.6336
571.0,0.6302
572.0,0.6442
573.0,0.6508
574.0,0.6485
575.0,0.636
576.0,0.6302
577.0,0.6373
578.0,0.6282
579.0,0.6315
580.0,0.6448
581.0,0.6491
582.0,0.6622
583.0,0.6645
584.0,0.6708
585.0,0.6547
586.0,0.6412
587.0,0.6547
588.0,0.6366
589.0,0.5597
590.0,0.5857
591.0,0.6224
592.0,0.613
593.0,0.624
594.0,0.6189
595.0,0.602
596.0,0.6293
597.0,0.6216
598.0,0.6211
599.0,0.6221
600.0,0.6239
601.0,0.6195
602.0,0.6154
603.0,0.6259
604.0,0.6364
605.0,0.6333
606.0,0.6311
607.0,0.6378
608.0,0.6311
609.0,0.6325
610.0,0.6284
611.0,0.6319
612.0,0.6303
613.0,0.6225
614.0,0.6143
615.0,0.628
616.0,0.6076
617.0,0.6066
618.0,0.6301
619.0,0.6238
620.0,0.6278
621.0,0.6281
622.0,0.6204
623.0,0.6107
624.0,0.6005
625.0,0.5992
626.0,0.608
627.0,0.614
628.0,0.5637
629.0,0.5961
630.0,0.582
631.0,0.5985
632.0,0.5919
633.0,0.6113
634.0,0.6064
635.0,0.6164
636.0,0.6089
637.0,0.6193
638.0,0.626
639.0,0.6194
640.0,0.6138
641.0,0.6138
642.0,0.6114
643.0,0.6197
644.0,0.6181
645.0,0.6188
646.0,0.6032
647.0,0.5934
648.0,0.5939
649.0,0.5821
650.0,0.5884
651.0,0.6145
652.0,0.5854
653.0,0.6065
654.0,0.6001
655.0,0.5759
656.0,0.5117
657.0,0.5257
658.0,0.5902
659.0,0.5949
660.0,0.5976
661.0,0.6019
662.0,0.6025
663.0,0.5908
664.0,0.5988
665.0,0.6
666.0,0.6008
667.0,0.6006
668.0,0.6013
669.0,0.6108
670.0,0.6084
671.0,0.6084
672.0,0.6033
673.0,0.6126
674.0,0.6105
675.0,0.6051
676.0,0.6093
677.0,0.6034
678.0,0.6053
679.0,0.5956
680.0,0.6005
681.0,0.5966
682.0,0.5958
683.0,0.5947
684.0,0.5917
685.0,0.597
686.0,0.5932
687.0,0.3525
688.0,0.432
689.0,0.4342
690.0,0.4621
691.0,0.4939
692.0,0.5181
693.0,0.5134
694.0,0.5095
695.0,0.5358
696.0,0.5367
697.0,0.5757
698.0,0.5667
699.0,0.549
700.0,0.5422
701.0,0.5352
702.0,0.5405
703.0,0.5417
704.0,0.5615
705.0,0.5624
706.0,0.5628
707.0,0.5637
708.0,0.5648
709.0,0.5672
710.0,0.5663
711.0,0.5661
712.0,0.5652
713.0,0.5588
714.0,0.5611
715.0,0.5417
716.0,0.5416
717.0,0.4546
718.0,0.4158
719.0,0.3795
720.0,0.3962
721.0,0.4463
722.0,0.5202
723.0,0.4794
724.0,0.4261
725.0,0.4173
726.0,0.4375
727.0,0.4475
728.0,0.4155
729.0,0.4364
730.0,0.4612
731.0,0.4399
732.0,0.4762
733.0,0.5094
734.0,0.5231
735.0,0.5114
736.0,0.5107
737.0,0.5127
738.0,0.5244
739.0,0.5141
740.0,0.5287
741.0,0.5241
742.0,0.5253
743.0,0.5389
744.0,0.5378
745.0,0.5383
746.0,0.5407
747.0,0.542
748.0,0.5409
749.0,0.5348
750.0,0.5345
751.0,0.5291
752.0,0.5314
753.0,0.5342
754.0,0.5354
755.0,0.5323
756.0,0.5321
757.0,0.5329
758.0,0.5262
759.0,0.5131
760.0,0.05242
761.0,0.02312
762.0,0.2195
763.0,0.09002
764.0,0.1517
765.0,0.2194
766.0,0.2884
767.0,0.3847
768.0,0.4615
769.0,0.4753
770.0,0.4961
771.0,0.5022
772.0,0.5039
773.0,0.5076
774.0,0.5053
775.0,0.5015
776.0,0.5077
777.0,0.501
778.0,0.498
779.0,0.4984
780.0,0.4956
781.0,0.4962
782.0,0.4993
783.0,0.4907
784.0,0.4931
785.0,0.4893
786.0,0.4945
787.0,0.484
788.0,0.4771
789.0,0.4768
790.0,0.4615
791.0,0.4681
792.0,0.465
793.0,0.4572
794.0,0.4677
795.0,0.4749
796.0,0.4567
797.0,0.457
798.0,0.4739
799.0,0.4702
800.0,0.4612
801.0,0.4589
802.0,0.4576
803.0,0.4537
804.0,0.4547
805.0,0.4543
806.0,0.4688
807.0,0.4628
808.0,0.4634
809.0,0.4533
810.0,0.4487
811.0,0.4473
812.0,0.4322
813.0,0.4219
814.0,0.3637
815.0,0.3618
816.0,0.3359
817.0,0.3427
818.0,0.3282
819.0,0.3733
820.0,0.3492
821.0,0.4174
822.0,0.404
823.0,0.2605
824.0,0.3888
825.0,0.41
826.0,0.3915
827.0,0.4162
828.0,0.3442
829.0,0.3898
830.0,0.3838
831.0,0.3853
832.0,0.372
833.0,0.3999
834.0,0.3829
835.0,0.427
836.0,0.4046
837.0,0.4284
838.0,0.413
839.0,0.4224
840.0,0.4322
841.0,0.4251
842.0,0.4274
843.0,0.4286
844.0,0.4219
845.0,0.4372
846.0,0.4355
847.0,0.4278
848.0,0.4245
849.0,0.4125
850.0,0.3952
851.0,0.4178
852.0,0.4152
853.0,0.4002
854.0,0.345
855.0,0.3798
856.0,0.4147
857.0,0.4244
858.0,0.4211
859.0,0.4217
860.0,0.4227
861.0,0.4203
862.0,0.427
863.0,0.4371
864.0,0.4153
865.0,0.4117
866.0,0.3702
867.0,0.3864
868.0,0.4204
869.0,0.4118
870.0,0.4235
871.0,0.4177
872.0,0.4163
873.0,0.4155
874.0,0.4105
875.0,0.4022
876.0,0.4063
877.0,0.4105
878.0,0.4148
879.0,0.4085
880.0,0.3997
881.0,0.3934
882.0,0.4018
883.0,0.4034
884.0,0.4014
885.0,0.4044
886.0,0.3843
887.0,0.3893
888.0,0.3945
889.0,0.4
890.0,0.3954
891.0,0.3953
892.0,0.3823
893.0,0.3686
894.0,0.352
895.0,0.3281
896.0,0.3076
897.0,0.2587
898.0,0.2852
899.0,0.2106
900.0,0.2956
901.0,0.2207
902.0,0.2677
903.0,0.2674
904.0,0.3493
905.0,0.3355
906.0,0.3125
907.0,0.2452
908.0,0.2516
909.0,0.2763
910.0,0.2373
911.0,0.2578
912.0,0.2704
913.0,0.2405
914.0,0.2398
915.0,0.2598
916.0,0.2186
917.0,0.2845
918.0,0.2237
919.0,0.2919
920.0,0.2994
921.0,0.3116
922.0,0.2734
923.0,0.3014
924.0,0.2793
925.0,0.2734
926.0,0.2758
927.0,0.3139
928.0,0.2157
929.0,0.193
930.0,0.1456
931.0,0.1385
932.0,0.09346
933.0,0.07303
934.0,0.03404
935.0,0.07711
936.0,0.04423
937.0,0.04452
938.0,0.0562
939.0,0.134
940.0,0.1658
941.0,0.1192
942.0,0.1414
943.0,0.08841
944.0,0.09758
945.0,0.1241
946.0,0.05707
947.0,0.123
948.0,0.08969
949.0,0.1707
950.0,0.03875
951.0,0.1692
952.0,0.08304
953.0,0.1124
954.0,0.1437
955.0,0.1143
956.0,0.1156
957.0,0.08257
958.0,0.1712
959.0,0.129
960.0,0.1447
961.0,0.1679
962.0,0.1583
963.0,0.1873
964.0,0.1702
965.0,0.1868
966.0,0.1859
967.0,0.1845
968.0,0.2654
969.0,0.2751
970.0,0.2506
971.0,0.2948
972.0,0.2804
973.0,0.2361
974.0,0.2232
975.0,0.2346
976.0,0.2183
977.0,0.2574
978.0,0.2408
979.0,0.2546
980.0,0.238
981.0,0.2934
982.0,0.2775
983.0,0.2648
984.0,0.3058
985.0,0.2764
986.0,0.3133
987.0,0.3046
988.0,0.3042
989.0,0.3137
990.0,0.3023
991.0,0.3144
992.0,0.3165
993.0,0.3069
994.0,0.3166
995.0,0.3166
996.0,0.3148
997.0,0.3155
998.0,0.3138
999.0,0.3128
1000.0,0.31
1001.0,0.3145
1002.0,0.3035
1003.0,0.3088
1004.0,0.3006
1005.0,0.2905
1006.0,0.3014
1007.0,0.308
1008.0,0.3059
1009.0,0.3038
1010.0,0.3023
1011.0,0.3065
1012.0,0.3034
1013.0,0.3059
1014.0,0.3038
1015.0,0.3017
1016.0,0.3003
1017.0,0.3009
1018.0,0.3001
1019.0,0.2928
1020.0,0.2984
1021.0,0.2981
1022.0,0.2955
1023.0,0.2986
1024.0,0.2937
1025.0,0.2987
1026.0,0.2972
1027.0,0.2965
1028.0,0.2958
1029.0,0.2922
1030.0,0.2946
1031.0,0.2933
1032.0,0.2925
1033.0,0.2881
1034.0,0.2881
1035.0,0.289
1036.0,0.2904
1037.0,0.2857
1038.0,0.287
1039.0,0.2867
1040.0,0.2856
1041.0,0.2866
1042.0,0.2846
1043.0,0.2837
1044.0,0.2846
1045.0,0.2807
1046.0,0.2775
1047.0,0.28
1048.0,0.2814
1049.0,0.2803
1050.0,0.279
1051.0,0.2785
1052.0,0.2772
1053.0,0.2749
1054.0,0.2754
1055.0,0.2754
1056.0,0.2743
1057.0,0.2733
1058.0,0.2665
1059.0,0.2666
1060.0,0.2661
1061.0,0.2657
1062.0,0.267
1063.0,0.2642
1064.0,0.2674
1065.0,0.2651
1066.0,0.2602
1067.0,0.2634
1068.0,0.2574
1069.0,0.2497
1070.0,0.2579
1071.0,0.2627
1072.0,0.2591
1073.0,0.2555
1074.0,0.263
1075.0,0.2473
1076.0,0.2626
1077.0,0.2566
1078.0,0.2511
1079.0,0.2589
1080.0,0.2527
1081.0,0.2433
1082.0,0.2493
1083.0,0.2506
1084.0,0.2422
1085.0,0.2534
1086.0,0.2278
1087.0,0.2375
1088.0,0.25
1089.0,0.2399
1090.0,0.2333
1091.0,0.2485
1092.0,0.2484
1093.0,0.2041
1094.0,0.2264
1095.0,0.2132
1096.0,0.2023
1097.0,0.2427
1098.0,0.1982
1099.0,0.2078
1100.0,0.1905
1101.0,0.1938
1102.0,0.1833
1103.0,0.1802
1104.0,0.1806
1105.0,0.2025
1106.0,0.1443
1107.0,0.1903
1108.0,0.155
1109.0,0.1565
1110.0,0.1875
1111.0,0.1189
1112.0,0.1558
1113.0,0.09088
1114.0,0.1022
1115.0,0.08422
1116.0,0.06261
1117.0,0.01855
1118.0,0.06948
1119.0,0.03061
1120.0,0.03809
1121.0,0.05274
1122.0,0.01903
1123.0,0.03459
1124.0,0.02914
1125.0,0.03898
1126.0,0.01056
1127.0,0.04426
1128.0,0.02307
1129.0,0.02487
1130.0,0.01542
1131.0,0.09282
1132.0,0.0711
1133.0,0.04026
1134.0,0.008026
1135.0,0.003154
1136.0,0.03194
1137.0,0.08939
1138.0,0.06212
1139.0,0.1027
1140.0,0.08193
1141.0,0.05913
1142.0,0.06993
1143.0,0.1036
1144.0,0.03163
1145.0,0.03888
1146.0,0.04187
1147.0,0.01171
1148.0,0.08926
1149.0,0.06839
1150.0,0.03474
1151.0,0.0616
1152.0,0.07928
1153.0,0.07996
1154.0,0.03757
1155.0,0.1069
1156.0,0.09428
1157.0,0.1095
1158.0,0.1082
1159.0,0.1191
1160.0,0.09946
1161.0,0.1281
1162.0,0.1282
1163.0,0.1829
1164.0,0.1534
1165.0,0.1412
1166.0,0.143
1167.0,0.1574
1168.0,0.1583
1169.0,0.1632
1170.0,0.1802
1171.0,0.1755
1172.0,0.1805
1173.0,0.1799
1174.0,0.1216
1175.0,0.1773
1176.0,0.1987
1177.0,0.1881
1178.0,0.1362
1179.0,0.2004
1180.0,0.1747
1181.0,0.1805
1182.0,0.1189
1183.0,0.1786
1184.0,0.1655
1185.0,0.158
1186.0,0.1931
1187.0,0.1821
1188.0,0.1201
1189.0,0.1693
1190.0,0.1889
1191.0,0.176
1192.0,0.1919
1193.0,0.1828
1194.0,0.1891
1195.0,0.1765
1196.0,0.1687
1197.0,0.1903
1198.0,0.1728
1199.0,0.1421
1200.0,0.1803
1201.0,0.1722
1202.0,0.1725
1203.0,0.1704
1204.0,0.1468
1205.0,0.1779
1206.0,0.199
1207.0,0.1714
1208.0,0.1702
1209.0,0.174
1210.0,0.1824
1211.0,0.1719
1212.0,0.1673
1213.0,0.1913
1214.0,0.1724
1215.0,0.1687
1216.0,0.1909
1217.0,0.1849
1218.0,0.1892
1219.0,0.1864
1220.0,0.1895
1221.0,0.192
1222.0,0.1865
1223.0,0.1844
1224.0,0.1824
1225.0,0.1906
1226.0,0.1926
1227.0,0.1752
1228.0,0.1941
1229.0,0.1926
1230.0,0.1889
1231.0,0.1958
1232.0,0.1946
1233.0,0.1858
1234.0,0.1961
1235.0,0.1946
1236.0,0.1962
1237.0,0.1926
1238.0,0.1956
1239.0,0.1931
1240.0,0.1939
1241.0,0.1925
1242.0,0.1925
1243.0,0.191
1244.0,0.1922
1245.0,0.1931
1246.0,0.192
1247.0,0.1911
1248.0,0.1907
1249.0,0.1915
1250.0,0.1902
1251.0,0.1874
1252.0,0.1879
1253.0,0.1856
1254.0,0.1832
1255.0,0.1875
1256.0,0.1809
1257.0,0.1796
1258.0,0.184
1259.0,0.1753
1260.0,0.1764
1261.0,0.1639
1262.0,0.1576
1263.0,0.1578
1264.0,0.1426
1265.0,0.1569
1266.0,0.1491
1267.0,0.153
1268.0,0.1431
1269.0,0.07635
1270.0,0.1519
1271.0,0.1637
1272.0,0.1645
1273.0,0.1625
1274.0,0.1634
1275.0,0.1662
1276.0,0.1684
1277.0,0.1701
1278.0,0.1745
1279.0,0.1728
1280.0,0.1707
1281.0,0.1634
1282.0,0.1582
1283.0,0.1702
1284.0,0.1742
1285.0,0.1754
1286.0,0.1783
1287.0,0.1747
1288.0,0.1749
1289.0,0.1677
1290.0,0.1734
1291.0,0.1762
1292.0,0.1625
1293.0,0.172
1294.0,0.1707
1295.0,0.1689
1296.0,0.1594
1297.0,0.1494
1298.0,0.1638
1299.0,0.1725
1300.0,0.1411
1301.0,0.1463
1302.0,0.1633
1303.0,0.1398
1304.0,0.1147
1305.0,0.1597
1306.0,0.1593
1307.0,0.1188
1308.0,0.1408
1309.0,0.1574
1310.0,0.1162
1311.0,0.1339
1312.0,0.1296
1313.0,0.1261
1314.0,0.1113
1315.0,0.1088
1316.0,0.1309
1317.0,0.1235
1318.0,0.1361
1319.0,0.1009
1320.0,0.09892
1321.0,0.1171
1322.0,0.1173
1323.0,0.0838
1324.0,0.09915
1325.0,0.1286
1326.0,0.1076
1327.0,0.1018
1328.0,0.08629
1329.0,0.0609
1330.0,0.08127
1331.0,0.0447
1332.0,0.04754
1333.0,0.06705
1334.0,0.05935
1335.0,0.08326
1336.0,0.06341
1337.0,0.05513
1338.0,0.0595
1339.0,0.05987
1340.0,0.0595
1341.0,0.05514
1342.0,0.05824
1343.0,0.03424
1344.0,0.02095
1345.0,0.03014
1346.0,0.01212
1347.0,0.01183
1348.0,0.0004819
1349.0,0.001955
1350.0,0.002214
1351.0,0.0003507
1352.0,5.633e-05
1353.0,1.821e-06
1354.0,8.769e-06
1355.0,2.545e-08
1356.0,8.705e-07
1357.0,1.331e-06
1358.0,3.142e-08
1359.0,1.825e-09
1360.0,1.087e-08
1361.0,2.869e-12
1362.0,5.17e-15
1363.0,1.074e-08
1364.0,4.604e-09
1365.0,1.164e-15
1366.0,5.724e-08
1367.0,2.898e-08
1368.0,6.511e-18
1369.0,1.687e-09
1370.0,6.041e-10
1371.0,2.469e-11
1372.0,1.625e-08
1373.0,5.419e-07
1374.0,3.619e-06
1375.0,6.161e-06
1376.0,8.075e-06
1377.0,3.447e-06
1378.0,3.75e-05
1379.0,1.456e-06
1380.0,1.627e-06
1381.0,3.609e-08
1382.0,1.326e-08
1383.0,1.591e-10
1384.0,1.65e-09
1385.0,1.874e-08
1386.0,9.248e-09
1387.0,2.844e-06
1388.0,6.293e-08
1389.0,1.507e-05
1390.0,1.259e-05
1391.0,8.007e-06
1392.0,4.88e-07
1393.0,3.107e-06
1394.0,8.446e-07
1395.0,4.454e-09
1396.0,4.848e-12
1397.0,1.076e-06
1398.0,3.984e-05
1399.0,2.59e-05
1400.0,1.469e-12
1401.0,9.925e-12
1402.0,0.0001267
1403.0,0.0001421
1404.0,4.104e-05
1405.0,1.629e-09
1406.0,8.791e-05
1407.0,9.574e-06
1408.0,7.476e-05
1409.0,1.847e-05
1410.0,1.906e-05
1411.0,0.000128
1412.0,0.0002002
1413.0,0.003044
1414.0,1.574e-05
1415.0,6.61e-06
1416.0,0.006646
1417.0,0.001554
1418.0,0.00162
1419.0,0.0002367
1420.0,0.0009804
1421.0,0.001116
1422.0,0.008731
1423.0,0.001591
1424.0,0.003139
1425.0,0.004314
1426.0,0.005556
1427.0,0.01163
1428.0,0.0004314
1429.0,0.007908
1430.0,0.01558
1431.0,0.01765
1432.0,0.0003334
1433.0,0.01053
1434.0,0.005022
1435.0,0.003938
1436.0,0.009212
1437.0,0.007128
1438.0,0.002577
1439.0,0.01321
1440.0,0.009977
1441.0,0.006675
1442.0,0.007354
1443.0,0.01066
1444.0,0.01581
1445.0,0.01096
1446.0,0.004515
1447.0,0.007415
1448.0,0.03467
1449.0,0.02879
1450.0,0.005621
1451.0,0.002028
1452.0,0.01573
1453.0,0.02142
1454.0,0.04342
1455.0,0.01804
1456.0,0.02351
1457.0,0.03503
1458.0,0.04526
1459.0,0.05306
1460.0,0.02562
1461.0,0.02482
1462.0,0.04
1463.0,0.01105
1464.0,0.05075
1465.0,0.02984
1466.0,0.01649
1467.0,0.007521
1468.0,0.02048
1469.0,0.02683
1470.0,0.01052
1471.0,0.003608
1472.0,0.009977
1473.0,0.01786
1474.0,0.03002
1475.0,0.06329
1476.0,0.01877
1477.0,0.01815
1478.0,0.01842
1479.0,0.0383
1480.0,0.01566
1481.0,0.0357
1482.0,0.01636
1483.0,0.04858
1484.0,0.04708
1485.0,0.04043
1486.0,0.03851
1487.0,0.01498
1488.0,0.03087
1489.0,0.06776
1490.0,0.06341
1491.0,0.07424
1492.0,0.05628
1493.0,0.06416
1494.0,0.07567
1495.0,0.06625
1496.0,0.06123
1497.0,0.09124
1498.0,0.07106
1499.0,0.08462
1500.0,0.1011
1501.0,0.106
1502.0,0.08885
1503.0,0.07248
1504.0,0.0559
1505.0,0.06979
1506.0,0.1073
1507.0,0.1024
1508.0,0.09768
1509.0,0.07049
1510.0,0.1122
1511.0,0.1072
1512.0,0.1073
1513.0,0.09566
1514.0,0.08829
1515.0,0.1106
1516.0,0.1053
1517.0,0.1018
1518.0,0.1019
1519.0,0.09873
1520.0,0.1078
1521.0,0.1176
1522.0,0.1102
1523.0,0.1194
1524.0,0.1148
1525.0,0.1086
1526.0,0.1106
1527.0,0.1099
1528.0,0.1188
1529.0,0.112
1530.0,0.1097
1531.0,0.1131
1532.0,0.1189
1533.0,0.1191
1534.0,0.1169
1535.0,0.116
1536.0,0.1186
1537.0,0.1158
1538.0,0.1175
1539.0,0.1153
1540.0,0.1159
1541.0,0.1167
1542.0,0.1153
1543.0,0.1176
1544.0,0.116
1545.0,0.1186
1546.0,0.1165
1547.0,0.1151
1548.0,0.1151
1549.0,0.1162
1550.0,0.1153
1551.0,0.1161
1552.0,0.115
1553.0,0.1146
1554.0,0.1135
1555.0,0.1139
1556.0,0.1138
1557.0,0.1152
1558.0,0.1146
1559.0,0.1138
1560.0,0.1146
1561.0,0.1154
1562.0,0.1139
1563.0,0.113
1564.0,0.1135
1565.0,0.1138
1566.0,0.1122
1567.0,0.1124
1568.0,0.1112
1569.0,0.112
1570.0,0.1129
1571.0,0.1137
1572.0,0.1129
1573.0,0.1121
1574.0,0.1081
1575.0,0.1068
1576.0,0.105
1577.0,0.1023
1578.0,0.1073
1579.0,0.1081
1580.0,0.1091
1581.0,0.1075
1582.0,0.1053
1583.0,0.1058
1584.0,0.1079
1585.0,0.1092
1586.0,0.1078
1587.0,0.1061
1588.0,0.1032
1589.0,0.1
1590.0,0.1022
1591.0,0.1048
1592.0,0.1077
1593.0,0.1096
1594.0,0.1093
1595.0,0.1079
1596.0,0.1047
1597.0,0.1072
1598.0,0.1089
1599.0,0.1077
1600.0,0.107
1601.0,0.1054
1602.0,0.1057
1603.0,0.1069
1604.0,0.1061
1605.0,0.106
1606.0,0.1048
1607.0,0.1057
1608.0,0.1056
1609.0,0.1028
1610.0,0.1007
1611.0,0.1024
1612.0,0.1037
1613.0,0.1038
1614.0,0.1038
1615.0,0.1015
1616.0,0.09992
1617.0,0.1018
1618.0,0.1036
1619.0,0.1016
1620.0,0.09957
1621.0,0.1007
1622.0,0.1023
1623.0,0.1038
1624.0,0.1025
1625.0,0.1021
1626.0,0.1023
1627.0,0.1031
1628.0,0.1028
1629.0,0.102
1630.0,0.1013
1631.0,0.1006
1632.0,0.1004
1633.0,0.09711
1634.0,0.09968
1635.0,0.09787
1636.0,0.09733
1637.0,0.0964
1638.0,0.09005
1639.0,0.0943
1640.0,0.08936
1641.0,0.09352
1642.0,0.09555
1643.0,0.089
1644.0,0.09559
1645.0,0.09218
1646.0,0.08933
1647.0,0.09707
1648.0,0.08908
1649.0,0.09447
1650.0,0.09526
1651.0,0.08691
1652.0,0.09409
1653.0,0.09519
1654.0,0.08909
1655.0,0.09522
1656.0,0.09323
1657.0,0.09411
1658.0,0.09569
1659.0,0.09491
1660.0,0.09576
1661.0,0.09518
1662.0,0.09219
1663.0,0.09493
1664.0,0.09394
1665.0,0.08773
1666.0,0.06836
1667.0,0.08691
1668.0,0.09113
1669.0,0.09169
1670.0,0.09357
1671.0,0.09068
1672.0,0.08978
1673.0,0.092
1674.0,0.0896
1675.0,0.08831
1676.0,0.08912
1677.0,0.08882
1678.0,0.08587
1679.0,0.08846
1680.0,0.08476
1681.0,0.08175
1682.0,0.08687
1683.0,0.08874
1684.0,0.08037
1685.0,0.08977
1686.0,0.08949
1687.0,0.08541
1688.0,0.08888
1689.0,0.08793
1690.0,0.08751
1691.0,0.07814
1692.0,0.08702
1693.0,0.08995
1694.0,0.08588
1695.0,0.08886
1696.0,0.08895
1697.0,0.07208
1698.0,0.088
1699.0,0.08679
1700.0,0.08408
1702.0,0.08597
1705.0,0.08287
1710.0,0.07823
1715.0,0.07863
1720.0,0.07798
1725.0,0.07189
1730.0,0.07139
1735.0,0.06665
1740.0,0.06744
1745.0,0.06313
1750.0,0.0677
1755.0,0.06177
1760.0,0.06472
1765.0,0.05177
1770.0,0.05521
1775.0,0.04285
1780.0,0.03582
1785.0,0.02553
1790.0,0.03004
1795.0,0.01207
1800.0,0.008911
1805.0,0.00249
1810.0,0.001748
1815.0,0.0003032
1820.0,5.568e-05
1825.0,7.564e-05
1830.0,5.546e-08
1835.0,1.486e-07
1840.0,2.628e-10
1845.0,2.781e-08
1850.0,1.128e-08
1855.0,1.348e-09
1860.0,2.012e-07
1865.0,2.229e-07
1870.0,1.109e-13
1875.0,2.239e-13
1880.0,1.938e-06
1885.0,9.266e-07
1890.0,5.58e-06
1895.0,3.714e-06
1900.0,5.877e-09
1905.0,4.598e-09
1910.0,3.212e-07
1915.0,4.614e-07
1920.0,1.63e-05
1925.0,5.55e-05
1930.0,3.365e-05
1935.0,0.0003971
1940.0,0.0004976
1945.0,0.002514
1950.0,0.005811
1955.0,0.004716
1960.0,0.01022
1965.0,0.01641
1970.0,0.02475
1975.0,0.02862
1980.0,0.02922
1985.0,0.03198
1990.0,0.03316
1995.0,0.03559
2000.0,0.03792
2005.0,0.03113
2010.0,0.04735
2015.0,0.03578
2020.0,0.03896
2025.0,0.04341
2030.0,0.03933
2035.0,0.04399
2040.0,0.04145
2045.0,0.04309
2050.0,0.0442
2055.0,0.04208
2060.0,0.04057
2065.0,0.04156
2070.0,0.04102
2075.0,0.04235
2080.0,0.04126
2085.0,0.04104
2090.0,0.04158
2095.0,0.04028
2100.0,0.03713
2105.0,0.04066
2110.0,0.03869
2115.0,0.03995
2120.0,0.03716
2125.0,0.03788
2130.0,0.03854
2135.0,0.03883
2140.0,0.03921
2145.0,0.0388
2150.0,0.03592
2155.0,0.03595
2160.0,0.03568
2165.0,0.03242
2170.0,0.03478
2175.0,0.03364
2180.0,0.03483
2185.0,0.03072
2190.0,0.03351
2195.0,0.03316
2200.0,0.02841
2205.0,0.03051
2210.0,0.03374
2215.0,0.03197
2220.0,0.03284
2225.0,0.03176
2230.0,0.03197
2235.0,0.03109
2240.0,0.03074
2245.0,0.02927
2250.0,0.03025
2255.0,0.02777
2260.0,0.02729
2265.0,0.02832
2270.0,0.0262
2275.0,0.02574
2280.0,0.02748
2285.0,0.02527
2290.0,0.02534
2295.0,0.0246
2300.0,0.02294
2305.0,0.02323
2310.0,0.02638
2315.0,0.02286
2320.0,0.01942
2325.0,0.02266
2330.0,0.02246
2335.0,0.02324
2340.0,0.01684
2345.0,0.01953
2350.0,0.01489
2355.0,0.01778
2360.0,0.01923
2365.0,0.01922
2370.0,0.009645
2375.0,0.01631
2380.0,0.01567
2385.0,0.01044
2390.0,0.01296
2395.0,0.0145
2400.0,0.01619
2405.0,0.01181
2410.0,0.01179
2415.0,0.008936
2420.0,0.00879
2425.0,0.01139
2430.0,0.01638
2435.0,0.004303
2440.0,0.01613
2445.0,0.006434
2450.0,0.003759
2455.0,0.008136
2460.0,0.01128
2465.0,0.007404
2470.0,0.004434
2475.0,0.004274
2480.0,0.001803
2485.0,0.0009969
2490.0,0.0004836
2495.0,0.0004248
2500.0,0.001299
2505.0,0.0002428
2510.0,0.0003683
2515.0,6.163e-05
2520.0,1.732e-05
2525.0,2.305e-06
2530.0,2.12e-09
2535.0,2.599e-10
2540.0,8.341e-10
2545.0,1.857e-14
2550.0,3.638e-17
2555.0,3.418e-13
2560.0,1.228e-14
2565.0,4.407e-19
2570.0,3.243e-24
2575.0,1.698e-34
2580.0,1.782e-28
2585.0,3.699e-42
2590.0,2.308e-38
2595.0,4.498e-40
2600.0,3.697e-35
2605.0,4.0860000000000004e-42
2610.0,1.4059999999999998e-41
2615.0,1.4009999999999999e-45
2620.0,1.2420000000000001e-35
2625.0,2.27e-35
2630.0,0.0
2635.0,2.517e-21
2640.0,3.5769999999999998e-22
2645.0,1.248e-24
2650.0,1.141e-25
2655.0,1.336e-34
2660.0,1.133e-31
2665.0,1.121e-44
2670.0,0.0
2675.0,5.464999999999999e-44
2680.0,2.319e-30
2685.0,2.1990000000000003e-31
2690.0,8.16e-31
2695.0,3.219e-33
2700.0,9.406999999999999e-29
2705.0,2.684e-26
2710.0,2.208e-31
2715.0,2.661e-29
2720.0,0.0
2725.0,7.298e-27
2730.0,1.777e-24
2735.0,2.058e-26
2740.0,3.6960000000000003e-32
2745.0,4.959e-27
2750.0,2.7740000000000003e-26
2755.0,4.411e-28
2760.0,8.644999999999999e-23
2765.0,3.0469999999999996e-29
2770.0,1.566e-26
2775.0,2.228e-23
2780.0,3.574e-20
2785.0,3.928e-19
2790.0,5.308e-17
2795.0,4.691e-18
2800.0,3.559e-13
2805.0,5.912e-15
2810.0,3.872e-11
2815.0,1.137e-11
2820.0,8.007e-14
2825.0,2.5e-09
2830.0,1.249e-07
2835.0,1.703e-13
2840.0,2.322e-09
2845.0,2.682e-06
2850.0,1.638e-08
2855.0,1.503e-08
2860.0,8.712e-07
2865.0,9.169e-06
2870.0,1.021e-07
2875.0,3.095e-05
2880.0,2.459e-05
2885.0,3.28e-05
2890.0,1.759e-05
2895.0,0.0004568
2900.0,0.000104
2905.0,8.601e-06
2910.0,0.0005082
2915.0,0.0001792
2920.0,0.0005365
2925.0,0.0001813
2930.0,0.001409
2935.0,0.001571
2940.0,0.0002834
2945.0,0.000215
2950.0,0.001183
2955.0,0.0005408
2960.0,0.001121
2965.0,0.002129
2970.0,5.173e-05
2975.0,0.0001528
2980.0,0.000239
2985.0,0.001961
2990.0,0.003351
2995.0,0.001017
3000.0,0.002246
3005.0,0.0006432
3010.0,0.002026
3015.0,0.001442
3020.0,7.209e-05
3025.0,0.002193
3030.0,0.001682
3035.0,0.0005448
3040.0,0.0004153
3045.0,0.000954
3050.0,0.0001858
3055.0,3.417e-05
3060.0,0.001776
3065.0,0.000624
3070.0,0.0003037
3075.0,0.001658
3080.0,0.0009003
3085.0,0.0003203
3090.0,0.0004537
3095.0,8.711e-05
3100.0,0.001136
3105.0,0.0001686
3110.0,0.0001084
3115.0,0.0004465
3120.0,0.003048
3125.0,0.0008058
3130.0,0.001782
3135.0,0.00379
3140.0,0.0008319
3145.0,0.0008376
3150.0,0.001969
3155.0,0.001673
3160.0,0.002918
3165.0,0.005154
3170.0,0.004564
3175.0,0.002947
3180.0,0.00374
3185.0,0.002228
3190.0,0.001178
3195.0,0.0004879
3200.0,4.773e-05
3205.0,2.624e-05
3210.0,1.044e-05
3215.0,5.681e-05
3220.0,0.0002434
3225.0,2.442e-05
3230.0,3.884e-05
3235.0,0.00207
3240.0,0.0007469
3245.0,0.0001342
3250.0,0.0005617
3255.0,0.00312
3260.0,0.0002028
3265.0,0.000506
3270.0,0.0001851
3275.0,0.001593
3280.0,0.000625
3285.0,0.003772
3290.0,0.002593
3295.0,0.0002437
3300.0,0.0003778
3305.0,0.0009558
3310.0,0.0008707
3315.0,1.52e-07
3320.0,2.824e-06
3325.0,0.0007007
3330.0,0.001459
3335.0,0.002893
3340.0,0.0009922
3345.0,0.0008805
3350.0,0.002726
3355.0,0.0008963
3360.0,0.001575
3365.0,0.002446
3370.0,0.0009305
3375.0,0.002982
3380.0,0.001329
3385.0,0.002523
3390.0,0.003393
3395.0,0.003394
3400.0,0.004987
3405.0,0.001116
3410.0,0.002446
3415.0,0.002198
3420.0,0.00543
3425.0,0.003516
3430.0,0.00283
3435.0,0.004652
3440.0,0.002558
3445.0,0.004382
3450.0,0.004256
3455.0,0.002835
3460.0,0.005141
3465.0,0.003477
3470.0,0.005029
3475.0,0.004187
3480.0,0.004345
3485.0,0.004897
3490.0,0.003891
3495.0,0.005009
3500.0,0.004829
3505.0,0.004786
3510.0,0.004893
3515.0,0.004605
3520.0,0.005018
3525.0,0.004607
3530.0,0.004439
3535.0,0.003449
3540.0,0.003235
3545.0,0.003491
3550.0,0.004133
3555.0,0.003338
3560.0,0.004308
3565.0,0.004298
3570.0,0.003041
3575.0,0.0031
3580.0,0.004012
3585.0,0.003417
3590.0,0.003629
3595.0,0.003814
3600.0,0.004149
3605.0,0.004102
3610.0,0.003662
3615.0,0.003755
3620.0,0.004907
3625.0,0.004054
3630.0,0.003983
3635.0,0.004148
3640.0,0.004847
3645.0,0.004259
3650.0,0.004042
3655.0,0.004535
3660.0,0.004523
3665.0,0.004083
3670.0,0.002936
3675.0,0.001459
3680.0,0.003061
3685.0,0.00366
3690.0,0.00382
3695.0,0.004094
3700.0,0.004566
3705.0,0.004479
3710.0,0.003701
3715.0,0.00366
3720.0,0.00432
3725.0,0.004482
3730.0,0.003714
3735.0,0.003309
3740.0,0.003457
3745.0,0.004253
3750.0,0.00376
3755.0,0.003609
3760.0,0.003505
3765.0,0.003373
3770.0,0.003716
3775.0,0.003668
3780.0,0.003959
3785.0,0.003503
3790.0,0.002991
3795.0,0.003592
3800.0,0.004181
3805.0,0.003851
3810.0,0.003252
3815.0,0.003011
3820.0,0.004079
3825.0,0.003966
3830.0,0.004061
3835.0,0.002952
3840.0,0.003704
3845.0,0.003576
3850.0,0.003611
3855.0,0.003411
3860.0,0.003087
3865.0,0.00313
3870.0,0.002716
3875.0,0.002364
3880.0,0.002251
3885.0,0.00238
3890.0,0.002435
3895.0,0.002799
3900.0,0.003071
3905.0,0.003067
3910.0,0.002611
3915.0,0.002523
3920.0,0.002525
3925.0,0.00247
3930.0,0.002601
3935.0,0.002774
3940.0,0.002831
3945.0,0.002914
3950.0,0.002991
3955.0,0.003046
3960.0,0.003092
3965.0,0.003133
3970.0,0.00309
3975.0,0.002981
3980.0,0.002927
3985.0,0.002952
3990.0,0.002904
3995.0,0.00282
4000.0,0.002687
