interpolation:linear
wavelength,value
280.0,2.405e-19
280.5,4.096e-18
281.0,1.751e-17
281.5,2.952e-16
282.0,1.613e-15
282.5,4.791e-15
283.0,1.595e-14
283.5,2.605e-14
284.0,3.471e-13
284.5,8.825e-13
285.0,1.638e-12
285.5,8.916e-12
286.0,3.62e-11
286.5,1.58e-10
287.0,4.379e-10
287.5,1.612e-09
288.0,4.363e-09
288.5,1.419e-08
289.0,3.87e-08
289.5,1.153e-07
290.0,3.11e-07
290.5,6.133e-07
291.0,1.252e-06
291.5,3.347e-06
292.0,6.809e-06
292.5,8.989e-06
293.0,1.778e-05
293.5,3.859e-05
294.0,5.539e-05
294.5,0.0001029
295.0,0.0001644
295.5,0.0003041
296.0,0.0005023
296.5,0.0006043
297.0,0.0007245
297.5,0.001629
298.0,0.002218
298.5,0.001997
299.0,0.00396
299.5,0.005486
300.0,0.005475
300.5,0.007185
301.0,0.01114
301.5,0.01552
302.0,0.01242
302.5,0.02195
303.0,0.03473
303.5,0.0405
304.0,0.03632
304.5,0.04811
305.0,0.06203
305.5,0.06428
306.0,0.05986
306.5,0.06999
307.0,0.09073
307.5,0.1063
308.0,0.11
308.5,0.1222
309.0,0.1128
309.5,0.118
310.0,0.1137
310.5,0.1802
311.0,0.2184
311.5,0.2076
312.0,0.1926
312.5,0.2229
313.0,0.2355
313.5,0.234
314.0,0.2756
314.5,0.2259
315.0,0.2925
315.5,0.2539
316.0,0.208
316.5,0.2828
317.0,0.3513
317.5,0.3709
318.0,0.2787
318.5,0.3224
319.0,0.37
319.5,0.3181
320.0,0.3874
320.5,0.4526
321.0,0.3804
321.5,0.3624
322.0,0.4104
322.5,0.3556
323.0,0.34
323.5,0.3971
324.0,0.4598
324.5,0.4753
325.0,0.4238
325.5,0.5273
326.0,0.6291
326.5,0.6148
327.0,0.6177
327.5,0.6029
328.0,0.5541
328.5,0.5598
329.0,0.6501
329.5,0.731
330.0,0.7422
330.5,0.6074
331.0,0.6234
331.5,0.6223
332.0,0.6556
332.5,0.6411
333.0,0.643
333.5,0.5922
334.0,0.6081
334.5,0.687
335.0,0.6378
335.5,0.7438
336.0,0.5143
336.5,0.6059
337.0,0.501
337.5,0.6247
338.0,0.5996
338.5,0.691
339.0,0.6834
339.5,0.6568
340.0,0.7723
340.5,0.6947
341.0,0.6773
341.5,0.6214
342.0,0.7421
342.5,0.6938
343.0,0.7628
343.5,0.7181
344.0,0.5301
344.5,0.5353
345.0,0.7077
345.5,0.7219
346.0,0.613
346.5,0.6936
347.0,0.7444
347.5,0.6015
348.0,0.6852
348.5,0.6845
349.0,0.6345
349.5,0.6278
350.0,0.7759
350.5,0.8181
351.0,0.7306
351.5,0.71
352.0,0.7619
352.5,0.5941
353.0,0.7477
353.5,0.7991
354.0,0.8292
354.5,0.8407
355.0,0.8377
355.5,0.7562
356.0,0.7907
356.5,0.6749
357.0,0.5576
357.5,0.6824
358.0,0.5406
358.5,0.4618
359.0,0.6459
359.5,0.823
360.0,0.8721
360.5,0.6968
361.0,0.6348
361.5,0.7301
362.0,0.6307
362.5,0.8721
363.0,0.7827
363.5,0.7204
364.0,0.8805
364.5,0.7523
365.0,0.7659
365.5,0.9608
366.0,1.017
366.5,0.9553
367.0,0.9299
367.5,0.9647
368.0,0.8438
368.5,0.8511
369.0,0.9187
369.5,0.9788
370.0,1.043
370.5,0.8091
371.0,0.8641
371.5,1.081
372.0,0.7172
372.5,0.8596
373.0,0.8739
373.5,0.5683
374.0,0.8255
374.5,0.6833
375.0,0.664
375.5,0.9912
376.0,0.8215
376.5,0.8512
377.0,0.9007
377.5,1.053
378.0,1.142
378.5,1.079
379.0,0.8904
379.5,0.8133
380.0,0.8454
380.5,1.023
381.0,1.025
381.5,0.8121
382.0,0.7208
382.5,0.6141
383.0,0.5682
383.5,0.5471
384.0,0.6033
384.5,0.887
385.0,0.8793
385.5,0.8185
386.0,0.7008
386.5,0.9201
387.0,0.7644
387.5,0.8584
388.0,0.7923
388.5,0.7829
389.0,0.8449
389.5,1.023
390.0,1.026
390.5,0.9443
391.0,1.111
391.5,1.133
392.0,0.9541
392.5,0.8539
393.0,0.4749
393.5,0.3451
394.0,0.702
394.5,0.8922
395.0,1.089
395.5,1.106
396.0,0.9583
396.5,0.5599
397.0,0.4201
397.5,0.8541
398.0,1.196
398.5,1.236
399.0,1.337
399.5,1.333
400.0,1.384
401.0,1.409
402.0,1.486
403.0,1.41
404.0,1.388
405.0,1.387
406.0,1.364
407.0,1.34
408.0,1.393
409.0,1.49
410.0,1.301
411.0,1.408
412.0,1.511
413.0,1.473
414.0,1.49
415.0,1.493
416.0,1.518
417.0,1.48
418.0,1.452
419.0,1.47
420.0,1.463
421.0,1.53
422.0,1.454
423.0,1.419
424.0,1.501
425.0,1.497
426.0,1.457
427.0,1.429
428.0,1.392
429.0,1.317
430.0,1.152
431.0,1.142
432.0,1.473
433.0,1.48
434.0,1.374
435.0,1.435
436.0,1.616
437.0,1.592
438.0,1.449
439.0,1.5
440.0,1.547
441.0,1.602
442.0,1.717
443.0,1.673
444.0,1.708
445.0,1.671
446.0,1.593
447.0,1.721
448.0,1.749
449.0,1.753
450.0,1.801
451.0,1.867
452.0,1.798
453.0,1.691
454.0,1.764
455.0,1.774
456.0,1.816
457.0,1.846
458.0,1.784
459.0,1.774
460.0,1.779
461.0,1.819
462.0,1.832
463.0,1.819
464.0,1.787
465.0,1.763
466.0,1.779
467.0,1.747
468.0,1.767
469.0,1.776
470.0,1.72
471.0,1.717
472.0,1.809
473.0,1.786
474.0,1.79
475.0,1.806
476.0,1.754
477.0,1.76
478.0,1.808
479.0,1.796
480.0,1.798
481.0,1.83
482.0,1.838
483.0,1.813
484.0,1.775
485.0,1.69
486.0,1.476
487.0,1.546
488.0,1.696
489.0,1.702
490.0,1.79
491.0,1.758
492.0,1.66
493.0,1.714
494.0,1.731
495.0,1.745
496.0,1.756
497.0,1.783
498.0,1.7
499.0,1.722
500.0,1.673
501.0,1.643
502.0,1.622
503.0,1.69
504.0,1.654
505.0,1.708
506.0,1.763
507.0,1.677
508.0,1.623
509.0,1.667
510.0,1.657
511.0,1.7
512.0,1.717
513.0,1.625
514.0,1.613
515.0,1.597
516.0,1.593
517.0,1.415
518.0,1.488
519.0,1.561
520.0,1.618
521.0,1.634
522.0,1.636
523.0,1.606
524.0,1.665
525.0,1.686
526.0,1.611
527.0,1.52
528.0,1.608
529.0,1.696
530.0,1.672
531.0,1.697
532.0,1.639
533.0,1.591
534.0,1.638
535.0,1.673
536.0,1.687
537.0,1.62
538.0,1.648
539.0,1.635
540.0,1.567
541.0,1.58
542.0,1.63
543.0,1.611
544.0,1.641
545.0,1.636
546.0,1.644
547.0,1.642
548.0,1.622
549.0,1.626
550.0,1.645
551.0,1.625
552.0,1.636
553.0,1.607
554.0,1.646
555.0,1.65
556.0,1.629
557.0,1.579
558.0,1.568
559.0,1.539
560.0,1.559
561.0,1.58
562.0,1.57
563.0,1.614
564.0,1.571
565.0,1.559
566.0,1.537
567.0,1.567
568.0,1.557
569.0,1.527
570.0,1.525
571.0,1.514
572.0,1.555
573.0,1.572
574.0,1.568
575.0,1.541
576.0,1.526
577.0,1.542
578.0,1.517
579.0,1.52
580.0,1.545
581.0,1.549
582.0,1.575
583.0,1.576
584.0,1.588
585.0,1.549
586.0,1.517
587.0,1.552
588.0,1.523
589.0,1.366
590.0,1.427
591.0,1.5
592.0,1.487
593.0,1.502
594.0,1.495
595.0,1.463
596.0,1.507
597.0,1.494
598.0,1.486
599.0,1.486
600.0,1.484
601.0,1.47
602.0,1.459
603.0,1.482
604.0,1.506
605.0,1.498
606.0,1.49
607.0,1.504
608.0,1.486
609.0,1.487
610.0,1.475
611.0,1.482
612.0,1.477
613.0,1.458
614.0,1.437
615.0,1.467
616.0,1.418
617.0,1.414
618.0,1.468
619.0,1.453
620.0,1.462
621.0,1.464
622.0,1.449
623.0,1.428
624.0,1.402
625.0,1.399
626.0,1.42
627.0,1.439
628.0,1.379
629.0,1.417
630.0,1.385
631.0,1.405
632.0,1.386
633.0,1.423
634.0,1.405
635.0,1.425
636.0,1.404
637.0,1.426
638.0,1.437
639.0,1.419
640.0,1.404
641.0,1.402
642.0,1.394
643.0,1.413
644.0,1.407
645.0,1.41
646.0,1.382
647.0,1.375
648.0,1.377
649.0,1.351
650.0,1.345
651.0,1.401
652.0,1.357
653.0,1.382
654.0,1.366
655.0,1.322
656.0,1.166
657.0,1.197
658.0,1.338
659.0,1.346
660.0,1.351
661.0,1.36
662.0,1.365
663.0,1.337
664.0,1.35
665.0,1.348
666.0,1.348
667.0,1.346
668.0,1.345
669.0,1.365
670.0,1.358
671.0,1.357
672.0,1.345
673.0,1.365
674.0,1.36
675.0,1.347
676.0,1.355
677.0,1.342
678.0,1.345
679.0,1.323
680.0,1.333
681.0,1.324
682.0,1.322
683.0,1.32
684.0,1.313
685.0,1.324
686.0,1.317
687.0,1.032
688.0,1.131
689.0,1.133
690.0,1.163
691.0,1.196
692.0,1.217
693.0,1.21
694.0,1.201
695.0,1.232
696.0,1.235
697.0,1.285
698.0,1.266
699.0,1.251
700.0,1.236
701.0,1.228
702.0,1.231
703.0,1.234
704.0,1.264
705.0,1.265
706.0,1.261
707.0,1.26
708.0,1.263
709.0,1.26
710.0,1.262
711.0,1.259
712.0,1.252
713.0,1.242
714.0,1.246
715.0,1.213
716.0,1.215
717.0,1.112
718.0,1.034
719.0,0.955
720.0,1.003
721.0,1.07
722.0,1.182
723.0,1.123
724.0,1.036
725.0,1.028
726.0,1.07
727.0,1.072
728.0,1.027
729.0,1.044
730.0,1.102
731.0,1.063
732.0,1.114
733.0,1.157
734.0,1.179
735.0,1.158
736.0,1.156
737.0,1.161
738.0,1.166
739.0,1.143
740.0,1.168
741.0,1.154
742.0,1.153
743.0,1.182
744.0,1.177
745.0,1.176
746.0,1.181
747.0,1.183
748.0,1.181
749.0,1.167
750.0,1.166
751.0,1.155
752.0,1.159
753.0,1.165
754.0,1.168
755.0,1.161
756.0,1.161
757.0,1.162
758.0,1.148
759.0,1.132
760.0,0.382
761.0,0.258
762.0,0.7474
763.0,0.4937
764.0,0.6312
765.0,0.7482
766.0,0.834
767.0,0.9735
768.0,1.064
769.0,1.073
770.0,1.095
771.0,1.098
772.0,1.098
773.0,1.106
774.0,1.1
775.0,1.091
776.0,1.104
777.0,1.09
778.0,1.083
779.0,1.084
780.0,1.078
781.0,1.079
782.0,1.085
783.0,1.066
784.0,1.071
785.0,1.064
786.0,1.076
787.0,1.063
788.0,1.053
789.0,1.053
790.0,1.034
791.0,1.035
792.0,1.026
793.0,1.01
794.0,1.018
795.0,1.038
796.0,1.018
797.0,1.019
798.0,1.038
799.0,1.033
800.0,1.018
801.0,1.018
802.0,1.015
803.0,1.008
804.0,1.008
805.0,1.002
806.0,1.024
807.0,1.013
808.0,1.014
809.0,0.9988
810.0,0.9938
811.0,1.0
812.0,0.9805
813.0,0.9661
814.0,0.8807
815.0,0.8746
816.0,0.8196
817.0,0.8301
818.0,0.806
819.0,0.8734
820.0,0.8337
821.0,0.9376
822.0,0.9171
823.0,0.6848
824.0,0.9023
825.0,0.9237
826.0,0.8995
827.0,0.9373
828.0,0.8278
829.0,0.8918
830.0,0.8838
831.0,0.8854
832.0,0.8645
833.0,0.9017
834.0,0.8808
835.0,0.9444
836.0,0.9182
837.0,0.9461
838.0,0.9226
839.0,0.9306
840.0,0.9494
841.0,0.9386
842.0,0.9366
843.0,0.9319
844.0,0.9213
845.0,0.9492
846.0,0.9444
847.0,0.9256
848.0,0.9216
849.0,0.8955
850.0,0.8577
851.0,0.9101
852.0,0.9028
853.0,0.8674
854.0,0.7503
855.0,0.8224
856.0,0.8996
857.0,0.9184
858.0,0.9122
859.0,0.9122
860.0,0.9132
861.0,0.9084
862.0,0.9224
863.0,0.9442
864.0,0.8969
865.0,0.8889
866.0,0.7993
867.0,0.834
868.0,0.9075
869.0,0.8886
870.0,0.9139
871.0,0.9015
872.0,0.8982
873.0,0.8964
874.0,0.8857
875.0,0.8678
876.0,0.877
877.0,0.8857
878.0,0.8956
879.0,0.8818
880.0,0.8629
881.0,0.8508
882.0,0.8695
883.0,0.8714
884.0,0.8677
885.0,0.8743
886.0,0.8364
887.0,0.8429
888.0,0.857
889.0,0.8638
890.0,0.8599
891.0,0.8567
892.0,0.8362
893.0,0.8159
894.0,0.7975
895.0,0.767
896.0,0.7302
897.0,0.6472
898.0,0.6941
899.0,0.5537
900.0,0.6991
901.0,0.5784
902.0,0.646
903.0,0.6624
904.0,0.7916
905.0,0.7707
906.0,0.7266
907.0,0.6194
908.0,0.6281
909.0,0.6656
910.0,0.6141
911.0,0.6399
912.0,0.6621
913.0,0.6243
914.0,0.6148
915.0,0.662
916.0,0.5705
917.0,0.6934
918.0,0.5851
919.0,0.7003
920.0,0.696
921.0,0.7194
922.0,0.6614
923.0,0.6943
924.0,0.678
925.0,0.6644
926.0,0.6709
927.0,0.7336
928.0,0.5884
929.0,0.5508
930.0,0.4564
931.0,0.4279
932.0,0.3317
933.0,0.2838
934.0,0.1859
935.0,0.2786
936.0,0.1926
937.0,0.1986
938.0,0.2362
939.0,0.4147
940.0,0.4827
941.0,0.3868
942.0,0.4324
943.0,0.3027
944.0,0.3037
945.0,0.3953
946.0,0.2263
947.0,0.4029
948.0,0.3012
949.0,0.5138
950.0,0.1848
951.0,0.5018
952.0,0.3038
953.0,0.37
954.0,0.4296
955.0,0.3713
956.0,0.3526
957.0,0.3077
958.0,0.4631
959.0,0.3928
960.0,0.4387
961.0,0.4739
962.0,0.4515
963.0,0.5039
964.0,0.4676
965.0,0.4996
966.0,0.504
967.0,0.5031
968.0,0.6212
969.0,0.6511
970.0,0.6064
971.0,0.6709
972.0,0.6462
973.0,0.5857
974.0,0.5601
975.0,0.5718
976.0,0.5548
977.0,0.608
978.0,0.5873
979.0,0.6072
980.0,0.5765
981.0,0.6658
982.0,0.6447
983.0,0.6241
984.0,0.6772
985.0,0.642
986.0,0.6839
987.0,0.6757
988.0,0.6747
989.0,0.6786
990.0,0.6699
991.0,0.6813
992.0,0.6846
993.0,0.6747
994.0,0.6838
995.0,0.6822
996.0,0.68
997.0,0.6806
998.0,0.6777
999.0,0.675
1000.0,0.6716
1001.0,0.6785
1002.0,0.6651
1003.0,0.6668
1004.0,0.6519
1005.0,0.6261
1006.0,0.6515
1007.0,0.6648
1008.0,0.6622
1009.0,0.6597
1010.0,0.6575
1011.0,0.6613
1012.0,0.6566
1013.0,0.6594
1014.0,0.6548
1015.0,0.6506
1016.0,0.6478
1017.0,0.6496
1018.0,0.6466
1019.0,0.6348
1020.0,0.6435
1021.0,0.6422
1022.0,0.638
1023.0,0.6449
1024.0,0.6386
1025.0,0.6437
1026.0,0.6415
1027.0,0.6399
1028.0,0.6387
1029.0,0.6314
1030.0,0.635
1031.0,0.6327
1032.0,0.6307
1033.0,0.6212
1034.0,0.6211
1035.0,0.6231
1036.0,0.6266
1037.0,0.6163
1038.0,0.6191
1039.0,0.6189
1040.0,0.6164
1041.0,0.619
1042.0,0.6147
1043.0,0.6129
1044.0,0.6151
1045.0,0.6069
1046.0,0.6003
1047.0,0.6059
1048.0,0.6094
1049.0,0.6073
1050.0,0.6047
1051.0,0.6041
1052.0,0.6018
1053.0,0.5973
1054.0,0.5988
1055.0,0.5994
1056.0,0.5977
1057.0,0.5961
1058.0,0.5817
1059.0,0.5827
1060.0,0.5819
1061.0,0.5814
1062.0,0.5848
1063.0,0.5793
1064.0,0.586
1065.0,0.5826
1066.0,0.5705
1067.0,0.5781
1068.0,0.566
1069.0,0.5481
1070.0,0.5673
1071.0,0.5742
1072.0,0.569
1073.0,0.5605
1074.0,0.5729
1075.0,0.55
1076.0,0.5728
1077.0,0.5658
1078.0,0.5563
1079.0,0.5627
1080.0,0.5573
1081.0,0.5419
1082.0,0.5458
1083.0,0.5463
1084.0,0.5424
1085.0,0.5579
1086.0,0.5189
1087.0,0.528
1088.0,0.5469
1089.0,0.5354
1090.0,0.5279
1091.0,0.5466
1092.0,0.5439
1093.0,0.4788
1094.0,0.4998
1095.0,0.4957
1096.0,0.4801
1097.0,0.531
1098.0,0.4741
1099.0,0.4917
1100.0,0.4657
1101.0,0.4689
1102.0,0.4526
1103.0,0.4518
1104.0,0.4519
1105.0,0.4823
1106.0,0.3999
1107.0,0.4641
1108.0,0.4124
1109.0,0.4096
1110.0,0.4621
1111.0,0.3398
1112.0,0.4049
1113.0,0.2861
1114.0,0.3156
1115.0,0.2626
1116.0,0.228
1117.0,0.1063
1118.0,0.2403
1119.0,0.1363
1120.0,0.1711
1121.0,0.2157
1122.0,0.106
1123.0,0.1543
1124.0,0.1304
1125.0,0.1661
1126.0,0.07333
1127.0,0.1859
1128.0,0.1276
1129.0,0.1324
1130.0,0.09593
1131.0,0.3151
1132.0,0.2544
1133.0,0.1807
1134.0,0.06042
1135.0,0.02223
1136.0,0.1577
1137.0,0.3142
1138.0,0.2268
1139.0,0.3036
1140.0,0.2669
1141.0,0.2156
1142.0,0.2402
1143.0,0.3265
1144.0,0.1333
1145.0,0.1735
1146.0,0.1873
1147.0,0.08266
1148.0,0.2829
1149.0,0.2372
1150.0,0.1434
1151.0,0.2254
1152.0,0.2643
1153.0,0.2482
1154.0,0.1728
1155.0,0.3171
1156.0,0.2921
1157.0,0.3191
1158.0,0.3149
1159.0,0.3306
1160.0,0.2943
1161.0,0.3427
1162.0,0.3457
1163.0,0.435
1164.0,0.3851
1165.0,0.3735
1166.0,0.3644
1167.0,0.3907
1168.0,0.3969
1169.0,0.4021
1170.0,0.4282
1171.0,0.4193
1172.0,0.422
1173.0,0.4273
1174.0,0.331
1175.0,0.4141
1176.0,0.4438
1177.0,0.4332
1178.0,0.3451
1179.0,0.4468
1180.0,0.4118
1181.0,0.4232
1182.0,0.3134
1183.0,0.4138
1184.0,0.3948
1185.0,0.3868
1186.0,0.4388
1187.0,0.4239
1188.0,0.3199
1189.0,0.3966
1190.0,0.429
1191.0,0.417
1192.0,0.4338
1193.0,0.4194
1194.0,0.4297
1195.0,0.4132
1196.0,0.4025
1197.0,0.4259
1198.0,0.3957
1199.0,0.3528
1200.0,0.4147
1201.0,0.4053
1202.0,0.4002
1203.0,0.3965
1204.0,0.3567
1205.0,0.4047
1206.0,0.4377
1207.0,0.4005
1208.0,0.3895
1209.0,0.3963
1210.0,0.4091
1211.0,0.3959
1212.0,0.3974
1213.0,0.4265
1214.0,0.4035
1215.0,0.3977
1216.0,0.4249
1217.0,0.4168
1218.0,0.4218
1219.0,0.4179
1220.0,0.4218
1221.0,0.4243
1222.0,0.4153
1223.0,0.4126
1224.0,0.4121
1225.0,0.4216
1226.0,0.4226
1227.0,0.3977
1228.0,0.4232
1229.0,0.4226
1230.0,0.4169
1231.0,0.424
1232.0,0.4216
1233.0,0.413
1234.0,0.4223
1235.0,0.4205
1236.0,0.4229
1237.0,0.4193
1238.0,0.4214
1239.0,0.4161
1240.0,0.4174
1241.0,0.4169
1242.0,0.4147
1243.0,0.4112
1244.0,0.4146
1245.0,0.4161
1246.0,0.4136
1247.0,0.4124
1248.0,0.4129
1249.0,0.4135
1250.0,0.4114
1251.0,0.407
1252.0,0.406
1253.0,0.4047
1254.0,0.4023
1255.0,0.4061
1256.0,0.3985
1257.0,0.3971
1258.0,0.4015
1259.0,0.3928
1260.0,0.3942
1261.0,0.3796
1262.0,0.3722
1263.0,0.3732
1264.0,0.354
1265.0,0.3706
1266.0,0.3622
1267.0,0.3647
1268.0,0.3521
1269.0,0.2637
1270.0,0.3649
1271.0,0.3774
1272.0,0.3777
1273.0,0.3746
1274.0,0.3747
1275.0,0.3787
1276.0,0.3808
1277.0,0.3817
1278.0,0.3859
1279.0,0.3827
1280.0,0.3776
1281.0,0.359
1282.0,0.3436
1283.0,0.3705
1284.0,0.3799
1285.0,0.382
1286.0,0.3859
1287.0,0.3823
1288.0,0.3816
1289.0,0.3741
1290.0,0.3779
1291.0,0.3823
1292.0,0.368
1293.0,0.3771
1294.0,0.375
1295.0,0.3752
1296.0,0.3641
1297.0,0.3493
1298.0,0.3665
1299.0,0.3767
1300.0,0.3355
1301.0,0.3423
1302.0,0.3649
1303.0,0.3293
1304.0,0.2968
1305.0,0.3589
1306.0,0.3597
1307.0,0.2979
1308.0,0.3275
1309.0,0.3579
1310.0,0.2929
1311.0,0.3175
1312.0,0.3114
1313.0,0.3078
1314.0,0.2815
1315.0,0.2812
1316.0,0.315
1317.0,0.3002
1318.0,0.3197
1319.0,0.2694
1320.0,0.2568
1321.0,0.2923
1322.0,0.2977
1323.0,0.2407
1324.0,0.2642
1325.0,0.3112
1326.0,0.2776
1327.0,0.2674
1328.0,0.236
1329.0,0.1914
1330.0,0.2414
1331.0,0.1645
1332.0,0.1633
1333.0,0.2214
1334.0,0.1816
1335.0,0.2392
1336.0,0.198
1337.0,0.1814
1338.0,0.1948
1339.0,0.1918
1340.0,0.1823
1341.0,0.1878
1342.0,0.1966
1343.0,0.1566
1344.0,0.09429
1345.0,0.1315
1346.0,0.0831
1347.0,0.08727
1348.0,0.01077
1349.0,0.03155
1350.0,0.02848
1351.0,0.0121
1352.0,0.005511
1353.0,0.0005743
1354.0,0.001315
1355.0,4.04e-05
1356.0,0.0003013
1357.0,0.0004442
1358.0,4.539e-05
1359.0,1.452e-05
1360.0,2.902e-05
1361.0,2.636e-07
1362.0,2.017e-09
1363.0,4.557e-05
1364.0,2.251e-05
1365.0,1.978e-09
1366.0,0.0001526
1367.0,5.994e-05
1368.0,1.278e-10
1369.0,9.235e-06
1370.0,6.691e-06
1371.0,6.727e-07
1372.0,3.386e-05
1373.0,0.0003359
1374.0,0.000986
1375.0,0.001689
1376.0,0.001162
1377.0,0.0006016
1378.0,0.004372
1379.0,0.0002653
1380.0,0.0004801
1381.0,1.838e-05
1382.0,3.387e-05
1383.0,8.389e-07
1384.0,1.194e-05
1385.0,2.146e-05
1386.0,3.867e-05
1387.0,0.001231
1388.0,3.057e-05
1389.0,0.002678
1390.0,0.002251
1391.0,0.001731
1392.0,0.0001457
1393.0,0.000582
1394.0,0.0005749
1395.0,8.367e-06
1396.0,2.929e-07
1397.0,0.0002825
1398.0,0.004999
1399.0,0.003238
1400.0,2.094e-07
1401.0,4.32e-07
1402.0,0.005196
1403.0,0.007127
1404.0,0.002292
1405.0,5.729e-06
1406.0,0.006824
1407.0,0.0006106
1408.0,0.005493
1409.0,0.002547
1410.0,0.001801
1411.0,0.006184
1412.0,0.007148
1413.0,0.04265
1414.0,0.001383
1415.0,0.0007898
1416.0,0.05484
1417.0,0.02324
1418.0,0.02595
1419.0,0.00446
1420.0,0.01625
1421.0,0.01866
1422.0,0.06905
1423.0,0.0155
1424.0,0.02737
1425.0,0.0417
1426.0,0.0424
1427.0,0.06592
1428.0,0.01052
1429.0,0.05414
1430.0,0.08062
1431.0,0.08562
1432.0,0.008547
1433.0,0.05899
1434.0,0.03239
1435.0,0.04008
1436.0,0.06431
1437.0,0.04982
1438.0,0.0248
1439.0,0.08161
1440.0,0.06234
1441.0,0.05324
1442.0,0.05699
1443.0,0.06301
1444.0,0.08457
1445.0,0.07247
1446.0,0.03466
1447.0,0.05514
1448.0,0.1366
1449.0,0.1254
1450.0,0.04091
1451.0,0.01857
1452.0,0.08164
1453.0,0.1029
1454.0,0.1548
1455.0,0.08136
1456.0,0.1128
1457.0,0.1376
1458.0,0.1501
1459.0,0.1791
1460.0,0.1005
1461.0,0.1098
1462.0,0.1505
1463.0,0.0569
1464.0,0.1682
1465.0,0.1035
1466.0,0.08526
1467.0,0.05198
1468.0,0.09677
1469.0,0.1147
1470.0,0.06773
1471.0,0.02749
1472.0,0.06526
1473.0,0.08821
1474.0,0.1142
1475.0,0.1951
1476.0,0.0849
1477.0,0.08799
1478.0,0.07645
1479.0,0.1362
1480.0,0.07611
1481.0,0.1318
1482.0,0.07107
1483.0,0.165
1484.0,0.1497
1485.0,0.1394
1486.0,0.1388
1487.0,0.07488
1488.0,0.1126
1489.0,0.198
1490.0,0.1814
1491.0,0.1978
1492.0,0.1776
1493.0,0.1906
1494.0,0.2061
1495.0,0.1858
1496.0,0.176
1497.0,0.2211
1498.0,0.1909
1499.0,0.2176
1500.0,0.2398
1501.0,0.2513
1502.0,0.2152
1503.0,0.1919
1504.0,0.1616
1505.0,0.1862
1506.0,0.247
1507.0,0.2415
1508.0,0.2303
1509.0,0.1905
1510.0,0.2551
1511.0,0.2499
1512.0,0.2453
1513.0,0.2329
1514.0,0.2219
1515.0,0.2504
1516.0,0.2419
1517.0,0.2397
1518.0,0.2386
1519.0,0.2357
1520.0,0.2476
1521.0,0.2559
1522.0,0.2485
1523.0,0.2592
1524.0,0.2545
1525.0,0.2475
1526.0,0.2505
1527.0,0.2484
1528.0,0.2586
1529.0,0.2482
1530.0,0.2449
1531.0,0.2515
1532.0,0.2571
1533.0,0.2562
1534.0,0.2526
1535.0,0.253
1536.0,0.2564
1537.0,0.2522
1538.0,0.2528
1539.0,0.2496
1540.0,0.2491
1541.0,0.2514
1542.0,0.2501
1543.0,0.2534
1544.0,0.2519
1545.0,0.2549
1546.0,0.2519
1547.0,0.2476
1548.0,0.2475
1549.0,0.2492
1550.0,0.2477
1551.0,0.2498
1552.0,0.2488
1553.0,0.2461
1554.0,0.2443
1555.0,0.2446
1556.0,0.2446
1557.0,0.2474
1558.0,0.2461
1559.0,0.2446
1560.0,0.2463
1561.0,0.248
1562.0,0.2454
1563.0,0.2431
1564.0,0.2444
1565.0,0.2443
1566.0,0.2413
1567.0,0.2415
1568.0,0.2392
1569.0,0.2402
1570.0,0.2424
1571.0,0.2443
1572.0,0.2426
1573.0,0.2411
1574.0,0.2328
1575.0,0.2302
1576.0,0.2273
1577.0,0.2218
1578.0,0.2332
1579.0,0.2359
1580.0,0.2376
1581.0,0.234
1582.0,0.229
1583.0,0.2304
1584.0,0.2332
1585.0,0.2355
1586.0,0.233
1587.0,0.2291
1588.0,0.2216
1589.0,0.2146
1590.0,0.2198
1591.0,0.225
1592.0,0.2323
1593.0,0.2353
1594.0,0.2353
1595.0,0.2319
1596.0,0.2253
1597.0,0.2315
1598.0,0.2338
1599.0,0.2312
1600.0,0.2294
1601.0,0.2265
1602.0,0.2276
1603.0,0.2292
1604.0,0.2275
1605.0,0.2273
1606.0,0.2248
1607.0,0.2267
1608.0,0.2271
1609.0,0.2207
1610.0,0.2162
1611.0,0.2201
1612.0,0.2223
1613.0,0.2231
1614.0,0.2229
1615.0,0.2178
1616.0,0.2144
1617.0,0.219
1618.0,0.2224
1619.0,0.2188
1620.0,0.2136
1621.0,0.2162
1622.0,0.2196
1623.0,0.2227
1624.0,0.2205
1625.0,0.2196
1626.0,0.2203
1627.0,0.2218
1628.0,0.2215
1629.0,0.2193
1630.0,0.2181
1631.0,0.2175
1632.0,0.2167
1633.0,0.2115
1634.0,0.2147
1635.0,0.2135
1636.0,0.2105
1637.0,0.2077
1638.0,0.1986
1639.0,0.2034
1640.0,0.1985
1641.0,0.2022
1642.0,0.2055
1643.0,0.1993
1644.0,0.2052
1645.0,0.2025
1646.0,0.2005
1647.0,0.2086
1648.0,0.1996
1649.0,0.2047
1650.0,0.2058
1651.0,0.1969
1652.0,0.2048
1653.0,0.206
1654.0,0.1994
1655.0,0.206
1656.0,0.2044
1657.0,0.2051
1658.0,0.2062
1659.0,0.2051
1660.0,0.2069
1661.0,0.2063
1662.0,0.2022
1663.0,0.2045
1664.0,0.2033
1665.0,0.196
1666.0,0.174
1667.0,0.1942
1668.0,0.1975
1669.0,0.1994
1670.0,0.2018
1671.0,0.1968
1672.0,0.1938
1673.0,0.198
1674.0,0.1954
1675.0,0.192
1676.0,0.1929
1677.0,0.1934
1678.0,0.1895
1679.0,0.1904
1680.0,0.1831
1681.0,0.1791
1682.0,0.1869
1683.0,0.191
1684.0,0.1839
1685.0,0.1932
1686.0,0.1927
1687.0,0.1884
1688.0,0.192
1689.0,0.1899
1690.0,0.1904
1691.0,0.1805
1692.0,0.1905
1693.0,0.1936
1694.0,0.1891
1695.0,0.192
1696.0,0.1917
1697.0,0.1724
1698.0,0.1906
1699.0,0.1883
1700.0,0.1846
1702.0,0.1861
1705.0,0.1826
1710.0,0.1749
1715.0,0.175
1720.0,0.1726
1725.0,0.1647
1730.0,0.1623
1735.0,0.152
1740.0,0.1546
1745.0,0.147
1750.0,0.1554
1755.0,0.1455
1760.0,0.1506
1765.0,0.1281
1770.0,0.1369
1775.0,0.1154
1780.0,0.1022
1785.0,0.08245
1790.0,0.09378
1795.0,0.05735
1800.0,0.03827
1805.0,0.02251
1810.0,0.01508
1815.0,0.00728
1820.0,0.002662
1825.0,0.003417
1830.0,4.391e-05
1835.0,3.824e-05
1840.0,1.009e-06
1845.0,7.166e-05
1850.0,3.758e-05
1855.0,4.047e-06
1860.0,7.126e-05
1865.0,0.000123
1870.0,1.701e-08
1875.0,2.664e-08
1880.0,0.00038
1885.0,0.0002395
1890.0,0.000998
1895.0,0.0005847
1900.0,9.634e-06
1905.0,5.977e-06
1910.0,0.0001591
1915.0,0.0001097
1920.0,0.001623
1925.0,0.002581
1930.0,0.001633
1935.0,0.007281
1940.0,0.005997
1945.0,0.01793
1950.0,0.02992
1955.0,0.02938
1960.0,0.04175
1965.0,0.05545
1970.0,0.0713
1975.0,0.07839
1980.0,0.07785
1985.0,0.08195
1990.0,0.08433
1995.0,0.08726
2000.0,0.09071
2005.0,0.08021
2010.0,0.1038
2015.0,0.08823
2020.0,0.09222
2025.0,0.09733
2030.0,0.09191
2035.0,0.09678
2040.0,0.09405
2045.0,0.09621
2050.0,0.09656
2055.0,0.09385
2060.0,0.0914
2065.0,0.09221
2070.0,0.09148
2075.0,0.09262
2080.0,0.0905
2085.0,0.08991
2090.0,0.09025
2095.0,0.08801
2100.0,0.08417
2105.0,0.08849
2110.0,0.08576
2115.0,0.0868
2120.0,0.08292
2125.0,0.08344
2130.0,0.08392
2135.0,0.08405
2140.0,0.08439
2145.0,0.08357
2150.0,0.0801
2155.0,0.07986
2160.0,0.0788
2165.0,0.07248
2170.0,0.07631
2175.0,0.07553
2180.0,0.07655
2185.0,0.0708
2190.0,0.07445
2195.0,0.07398
2200.0,0.06814
2205.0,0.06975
2210.0,0.07342
2215.0,0.07128
2220.0,0.07219
2225.0,0.07044
2230.0,0.07062
2235.0,0.06932
2240.0,0.06852
2245.0,0.06676
2250.0,0.06747
2255.0,0.06443
2260.0,0.06371
2265.0,0.06451
2270.0,0.06208
2275.0,0.06132
2280.0,0.06266
2285.0,0.06008
2290.0,0.05997
2295.0,0.05846
2300.0,0.0566
2305.0,0.05683
2310.0,0.05997
2315.0,0.0557
2320.0,0.05074
2325.0,0.05391
2330.0,0.05433
2335.0,0.055
2340.0,0.04595
2345.0,0.05019
2350.0,0.0417
2355.0,0.04683
2360.0,0.04883
2365.0,0.04779
2370.0,0.0331
2375.0,0.04385
2380.0,0.04191
2385.0,0.03254
2390.0,0.03696
2395.0,0.04002
2400.0,0.04287
2405.0,0.03416
2410.0,0.03449
2415.0,0.02892
2420.0,0.02765
2425.0,0.03376
2430.0,0.04355
2435.0,0.01692
2440.0,0.04216
2445.0,0.02279
2450.0,0.016
2455.0,0.0265
2460.0,0.03424
2465.0,0.02627
2470.0,0.01973
2475.0,0.01967
2480.0,0.01086
2485.0,0.008351
2490.0,0.005918
2495.0,0.005137
2500.0,0.01055
2505.0,0.002658
2510.0,0.003801
2515.0,0.001135
2520.0,0.0012
2525.0,0.0001482
2530.0,9.303e-06
2535.0,3.774e-06
2540.0,6.486e-06
2545.0,3.773e-09
2550.0,3.823e-11
2555.0,6.365e-08
2560.0,2.103e-09
2565.0,5.835e-12
2570.0,5.78e-15
2575.0,5.577999999999999e-22
2580.0,1.89e-17
2585.0,4.536e-27
2590.0,3.372e-24
2595.0,1.109e-27
2600.0,6.657999999999999e-22
2605.0,1.946e-28
2610.0,1.2180000000000001e-26
2615.0,1.0689999999999999e-29
2620.0,1.523e-23
2625.0,8.776999999999999e-22
2630.0,2.712e-35
2635.0,4.053e-13
2640.0,2.074e-13
2645.0,5.273e-15
2650.0,1.782e-15
2655.0,1.163e-21
2660.0,2.3480000000000002e-20
2665.0,0.0
2670.0,3.5029999999999997e-44
2675.0,0.0
2680.0,1.895e-19
2685.0,3.727e-20
2690.0,8.343e-19
2695.0,1.0150000000000001e-21
2700.0,1.003e-17
2705.0,1.162e-15
2710.0,7.555e-21
2715.0,1.293e-17
2720.0,5.6670000000000005e-34
2725.0,2.718e-17
2730.0,3.796e-14
2735.0,4.265e-16
2740.0,2.219e-21
2745.0,4.984e-17
2750.0,2.915e-16
2755.0,8.548e-18
2760.0,9.858e-14
2765.0,1.033e-18
2770.0,1.672e-16
2775.0,7.38e-14
2780.0,1.31e-12
2785.0,9.709e-13
2790.0,4.121e-10
2795.0,2.852e-10
2800.0,2.482e-08
2805.0,4.945e-10
2810.0,6.175e-07
2815.0,2.021e-07
2820.0,6.946e-09
2825.0,1.019e-05
2830.0,7.684e-05
2835.0,2.169e-08
2840.0,4.871e-06
2845.0,0.0003289
2850.0,1.927e-05
2855.0,4.657e-06
2860.0,0.0001533
2865.0,0.0006845
2870.0,5.26e-05
2875.0,0.001179
2880.0,0.0006721
2885.0,0.001237
2890.0,0.0004869
2895.0,0.004477
2900.0,0.001569
2905.0,0.0003182
2910.0,0.00439
2915.0,0.002392
2920.0,0.004565
2925.0,0.00192
2930.0,0.008174
2935.0,0.008892
2940.0,0.002885
2945.0,0.002625
2950.0,0.00748
2955.0,0.003376
2960.0,0.006587
2965.0,0.0096
2970.0,0.0006947
2975.0,0.001621
2980.0,0.002476
2985.0,0.009235
2990.0,0.01223
2995.0,0.006051
3000.0,0.009748
3005.0,0.004308
3010.0,0.008591
3015.0,0.007569
3020.0,0.001326
3025.0,0.009262
3030.0,0.007712
3035.0,0.003568
3040.0,0.003085
3045.0,0.005894
3050.0,0.001758
3055.0,0.000648
3060.0,0.007817
3065.0,0.004287
3070.0,0.002907
3075.0,0.007521
3080.0,0.004793
3085.0,0.002869
3090.0,0.003745
3095.0,0.001299
3100.0,0.005799
3105.0,0.001555
3110.0,0.001622
3115.0,0.003432
3120.0,0.01172
3125.0,0.004157
3130.0,0.006948
3135.0,0.01308
3140.0,0.004549
3145.0,0.004368
3150.0,0.008272
3155.0,0.006992
3160.0,0.01088
3165.0,0.01489
3170.0,0.0135
3175.0,0.01058
3180.0,0.01162
3185.0,0.00985
3190.0,0.005319
3195.0,0.004168
3200.0,0.0008966
3205.0,0.0007195
3210.0,0.0003625
3215.0,0.001086
3220.0,0.002674
3225.0,0.0004211
3230.0,0.0007096
3235.0,0.008753
3240.0,0.005262
3245.0,0.001195
3250.0,0.003568
3255.0,0.01114
3260.0,0.002
3265.0,0.00348
3270.0,0.002002
3275.0,0.007305
3280.0,0.003909
3285.0,0.01191
3290.0,0.009889
3295.0,0.001849
3300.0,0.002428
3305.0,0.005114
3310.0,0.005221
3315.0,8.554e-05
3320.0,0.0001896
3325.0,0.004894
3330.0,0.005425
3335.0,0.01016
3340.0,0.004381
3345.0,0.004606
3350.0,0.009001
3355.0,0.004856
3360.0,0.006326
3365.0,0.008067
3370.0,0.005215
3375.0,0.009376
3380.0,0.00642
3385.0,0.008433
3390.0,0.01068
3395.0,0.01022
3400.0,0.01256
3405.0,0.00566
3410.0,0.007925
3415.0,0.008302
3420.0,0.01305
3425.0,0.01063
3430.0,0.009562
3435.0,0.01173
3440.0,0.009018
3445.0,0.01156
3450.0,0.01146
3455.0,0.009033
3460.0,0.01242
3465.0,0.01033
3470.0,0.01214
3475.0,0.01117
3480.0,0.01138
3485.0,0.01198
3490.0,0.01072
3495.0,0.01205
3500.0,0.0118
3505.0,0.01171
3510.0,0.01182
3515.0,0.01143
3520.0,0.01187
3525.0,0.0113
3530.0,0.01109
3535.0,0.009755
3540.0,0.009419
3545.0,0.009808
3550.0,0.01053
3555.0,0.009379
3560.0,0.01068
3565.0,0.0107
3570.0,0.008735
3575.0,0.00904
3580.0,0.01015
3585.0,0.00937
3590.0,0.009588
3595.0,0.009663
3600.0,0.01012
3605.0,0.01022
3610.0,0.009559
3615.0,0.009458
3620.0,0.0111
3625.0,0.01005
3630.0,0.009816
3635.0,0.01006
3640.0,0.01091
3645.0,0.01023
3650.0,0.00985
3655.0,0.01044
3660.0,0.01039
3665.0,0.009906
3670.0,0.008078
3675.0,0.005537
3680.0,0.008394
3685.0,0.009234
3690.0,0.009471
3695.0,0.009663
3700.0,0.01015
3705.0,0.01007
3710.0,0.009074
3715.0,0.008944
3720.0,0.009828
3725.0,0.01003
3730.0,0.00898
3735.0,0.008365
3740.0,0.008482
3745.0,0.009541
3750.0,0.008866
3755.0,0.008659
3760.0,0.008644
3765.0,0.008362
3770.0,0.008785
3775.0,0.008688
3780.0,0.009095
3785.0,0.008538
3790.0,0.007716
3795.0,0.008527
3800.0,0.009309
3805.0,0.008875
3810.0,0.008127
3815.0,0.007689
3820.0,0.009102
3825.0,0.008967
3830.0,0.009045
3835.0,0.007637
3840.0,0.008599
3845.0,0.008445
3850.0,0.008482
3855.0,0.008204
3860.0,0.007817
3865.0,0.007847
3870.0,0.007319
3875.0,0.006856
3880.0,0.006687
3885.0,0.006831
3890.0,0.006898
3895.0,0.007346
3900.0,0.007652
3905.0,0.00763
3910.0,0.007063
3915.0,0.006932
3920.0,0.006914
3925.0,0.006825
3930.0,0.006976
3935.0,0.007168
3940.0,0.007225
3945.0,0.007295
3950.0,0.007351
3955.0,0.007391
3960.0,0.007431
3965.0,0.00747
3970.0,0.007404
3975.0,0.007258
3980.0,0.007176
3985.0,0.007173
3990.0,0.007094
3995.0,0.006973
4000.0,0.006718
