interpolation:linear
wavelength,value
280.0,1.57e-21
280.5,3.4140000000000003e-20
281.0,1.59e-19
281.5,3.464e-18
282.0,2.217e-17
282.5,7.324e-17
283.0,2.75e-16
283.5,4.756e-16
284.0,8.552e-15
284.5,2.493e-14
285.0,6.445e-14
285.5,4.171e-13
286.0,1.803e-12
286.5,8.955e-12
287.0,2.697e-11
287.5,1.081e-10
288.0,3.588e-10
288.5,1.295e-09
289.0,3.938e-09
289.5,1.324e-08
290.0,3.943e-08
290.5,8.469e-08
291.0,1.919e-07
291.5,5.873e-07
292.0,1.294e-06
292.5,1.829e-06
293.0,3.948e-06
293.5,9.672e-06
294.0,1.517e-05
294.5,2.958e-05
295.0,5.103e-05
295.5,0.0001036
296.0,0.0001807
296.5,0.0002288
297.0,0.0002857
297.5,0.0006802
298.0,0.0009698
298.5,0.0009036
299.0,0.00185
299.5,0.002698
300.0,0.002766
300.5,0.003726
301.0,0.006006
301.5,0.008635
302.0,0.007013
302.5,0.01271
303.0,0.02076
303.5,0.02464
304.0,0.02229
304.5,0.03018
305.0,0.04006
305.5,0.04226
306.0,0.03962
306.5,0.04684
307.0,0.06214
307.5,0.07438
308.0,0.07723
308.5,0.08669
309.0,0.08145
309.5,0.08665
310.0,0.08411
310.5,0.1339
311.0,0.1633
311.5,0.1557
312.0,0.1464
312.5,0.171
313.0,0.1814
313.5,0.1796
314.0,0.2138
314.5,0.1776
315.0,0.2306
315.5,0.1989
316.0,0.1648
316.5,0.2262
317.0,0.2809
317.5,0.2959
318.0,0.2238
318.5,0.262
319.0,0.3018
319.5,0.2577
320.0,0.3135
320.5,0.3696
321.0,0.312
321.5,0.2974
322.0,0.3353
322.5,0.2907
323.0,0.2789
323.5,0.3305
324.0,0.3832
324.5,0.395
325.0,0.3481
325.5,0.4344
326.0,0.5253
326.5,0.5155
327.0,0.5173
327.5,0.5041
328.0,0.4608
328.5,0.4687
329.0,0.5471
329.5,0.6161
330.0,0.625
330.5,0.5097
331.0,0.5225
331.5,0.5232
332.0,0.5535
332.5,0.5422
333.0,0.5434
333.5,0.4991
334.0,0.5124
334.5,0.5809
335.0,0.5403
335.5,0.6306
336.0,0.4361
336.5,0.5131
337.0,0.4238
337.5,0.5283
338.0,0.5085
338.5,0.5863
339.0,0.5799
339.5,0.5576
340.0,0.6554
340.5,0.5897
341.0,0.5752
341.5,0.5278
342.0,0.6304
342.5,0.5895
343.0,0.6482
343.5,0.6103
344.0,0.4506
344.5,0.4552
345.0,0.6019
345.5,0.614
346.0,0.5215
346.5,0.5902
347.0,0.6335
347.5,0.512
348.0,0.5833
348.5,0.5828
349.0,0.5403
349.5,0.5347
350.0,0.6611
350.5,0.6971
351.0,0.6226
351.5,0.6052
352.0,0.6495
352.5,0.5066
353.0,0.6377
353.5,0.6816
354.0,0.7073
354.5,0.7172
355.0,0.7147
355.5,0.6453
356.0,0.6749
356.5,0.5761
357.0,0.476
357.5,0.5826
358.0,0.4616
358.5,0.3944
359.0,0.5515
359.5,0.7029
360.0,0.7449
360.5,0.5952
361.0,0.5423
361.5,0.624
362.0,0.5392
362.5,0.7458
363.0,0.6694
363.5,0.6163
364.0,0.7534
364.5,0.6438
365.0,0.6555
365.5,0.8225
366.0,0.871
366.5,0.818
367.0,0.7964
367.5,0.8263
368.0,0.7229
368.5,0.7292
369.0,0.7872
369.5,0.8389
370.0,0.894
370.5,0.6936
371.0,0.7409
371.5,0.9267
372.0,0.615
372.5,0.7372
373.0,0.7496
373.5,0.4876
374.0,0.7083
374.5,0.5864
375.0,0.5699
375.5,0.8508
376.0,0.7051
376.5,0.7307
377.0,0.7733
377.5,0.9045
378.0,0.9804
378.5,0.9266
379.0,0.7647
379.5,0.6985
380.0,0.7261
380.5,0.8792
381.0,0.8807
381.5,0.6978
382.0,0.6195
382.5,0.5279
383.0,0.4885
383.5,0.4704
384.0,0.5188
384.5,0.7629
385.0,0.7564
385.5,0.7042
386.0,0.603
386.5,0.7918
387.0,0.6579
387.5,0.7388
388.0,0.682
388.5,0.674
389.0,0.7274
389.5,0.8808
390.0,0.8838
390.5,0.8132
391.0,0.957
391.5,0.976
392.0,0.8219
392.5,0.7356
393.0,0.4092
393.5,0.2974
394.0,0.605
394.5,0.7691
395.0,0.9383
395.5,0.9531
396.0,0.8262
396.5,0.4828
397.0,0.3622
397.5,0.7366
398.0,1.032
398.5,1.066
399.0,1.154
399.5,1.15
400.0,1.194
401.0,1.215
402.0,1.281
403.0,1.216
404.0,1.197
405.0,1.197
406.0,1.177
407.0,1.157
408.0,1.202
409.0,1.286
410.0,1.123
411.0,1.216
412.0,1.305
413.0,1.273
414.0,1.288
415.0,1.291
416.0,1.312
417.0,1.28
418.0,1.256
419.0,1.272
420.0,1.266
421.0,1.324
422.0,1.258
423.0,1.228
424.0,1.299
425.0,1.296
426.0,1.261
427.0,1.237
428.0,1.205
429.0,1.141
430.0,0.9979
431.0,0.9892
432.0,1.276
433.0,1.283
434.0,1.191
435.0,1.244
436.0,1.401
437.0,1.381
438.0,1.257
439.0,1.301
440.0,1.341
441.0,1.389
442.0,1.49
443.0,1.451
444.0,1.482
445.0,1.45
446.0,1.383
447.0,1.494
448.0,1.518
449.0,1.522
450.0,1.564
451.0,1.622
452.0,1.562
453.0,1.468
454.0,1.532
455.0,1.541
456.0,1.578
457.0,1.604
458.0,1.549
459.0,1.541
460.0,1.545
461.0,1.581
462.0,1.592
463.0,1.581
464.0,1.554
465.0,1.533
466.0,1.547
467.0,1.519
468.0,1.537
469.0,1.544
470.0,1.495
471.0,1.493
472.0,1.573
473.0,1.553
474.0,1.556
475.0,1.57
476.0,1.525
477.0,1.53
478.0,1.572
479.0,1.561
480.0,1.563
481.0,1.591
482.0,1.598
483.0,1.578
484.0,1.545
485.0,1.471
486.0,1.285
487.0,1.346
488.0,1.477
489.0,1.482
490.0,1.558
491.0,1.531
492.0,1.445
493.0,1.492
494.0,1.507
495.0,1.52
496.0,1.529
497.0,1.553
498.0,1.48
499.0,1.499
500.0,1.456
501.0,1.43
502.0,1.412
503.0,1.471
504.0,1.438
505.0,1.486
506.0,1.534
507.0,1.459
508.0,1.412
509.0,1.451
510.0,1.442
511.0,1.48
512.0,1.495
513.0,1.415
514.0,1.405
515.0,1.391
516.0,1.388
517.0,1.233
518.0,1.296
519.0,1.36
520.0,1.409
521.0,1.423
522.0,1.424
523.0,1.399
524.0,1.45
525.0,1.468
526.0,1.403
527.0,1.323
528.0,1.4
529.0,1.476
530.0,1.455
531.0,1.477
532.0,1.426
533.0,1.385
534.0,1.425
535.0,1.456
536.0,1.468
537.0,1.41
538.0,1.435
539.0,1.423
540.0,1.364
541.0,1.375
542.0,1.418
543.0,1.402
544.0,1.428
545.0,1.423
546.0,1.43
547.0,1.429
548.0,1.411
549.0,1.415
550.0,1.432
551.0,1.414
552.0,1.424
553.0,1.399
554.0,1.432
555.0,1.436
556.0,1.417
557.0,1.373
558.0,1.364
559.0,1.339
560.0,1.356
561.0,1.374
562.0,1.365
563.0,1.404
564.0,1.366
565.0,1.355
566.0,1.336
567.0,1.362
568.0,1.352
569.0,1.325
570.0,1.324
571.0,1.314
572.0,1.349
573.0,1.364
574.0,1.36
575.0,1.336
576.0,1.324
577.0,1.338
578.0,1.316
579.0,1.319
580.0,1.341
581.0,1.346
582.0,1.369
583.0,1.371
584.0,1.381
585.0,1.347
586.0,1.319
587.0,1.349
588.0,1.323
589.0,1.183
590.0,1.236
591.0,1.302
592.0,1.289
593.0,1.303
594.0,1.296
595.0,1.268
596.0,1.309
597.0,1.297
598.0,1.291
599.0,1.291
600.0,1.29
601.0,1.278
602.0,1.269
603.0,1.289
604.0,1.31
605.0,1.303
606.0,1.296
607.0,1.308
608.0,1.293
609.0,1.294
610.0,1.284
611.0,1.29
612.0,1.286
613.0,1.269
614.0,1.251
615.0,1.278
616.0,1.235
617.0,1.232
618.0,1.279
619.0,1.266
620.0,1.274
621.0,1.276
622.0,1.262
623.0,1.243
624.0,1.221
625.0,1.218
626.0,1.237
627.0,1.252
628.0,1.194
629.0,1.231
630.0,1.204
631.0,1.223
632.0,1.207
633.0,1.24
634.0,1.225
635.0,1.243
636.0,1.225
637.0,1.244
638.0,1.254
639.0,1.239
640.0,1.226
641.0,1.224
642.0,1.218
643.0,1.234
644.0,1.229
645.0,1.232
646.0,1.206
647.0,1.198
648.0,1.2
649.0,1.177
650.0,1.175
651.0,1.224
652.0,1.182
653.0,1.207
654.0,1.193
655.0,1.153
656.0,1.019
657.0,1.046
658.0,1.17
659.0,1.177
660.0,1.181
661.0,1.189
662.0,1.193
663.0,1.169
664.0,1.181
665.0,1.18
666.0,1.18
667.0,1.178
668.0,1.177
669.0,1.195
670.0,1.19
671.0,1.189
672.0,1.178
673.0,1.196
674.0,1.191
675.0,1.18
676.0,1.187
677.0,1.175
678.0,1.178
679.0,1.159
680.0,1.168
681.0,1.16
682.0,1.159
683.0,1.157
684.0,1.151
685.0,1.16
686.0,1.154
687.0,0.874
688.0,0.9712
689.0,0.973
690.0,1.003
691.0,1.037
692.0,1.059
693.0,1.052
694.0,1.044
695.0,1.075
696.0,1.076
697.0,1.125
698.0,1.108
699.0,1.092
700.0,1.079
701.0,1.072
702.0,1.075
703.0,1.077
704.0,1.105
705.0,1.107
706.0,1.103
707.0,1.103
708.0,1.106
709.0,1.104
710.0,1.105
711.0,1.103
712.0,1.098
713.0,1.088
714.0,1.092
715.0,1.061
716.0,1.063
717.0,0.9618
718.0,0.8913
719.0,0.8214
720.0,0.8627
721.0,0.9269
722.0,1.033
723.0,0.9761
724.0,0.8958
725.0,0.8872
726.0,0.9249
727.0,0.9293
728.0,0.8865
729.0,0.9051
730.0,0.9565
731.0,0.9203
732.0,0.9691
733.0,1.011
734.0,1.031
735.0,1.012
736.0,1.01
737.0,1.015
738.0,1.021
739.0,1.001
740.0,1.024
741.0,1.012
742.0,1.012
743.0,1.037
744.0,1.033
745.0,1.032
746.0,1.037
747.0,1.039
748.0,1.037
749.0,1.025
750.0,1.024
751.0,1.014
752.0,1.018
753.0,1.023
754.0,1.025
755.0,1.02
756.0,1.019
757.0,1.021
758.0,1.008
759.0,0.993
760.0,0.2892
761.0,0.1853
762.0,0.6216
763.0,0.3872
764.0,0.5122
765.0,0.6221
766.0,0.7075
767.0,0.8395
768.0,0.928
769.0,0.9386
770.0,0.9605
771.0,0.9639
772.0,0.9645
773.0,0.9709
774.0,0.9659
775.0,0.9584
776.0,0.9699
777.0,0.9571
778.0,0.9513
779.0,0.9521
780.0,0.9467
781.0,0.9476
782.0,0.9534
783.0,0.9367
784.0,0.9411
785.0,0.9345
786.0,0.9451
787.0,0.9327
788.0,0.923
789.0,0.9233
790.0,0.9049
791.0,0.9068
792.0,0.8994
793.0,0.8855
794.0,0.8942
795.0,0.9109
796.0,0.8913
797.0,0.8926
798.0,0.9107
799.0,0.9065
800.0,0.8928
801.0,0.8918
802.0,0.889
803.0,0.8833
804.0,0.8836
805.0,0.8785
806.0,0.8992
807.0,0.8893
808.0,0.8896
809.0,0.8759
810.0,0.8709
811.0,0.8758
812.0,0.8567
813.0,0.8428
814.0,0.762
815.0,0.7568
816.0,0.7077
817.0,0.7179
818.0,0.6956
819.0,0.7594
820.0,0.7225
821.0,0.82
822.0,0.8007
823.0,0.5847
824.0,0.7855
825.0,0.8071
826.0,0.7838
827.0,0.8192
828.0,0.7167
829.0,0.7775
830.0,0.7698
831.0,0.7716
832.0,0.752
833.0,0.7883
834.0,0.7677
835.0,0.8278
836.0,0.802
837.0,0.8295
838.0,0.8078
839.0,0.8161
840.0,0.8329
841.0,0.8229
842.0,0.8219
843.0,0.8186
844.0,0.8088
845.0,0.8339
846.0,0.8298
847.0,0.8135
848.0,0.8097
849.0,0.7867
850.0,0.7536
851.0,0.7992
852.0,0.793
853.0,0.7622
854.0,0.659
855.0,0.7228
856.0,0.7904
857.0,0.8072
858.0,0.8016
859.0,0.8017
860.0,0.8028
861.0,0.7985
862.0,0.8109
863.0,0.83
864.0,0.7885
865.0,0.7815
866.0,0.7027
867.0,0.7332
868.0,0.7979
869.0,0.7813
870.0,0.8035
871.0,0.7926
872.0,0.7897
873.0,0.7881
874.0,0.7787
875.0,0.763
876.0,0.771
877.0,0.7787
878.0,0.7874
879.0,0.7752
880.0,0.7586
881.0,0.7478
882.0,0.7642
883.0,0.766
884.0,0.7627
885.0,0.7685
886.0,0.7346
887.0,0.7407
888.0,0.7528
889.0,0.7593
890.0,0.7553
891.0,0.7528
892.0,0.7339
893.0,0.7148
894.0,0.6966
895.0,0.6673
896.0,0.6332
897.0,0.5568
898.0,0.6
899.0,0.4726
900.0,0.6066
901.0,0.4944
902.0,0.5591
903.0,0.5712
904.0,0.6914
905.0,0.6718
906.0,0.6321
907.0,0.5325
908.0,0.5406
909.0,0.5762
910.0,0.526
911.0,0.551
912.0,0.5718
913.0,0.5345
914.0,0.5272
915.0,0.5692
916.0,0.4877
917.0,0.5998
918.0,0.5003
919.0,0.6068
920.0,0.6051
921.0,0.6269
922.0,0.5723
923.0,0.6051
924.0,0.5869
925.0,0.5746
926.0,0.5807
927.0,0.6387
928.0,0.501
929.0,0.4662
930.0,0.381
931.0,0.3583
932.0,0.2728
933.0,0.2303
934.0,0.1445
935.0,0.2285
936.0,0.154
937.0,0.1579
938.0,0.1895
939.0,0.3472
940.0,0.4075
941.0,0.3216
942.0,0.363
943.0,0.25
944.0,0.2536
945.0,0.3292
946.0,0.1829
947.0,0.3345
948.0,0.2486
949.0,0.4323
950.0,0.1452
951.0,0.423
952.0,0.2479
953.0,0.3067
954.0,0.3613
955.0,0.3085
956.0,0.2937
957.0,0.2504
958.0,0.3943
959.0,0.3288
960.0,0.3678
961.0,0.4011
962.0,0.3813
963.0,0.4293
964.0,0.3969
965.0,0.4263
966.0,0.429
967.0,0.428
968.0,0.5397
969.0,0.5656
970.0,0.5246
971.0,0.5856
972.0,0.563
973.0,0.5051
974.0,0.4819
975.0,0.4941
976.0,0.4769
977.0,0.5275
978.0,0.5075
979.0,0.5265
980.0,0.4985
981.0,0.5815
982.0,0.5613
983.0,0.5421
984.0,0.5934
985.0,0.559
986.0,0.6004
987.0,0.5922
988.0,0.5912
989.0,0.5964
990.0,0.5872
991.0,0.5986
992.0,0.6017
993.0,0.5919
994.0,0.6011
995.0,0.5999
996.0,0.5978
997.0,0.5984
998.0,0.5958
999.0,0.5934
1000.0,0.5901
1001.0,0.5965
1002.0,0.5836
1003.0,0.5862
1004.0,0.5728
1005.0,0.5505
1006.0,0.5727
1007.0,0.5844
1008.0,0.5819
1009.0,0.5795
1010.0,0.5775
1011.0,0.5814
1012.0,0.577
1013.0,0.5798
1014.0,0.5757
1015.0,0.572
1016.0,0.5695
1017.0,0.5711
1018.0,0.5685
1019.0,0.5577
1020.0,0.5657
1021.0,0.5647
1022.0,0.5608
1023.0,0.5669
1024.0,0.5609
1025.0,0.566
1026.0,0.5639
1027.0,0.5626
1028.0,0.5615
1029.0,0.555
1030.0,0.5583
1031.0,0.5563
1032.0,0.5545
1033.0,0.5462
1034.0,0.5461
1035.0,0.5478
1036.0,0.5508
1037.0,0.5418
1038.0,0.5443
1039.0,0.544
1040.0,0.5419
1041.0,0.5442
1042.0,0.5404
1043.0,0.5387
1044.0,0.5407
1045.0,0.5334
1046.0,0.5276
1047.0,0.5325
1048.0,0.5355
1049.0,0.5337
1050.0,0.5313
1051.0,0.5307
1052.0,0.5287
1053.0,0.5246
1054.0,0.5259
1055.0,0.5265
1056.0,0.5248
1057.0,0.5234
1058.0,0.5107
1059.0,0.5115
1060.0,0.5108
1061.0,0.5103
1062.0,0.5132
1063.0,0.5083
1064.0,0.5142
1065.0,0.511
1066.0,0.5005
1067.0,0.5072
1068.0,0.4964
1069.0,0.4808
1070.0,0.4975
1071.0,0.504
1072.0,0.4992
1073.0,0.4918
1074.0,0.5031
1075.0,0.4817
1076.0,0.5029
1077.0,0.4961
1078.0,0.4875
1079.0,0.4943
1080.0,0.4885
1081.0,0.4746
1082.0,0.479
1083.0,0.4797
1084.0,0.4745
1085.0,0.4892
1086.0,0.4527
1087.0,0.4625
1088.0,0.4799
1089.0,0.4687
1090.0,0.4611
1091.0,0.4793
1092.0,0.4773
1093.0,0.416
1094.0,0.438
1095.0,0.4315
1096.0,0.4167
1097.0,0.466
1098.0,0.4113
1099.0,0.4272
1100.0,0.4025
1101.0,0.4059
1102.0,0.3907
1103.0,0.3892
1104.0,0.3895
1105.0,0.4185
1106.0,0.34
1107.0,0.4014
1108.0,0.3523
1109.0,0.3506
1110.0,0.3992
1111.0,0.2873
1112.0,0.3469
1113.0,0.2384
1114.0,0.2641
1115.0,0.2195
1116.0,0.1864
1117.0,0.08174
1118.0,0.1983
1119.0,0.1086
1120.0,0.1367
1121.0,0.1748
1122.0,0.08255
1123.0,0.1232
1124.0,0.1041
1125.0,0.1334
1126.0,0.05558
1127.0,0.1497
1128.0,0.09926
1129.0,0.1037
1130.0,0.07302
1131.0,0.2615
1132.0,0.2094
1133.0,0.1445
1134.0,0.04499
1135.0,0.01655
1136.0,0.1248
1137.0,0.26
1138.0,0.1861
1139.0,0.2562
1140.0,0.2222
1141.0,0.1768
1142.0,0.1988
1143.0,0.2733
1144.0,0.107
1145.0,0.1389
1146.0,0.15
1147.0,0.06251
1148.0,0.2368
1149.0,0.1959
1150.0,0.1147
1151.0,0.1849
1152.0,0.2196
1153.0,0.2082
1154.0,0.1371
1155.0,0.2675
1156.0,0.245
1157.0,0.2692
1158.0,0.2659
1159.0,0.2813
1160.0,0.2473
1161.0,0.2924
1162.0,0.2947
1163.0,0.3778
1164.0,0.3316
1165.0,0.3195
1166.0,0.3128
1167.0,0.3369
1168.0,0.3419
1169.0,0.3473
1170.0,0.3718
1171.0,0.3635
1172.0,0.3669
1173.0,0.371
1174.0,0.2814
1175.0,0.3601
1176.0,0.3883
1177.0,0.3775
1178.0,0.2961
1179.0,0.391
1180.0,0.3576
1181.0,0.368
1182.0,0.2675
1183.0,0.3604
1184.0,0.3423
1185.0,0.3341
1186.0,0.3832
1187.0,0.3689
1188.0,0.273
1189.0,0.3447
1190.0,0.3745
1191.0,0.3621
1192.0,0.379
1193.0,0.3656
1194.0,0.3751
1195.0,0.3594
1196.0,0.3492
1197.0,0.3727
1198.0,0.3448
1199.0,0.304
1200.0,0.3614
1201.0,0.3521
1202.0,0.3481
1203.0,0.3452
1204.0,0.3082
1205.0,0.353
1206.0,0.3838
1207.0,0.3482
1208.0,0.3395
1209.0,0.3457
1210.0,0.3577
1211.0,0.3448
1212.0,0.345
1213.0,0.3734
1214.0,0.351
1215.0,0.3455
1216.0,0.372
1217.0,0.3643
1218.0,0.3692
1219.0,0.3656
1220.0,0.3693
1221.0,0.3719
1222.0,0.3635
1223.0,0.3609
1224.0,0.3601
1225.0,0.3695
1226.0,0.3708
1227.0,0.3473
1228.0,0.3715
1229.0,0.3708
1230.0,0.3654
1231.0,0.3726
1232.0,0.3705
1233.0,0.3618
1234.0,0.3714
1235.0,0.3696
1236.0,0.3718
1237.0,0.3683
1238.0,0.3706
1239.0,0.3658
1240.0,0.367
1241.0,0.3663
1242.0,0.3646
1243.0,0.3616
1244.0,0.3645
1245.0,0.3658
1246.0,0.3637
1247.0,0.3625
1248.0,0.3628
1249.0,0.3635
1250.0,0.3616
1251.0,0.3576
1252.0,0.3568
1253.0,0.3554
1254.0,0.3529
1255.0,0.3568
1256.0,0.3494
1257.0,0.3481
1258.0,0.3525
1259.0,0.3438
1260.0,0.3451
1261.0,0.3309
1262.0,0.3237
1263.0,0.3245
1264.0,0.306
1265.0,0.3223
1266.0,0.3139
1267.0,0.3168
1268.0,0.3047
1269.0,0.2191
1270.0,0.3167
1271.0,0.3291
1272.0,0.3296
1273.0,0.3267
1274.0,0.327
1275.0,0.3307
1276.0,0.3329
1277.0,0.334
1278.0,0.3382
1279.0,0.3354
1280.0,0.331
1281.0,0.3149
1282.0,0.3018
1283.0,0.3254
1284.0,0.3335
1285.0,0.3355
1286.0,0.3391
1287.0,0.3355
1288.0,0.335
1289.0,0.3276
1290.0,0.3318
1291.0,0.3359
1292.0,0.3216
1293.0,0.3308
1294.0,0.3288
1295.0,0.3287
1296.0,0.3178
1297.0,0.3039
1298.0,0.3207
1299.0,0.3307
1300.0,0.291
1301.0,0.2976
1302.0,0.3194
1303.0,0.286
1304.0,0.2545
1305.0,0.3138
1306.0,0.3144
1307.0,0.2563
1308.0,0.2848
1309.0,0.3127
1310.0,0.2519
1311.0,0.2754
1312.0,0.2696
1313.0,0.266
1314.0,0.242
1315.0,0.2412
1316.0,0.2727
1317.0,0.2596
1318.0,0.2778
1319.0,0.2299
1320.0,0.22
1321.0,0.2518
1322.0,0.2561
1323.0,0.2034
1324.0,0.2254
1325.0,0.2694
1326.0,0.238
1327.0,0.2287
1328.0,0.2007
1329.0,0.1599
1330.0,0.2033
1331.0,0.1344
1332.0,0.1347
1333.0,0.1841
1334.0,0.1517
1335.0,0.2024
1336.0,0.1657
1337.0,0.1503
1338.0,0.162
1339.0,0.1598
1340.0,0.1526
1341.0,0.1554
1342.0,0.1629
1343.0,0.1249
1344.0,0.07474
1345.0,0.1056
1346.0,0.06307
1347.0,0.06586
1348.0,0.006914
1349.0,0.0214
1350.0,0.02004
1351.0,0.007431
1352.0,0.003031
1353.0,0.0002627
1354.0,0.0006617
1355.0,1.476e-05
1356.0,0.0001348
1357.0,0.000201
1358.0,1.678e-05
1359.0,4.364e-06
1360.0,9.953e-06
1361.0,5.522e-08
1362.0,3.227e-10
1363.0,1.555e-05
1364.0,7.196e-06
1365.0,2.547e-10
1366.0,5.552e-05
1367.0,2.145e-05
1368.0,1.026e-11
1369.0,2.866e-06
1370.0,1.909e-06
1371.0,1.658e-07
1372.0,1.197e-05
1373.0,0.0001416
1374.0,0.0004637
1375.0,0.0008186
1376.0,0.0005864
1377.0,0.0002937
1378.0,0.002334
1379.0,0.0001272
1380.0,0.0002206
1381.0,7.551e-06
1382.0,1.172e-05
1383.0,2.514e-07
1384.0,3.615e-06
1385.0,8.048e-06
1386.0,1.274e-05
1387.0,0.0005644
1388.0,1.271e-05
1389.0,0.001348
1390.0,0.001146
1391.0,0.0008449
1392.0,6.551e-05
1393.0,0.000282
1394.0,0.0002435
1395.0,2.924e-06
1396.0,6.491e-08
1397.0,0.0001302
1398.0,0.002676
1399.0,0.001713
1400.0,4.164e-08
1401.0,1.003e-07
1402.0,0.003088
1403.0,0.004174
1404.0,0.001323
1405.0,1.855e-06
1406.0,0.003868
1407.0,0.0003345
1408.0,0.003114
1409.0,0.001345
1410.0,0.0009598
1411.0,0.003626
1412.0,0.004339
1413.0,0.02987
1414.0,0.0007392
1415.0,0.0004044
1416.0,0.04047
1417.0,0.01565
1418.0,0.01778
1419.0,0.002959
1420.0,0.01105
1421.0,0.01235
1422.0,0.05165
1423.0,0.01103
1424.0,0.01984
1425.0,0.0301
1426.0,0.03141
1427.0,0.05118
1428.0,0.006704
1429.0,0.04102
1430.0,0.06324
1431.0,0.06779
1432.0,0.005395
1433.0,0.04561
1434.0,0.02448
1435.0,0.02875
1436.0,0.04845
1437.0,0.0373
1438.0,0.01775
1439.0,0.06275
1440.0,0.04754
1441.0,0.03942
1442.0,0.04279
1443.0,0.04892
1444.0,0.06599
1445.0,0.05532
1446.0,0.02606
1447.0,0.04116
1448.0,0.1113
1449.0,0.1005
1450.0,0.03046
1451.0,0.01333
1452.0,0.06402
1453.0,0.08171
1454.0,0.1275
1455.0,0.06495
1456.0,0.08928
1457.0,0.112
1458.0,0.1248
1459.0,0.1486
1460.0,0.08147
1461.0,0.08807
1462.0,0.123
1463.0,0.04427
1464.0,0.1398
1465.0,0.08542
1466.0,0.06698
1467.0,0.03909
1468.0,0.07682
1469.0,0.09197
1470.0,0.05205
1471.0,0.02027
1472.0,0.05005
1473.0,0.06974
1474.0,0.09318
1475.0,0.164
1476.0,0.06763
1477.0,0.06961
1478.0,0.06135
1479.0,0.112
1480.0,0.06016
1481.0,0.1081
1482.0,0.05668
1483.0,0.1367
1484.0,0.1249
1485.0,0.1147
1486.0,0.1141
1487.0,0.05872
1488.0,0.09207
1489.0,0.1674
1490.0,0.1535
1491.0,0.1692
1492.0,0.1486
1493.0,0.1606
1494.0,0.1754
1495.0,0.1575
1496.0,0.1487
1497.0,0.1913
1498.0,0.1626
1499.0,0.1867
1500.0,0.208
1501.0,0.2184
1502.0,0.1861
1503.0,0.164
1504.0,0.1363
1505.0,0.1588
1506.0,0.2154
1507.0,0.2098
1508.0,0.2
1509.0,0.1621
1510.0,0.2227
1511.0,0.2176
1512.0,0.2139
1513.0,0.2016
1514.0,0.1912
1515.0,0.2187
1516.0,0.2108
1517.0,0.2084
1518.0,0.2074
1519.0,0.2045
1520.0,0.216
1521.0,0.2247
1522.0,0.2173
1523.0,0.2277
1524.0,0.2231
1525.0,0.2161
1526.0,0.2189
1527.0,0.2171
1528.0,0.2271
1529.0,0.2175
1530.0,0.2144
1531.0,0.2203
1532.0,0.2259
1533.0,0.2253
1534.0,0.222
1535.0,0.2221
1536.0,0.2253
1537.0,0.2214
1538.0,0.2223
1539.0,0.2193
1540.0,0.2191
1541.0,0.2211
1542.0,0.2197
1543.0,0.2228
1544.0,0.2212
1545.0,0.2242
1546.0,0.2214
1547.0,0.2177
1548.0,0.2176
1549.0,0.2192
1550.0,0.2179
1551.0,0.2197
1552.0,0.2186
1553.0,0.2165
1554.0,0.2148
1555.0,0.2152
1556.0,0.2152
1557.0,0.2176
1558.0,0.2165
1559.0,0.2151
1560.0,0.2166
1561.0,0.2181
1562.0,0.2157
1563.0,0.2138
1564.0,0.2149
1565.0,0.2149
1566.0,0.2122
1567.0,0.2125
1568.0,0.2104
1569.0,0.2113
1570.0,0.2133
1571.0,0.2149
1572.0,0.2134
1573.0,0.2121
1574.0,0.2047
1575.0,0.2024
1576.0,0.1998
1577.0,0.1948
1578.0,0.2048
1579.0,0.2071
1580.0,0.2086
1581.0,0.2055
1582.0,0.2011
1583.0,0.2023
1584.0,0.205
1585.0,0.207
1586.0,0.2048
1587.0,0.2014
1588.0,0.195
1589.0,0.1888
1590.0,0.1933
1591.0,0.1979
1592.0,0.2042
1593.0,0.2069
1594.0,0.2069
1595.0,0.204
1596.0,0.1981
1597.0,0.2035
1598.0,0.2057
1599.0,0.2034
1600.0,0.2019
1601.0,0.1992
1602.0,0.2001
1603.0,0.2017
1604.0,0.2001
1605.0,0.2
1606.0,0.1977
1607.0,0.1995
1608.0,0.1997
1609.0,0.1942
1610.0,0.1902
1611.0,0.1936
1612.0,0.1956
1613.0,0.1962
1614.0,0.1961
1615.0,0.1916
1616.0,0.1886
1617.0,0.1926
1618.0,0.1956
1619.0,0.1924
1620.0,0.1879
1621.0,0.1902
1622.0,0.1932
1623.0,0.1959
1624.0,0.1939
1625.0,0.1931
1626.0,0.1937
1627.0,0.195
1628.0,0.1947
1629.0,0.1928
1630.0,0.1918
1631.0,0.1912
1632.0,0.1905
1633.0,0.1857
1634.0,0.1888
1635.0,0.1874
1636.0,0.185
1637.0,0.1826
1638.0,0.1741
1639.0,0.1788
1640.0,0.1739
1641.0,0.1777
1642.0,0.1807
1643.0,0.1744
1644.0,0.1805
1645.0,0.1776
1646.0,0.1755
1647.0,0.1835
1648.0,0.1746
1649.0,0.1798
1650.0,0.1809
1651.0,0.1721
1652.0,0.1799
1653.0,0.181
1654.0,0.1745
1655.0,0.181
1656.0,0.1794
1657.0,0.1801
1658.0,0.1813
1659.0,0.1803
1660.0,0.1818
1661.0,0.1812
1662.0,0.1774
1663.0,0.1798
1664.0,0.1786
1665.0,0.1716
1666.0,0.15
1667.0,0.17
1668.0,0.1735
1669.0,0.1751
1670.0,0.1774
1671.0,0.1729
1672.0,0.1703
1673.0,0.1741
1674.0,0.1716
1675.0,0.1686
1676.0,0.1695
1677.0,0.1698
1678.0,0.1661
1679.0,0.1674
1680.0,0.1609
1681.0,0.1572
1682.0,0.1644
1683.0,0.1679
1684.0,0.1605
1685.0,0.1699
1686.0,0.1695
1687.0,0.1651
1688.0,0.1688
1689.0,0.1669
1690.0,0.1672
1691.0,0.1573
1692.0,0.1671
1693.0,0.1703
1694.0,0.1658
1695.0,0.1688
1696.0,0.1686
1697.0,0.1496
1698.0,0.1675
1699.0,0.1654
1700.0,0.1619
1702.0,0.1635
1705.0,0.1601
1710.0,0.153
1715.0,0.1532
1720.0,0.1511
1725.0,0.1436
1730.0,0.1417
1735.0,0.1325
1740.0,0.1348
1745.0,0.1278
1750.0,0.1355
1755.0,0.1263
1760.0,0.131
1765.0,0.1105
1770.0,0.1181
1775.0,0.09839
1780.0,0.08643
1785.0,0.06851
1790.0,0.07833
1795.0,0.04564
1800.0,0.03061
1805.0,0.01659
1810.0,0.01092
1815.0,0.004763
1820.0,0.0016
1825.0,0.002065
1830.0,1.765e-05
1835.0,1.722e-05
1840.0,3.202e-07
1845.0,2.645e-05
1850.0,1.343e-05
1855.0,1.351e-06
1860.0,3.157e-05
1865.0,5.253e-05
1870.0,3.339e-09
1875.0,5.431e-09
1880.0,0.0001851
1885.0,0.0001123
1890.0,0.000511
1895.0,0.0002943
1900.0,3.493e-06
1905.0,2.206e-06
1910.0,6.921e-05
1915.0,5.121e-05
1920.0,0.0008929
1925.0,0.001552
1930.0,0.0009505
1935.0,0.004836
1940.0,0.004128
1945.0,0.0135
1950.0,0.02333
1955.0,0.02256
1960.0,0.03371
1965.0,0.04574
1970.0,0.06016
1975.0,0.06668
1980.0,0.06643
1985.0,0.07029
1990.0,0.07245
1995.0,0.07535
2000.0,0.07858
2005.0,0.06878
2010.0,0.09107
2015.0,0.07617
2020.0,0.08008
2025.0,0.08512
2030.0,0.07996
2035.0,0.08484
2040.0,0.08215
2045.0,0.08423
2050.0,0.08475
2055.0,0.08216
2060.0,0.07991
2065.0,0.08078
2070.0,0.08009
2075.0,0.08127
2080.0,0.07938
2085.0,0.07887
2090.0,0.07927
2095.0,0.07723
2100.0,0.07349
2105.0,0.07771
2110.0,0.07513
2115.0,0.07623
2120.0,0.07257
2125.0,0.07315
2130.0,0.07367
2135.0,0.07385
2140.0,0.07421
2145.0,0.07348
2150.0,0.07012
2155.0,0.06995
2160.0,0.06906
2165.0,0.0634
2170.0,0.06693
2175.0,0.06606
2180.0,0.06713
2185.0,0.06166
2190.0,0.0652
2195.0,0.06475
2200.0,0.0591
2205.0,0.06086
2210.0,0.06447
2215.0,0.06239
2220.0,0.06332
2225.0,0.06171
2230.0,0.06191
2235.0,0.06069
2240.0,0.06
2245.0,0.0583
2250.0,0.05908
2255.0,0.05615
2260.0,0.05548
2265.0,0.05635
2270.0,0.05396
2275.0,0.05327
2280.0,0.05473
2285.0,0.05221
2290.0,0.05214
2295.0,0.0508
2300.0,0.04896
2305.0,0.04921
2310.0,0.05239
2315.0,0.04825
2320.0,0.04356
2325.0,0.04679
2330.0,0.0471
2335.0,0.0478
2340.0,0.03919
2345.0,0.04318
2350.0,0.03544
2355.0,0.04016
2360.0,0.04206
2365.0,0.04123
2370.0,0.02742
2375.0,0.03749
2380.0,0.03582
2385.0,0.02721
2390.0,0.0313
2395.0,0.03406
2400.0,0.03671
2405.0,0.02884
2410.0,0.02906
2415.0,0.02413
2420.0,0.02314
2425.0,0.0285
2430.0,0.03733
2435.0,0.01374
2440.0,0.03621
2445.0,0.01877
2450.0,0.01285
2455.0,0.02204
2460.0,0.02886
2465.0,0.02171
2470.0,0.01587
2475.0,0.01574
2480.0,0.008313
2485.0,0.006201
2490.0,0.004204
2495.0,0.00365
2500.0,0.007819
2505.0,0.001853
2510.0,0.002678
2515.0,0.0007349
2520.0,0.0006902
2525.0,8.115e-05
2530.0,3.163e-06
2535.0,1.129e-06
2540.0,2.088e-06
2545.0,7.195e-10
2550.0,5.824e-12
2555.0,1.298e-08
2560.0,4.048e-10
2565.0,6.195e-13
2570.0,2.717e-16
2575.0,4.683e-24
2580.0,3.689e-19
2585.0,9.653000000000001e-30
2590.0,1.2150000000000001e-26
2595.0,8.794e-30
2600.0,3.9749999999999996e-24
2605.0,8.004e-31
2610.0,2.844e-29
2615.0,1.4320000000000002e-32
2620.0,1.539e-25
2625.0,4.543e-24
2630.0,6.762e-39
2635.0,3.008e-14
2640.0,1.304e-14
2645.0,2.155e-16
2650.0,5.781e-17
2655.0,8.273e-24
2660.0,3.779e-22
2665.0,1.2170000000000001e-32
2670.0,0.0
2675.0,7.078e-32
2680.0,3.816e-21
2685.0,6.341e-22
2690.0,1.018e-20
2695.0,1.4629999999999998e-23
2700.0,2.014e-19
2705.0,3.001e-17
2710.0,1.785e-22
2715.0,1.926e-19
2720.0,2.553e-37
2725.0,1.085e-18
2730.0,1.2e-15
2735.0,1.269e-17
2740.0,4.653e-23
2745.0,1.704e-18
2750.0,9.897e-18
2755.0,2.47e-19
2760.0,5.443e-15
2765.0,2.6110000000000002e-20
2770.0,5.655e-18
2775.0,3.205e-15
2780.0,1.215e-13
2785.0,1.314e-13
2790.0,5.054e-11
2795.0,2.752e-11
2800.0,5.229e-09
2805.0,1.016e-10
2810.0,1.785e-07
2815.0,5.677e-08
2820.0,1.481e-09
2825.0,3.432e-06
2830.0,3.337e-05
2835.0,4.536e-09
2840.0,1.746e-06
2845.0,0.0001759
2850.0,7.797e-06
2855.0,1.999e-06
2860.0,7.688e-05
2865.0,0.0003899
2870.0,2.297e-05
2875.0,0.0007292
2880.0,0.0004177
2885.0,0.0007651
2890.0,0.0003001
2895.0,0.003245
2900.0,0.001083
2905.0,0.0001894
2910.0,0.00321
2915.0,0.001656
2920.0,0.003384
2925.0,0.001358
2930.0,0.006338
2935.0,0.006942
2940.0,0.002044
2945.0,0.00186
2950.0,0.005757
2955.0,0.002581
2960.0,0.005059
2965.0,0.00767
2970.0,0.000479
2975.0,0.001131
2980.0,0.001746
2985.0,0.007318
2990.0,0.01002
2995.0,0.004678
3000.0,0.007845
3005.0,0.003252
3010.0,0.006911
3015.0,0.005913
3020.0,0.0008948
3025.0,0.007488
3030.0,0.006156
3035.0,0.002727
3040.0,0.002292
3045.0,0.004535
3050.0,0.001256
3055.0,0.000419
3060.0,0.006261
3065.0,0.003231
3070.0,0.0021
3075.0,0.006016
3080.0,0.003757
3085.0,0.002089
3090.0,0.002763
3095.0,0.0008822
3100.0,0.004559
3105.0,0.001118
3110.0,0.001123
3115.0,0.002579
3120.0,0.009576
3125.0,0.003222
3130.0,0.005657
3135.0,0.01086
3140.0,0.003538
3145.0,0.003419
3150.0,0.006651
3155.0,0.005621
3160.0,0.008918
3165.0,0.01263
3170.0,0.0114
3175.0,0.008727
3180.0,0.009759
3185.0,0.007938
3190.0,0.004246
3195.0,0.003083
3200.0,0.0006038
3205.0,0.0004634
3210.0,0.0002205
3215.0,0.0007087
3220.0,0.001926
3225.0,0.0002775
3230.0,0.0004689
3235.0,0.00708
3240.0,0.004002
3245.0,0.0008622
3250.0,0.002731
3255.0,0.009221
3260.0,0.001434
3265.0,0.00265
3270.0,0.001441
3275.0,0.005844
3280.0,0.003004
3285.0,0.009999
3290.0,0.008112
3295.0,0.00136
3300.0,0.001861
3305.0,0.004012
3310.0,0.004042
3315.0,3.837e-05
3320.0,0.0001058
3325.0,0.00373
3330.0,0.004434
3335.0,0.008417
3340.0,0.003479
3345.0,0.003618
3350.0,0.007494
3355.0,0.003781
3360.0,0.005134
3365.0,0.006709
3370.0,0.004068
3375.0,0.007834
3380.0,0.0051
3385.0,0.006995
3390.0,0.008972
3395.0,0.008609
3400.0,0.01083
3405.0,0.004468
3410.0,0.006583
3415.0,0.006814
3420.0,0.01132
3425.0,0.008973
3430.0,0.007966
3435.0,0.0101
3440.0,0.00747
3445.0,0.009913
3450.0,0.009809
3455.0,0.007561
3460.0,0.01077
3465.0,0.008741
3470.0,0.01052
3475.0,0.009567
3480.0,0.009774
3485.0,0.01038
3490.0,0.009149
3495.0,0.01045
3500.0,0.01022
3505.0,0.01014
3510.0,0.01025
3515.0,0.009878
3520.0,0.01032
3525.0,0.009774
3530.0,0.009572
3535.0,0.008293
3540.0,0.007978
3545.0,0.008348
3550.0,0.009061
3555.0,0.007972
3560.0,0.00923
3565.0,0.009243
3570.0,0.007394
3575.0,0.007655
3580.0,0.008742
3585.0,0.007992
3590.0,0.008212
3595.0,0.008311
3600.0,0.008755
3605.0,0.008822
3610.0,0.008201
3615.0,0.008139
3620.0,0.009699
3625.0,0.008679
3630.0,0.008479
3635.0,0.008711
3640.0,0.00954
3645.0,0.008876
3650.0,0.008526
3655.0,0.009102
3660.0,0.009066
3665.0,0.008585
3670.0,0.00687
3675.0,0.004512
3680.0,0.007159
3685.0,0.007962
3690.0,0.008186
3695.0,0.0084
3700.0,0.008894
3705.0,0.008809
3710.0,0.007847
3715.0,0.007732
3720.0,0.008582
3725.0,0.008779
3730.0,0.007775
3735.0,0.007199
3740.0,0.007329
3745.0,0.008348
3750.0,0.007701
3755.0,0.007503
3760.0,0.00747
3765.0,0.007215
3770.0,0.007627
3775.0,0.007542
3780.0,0.00793
3785.0,0.007389
3790.0,0.006621
3795.0,0.0074
3800.0,0.008153
3805.0,0.007736
3810.0,0.007012
3815.0,0.006608
3820.0,0.007969
3825.0,0.007837
3830.0,0.00792
3835.0,0.006559
3840.0,0.007492
3845.0,0.007342
3850.0,0.00738
3855.0,0.007116
3860.0,0.00674
3865.0,0.006775
3870.0,0.006264
3875.0,0.005816
3880.0,0.005657
3885.0,0.005803
3890.0,0.005869
3895.0,0.006308
3900.0,0.006612
3905.0,0.006594
3910.0,0.006043
3915.0,0.005919
3920.0,0.005907
3925.0,0.005824
3930.0,0.005974
3935.0,0.006167
3940.0,0.006225
3945.0,0.0063
3950.0,0.006362
3955.0,0.006406
3960.0,0.006449
3965.0,0.006489
3970.0,0.006427
3975.0,0.006289
3980.0,0.006213
3985.0,0.006217
3990.0,0.006144
3995.0,0.006031
4000.0,0.005803
