interpolation:linear
wavelength,value
280.0,2.2839999999999997e-22
280.5,7.532e-21
281.0,4.0420000000000003e-20
281.5,3.903e-19
282.0,6.273e-19
282.5,1.555e-18
283.0,4.92e-18
283.5,8.014e-18
284.0,1.323e-16
284.5,3.863e-16
285.0,6.326e-16
285.5,3.16e-15
286.0,1.275e-14
286.5,5.751e-14
287.0,1.652e-13
287.5,6.38e-13
288.0,2.236e-12
288.5,6.694e-12
289.0,1.771e-11
289.5,5.327e-11
290.0,1.476e-10
290.5,3.006e-10
291.0,6.449e-10
291.5,1.851e-09
292.0,3.714e-09
292.5,5.217e-09
293.0,1.121e-08
293.5,2.732e-08
294.0,4.278e-08
294.5,5.857e-08
295.0,9.934e-08
295.5,1.653e-07
296.0,3.207e-07
296.5,4.515e-07
297.0,6.144e-07
297.5,1.665e-06
298.0,2.65e-06
298.5,2.688e-06
299.0,5.978e-06
299.5,1.01e-05
300.0,1.122e-05
300.5,1.644e-05
301.0,3.032e-05
301.5,4.918e-05
302.0,4.243e-05
302.5,8.545e-05
303.0,0.0001604
303.5,0.0002094
304.0,0.0002041
304.5,0.0003363
305.0,0.0005884
305.5,0.0007396
306.0,0.0007424
306.5,0.000983
307.0,0.001675
307.5,0.002553
308.0,0.002757
308.5,0.003488
309.0,0.00349
309.5,0.004469
310.0,0.004727
310.5,0.007853
311.0,0.01028
311.5,0.0101
312.0,0.01105
312.5,0.01426
313.0,0.01595
313.5,0.01506
314.0,0.0202
314.5,0.01966
315.0,0.02626
315.5,0.021
316.0,0.01978
316.5,0.03029
317.0,0.03757
317.5,0.03838
318.0,0.03129
318.5,0.04225
319.0,0.0523
319.5,0.03984
320.0,0.04765
320.5,0.06495
321.0,0.06244
321.5,0.06033
322.0,0.05925
322.5,0.05177
323.0,0.05439
323.5,0.07037
324.0,0.08287
324.5,0.08232
325.0,0.06911
325.5,0.09281
326.0,0.1151
326.5,0.1186
327.0,0.117
327.5,0.1116
328.0,0.09571
328.5,0.1053
329.0,0.1307
329.5,0.1501
330.0,0.1501
330.5,0.1168
331.0,0.118
331.5,0.1224
332.0,0.1363
332.5,0.1368
333.0,0.1353
333.5,0.1198
334.0,0.1224
334.5,0.1448
335.0,0.1382
335.5,0.162
336.0,0.1121
336.5,0.13
337.0,0.1055
337.5,0.1308
338.0,0.1304
338.5,0.1515
339.0,0.1502
339.5,0.1445
340.0,0.1689
340.5,0.1527
341.0,0.1495
341.5,0.1377
342.0,0.1647
342.5,0.1543
343.0,0.1695
343.5,0.1595
344.0,0.1175
344.5,0.119
345.0,0.158
345.5,0.1616
346.0,0.1376
346.5,0.156
347.0,0.1673
347.5,0.1353
348.0,0.1546
348.5,0.1547
349.0,0.1437
349.5,0.1424
350.0,0.1762
350.5,0.186
351.0,0.1661
351.5,0.1612
352.0,0.1734
352.5,0.1356
353.0,0.171
353.5,0.1831
354.0,0.1902
354.5,0.1929
355.0,0.1923
355.5,0.174
356.0,0.1822
356.5,0.1556
357.0,0.1286
357.5,0.1575
358.0,0.1249
358.5,0.1068
359.0,0.1495
359.5,0.1904
360.0,0.202
360.5,0.1616
361.0,0.1475
361.5,0.17
362.0,0.1472
362.5,0.204
363.0,0.1834
363.5,0.1691
364.0,0.207
364.5,0.177
365.0,0.1804
365.5,0.2266
366.0,0.2403
366.5,0.2261
367.0,0.2203
367.5,0.2288
368.0,0.2003
368.5,0.2023
369.0,0.2186
369.5,0.2332
370.0,0.2488
370.5,0.1933
371.0,0.2067
371.5,0.2587
372.0,0.1718
372.5,0.2062
373.0,0.2099
373.5,0.1367
374.0,0.1988
374.5,0.1648
375.0,0.1603
375.5,0.2394
376.0,0.1986
376.5,0.2059
377.0,0.2182
377.5,0.2554
378.0,0.277
378.5,0.262
379.0,0.2163
379.5,0.1976
380.0,0.2056
380.5,0.2492
381.0,0.25
381.5,0.1984
382.0,0.1764
382.5,0.1505
383.0,0.1395
383.5,0.1345
384.0,0.1485
384.5,0.2185
385.0,0.2169
385.5,0.2022
386.0,0.1733
386.5,0.2278
387.0,0.1894
387.5,0.2129
388.0,0.1967
388.5,0.1946
389.0,0.2102
389.5,0.2548
390.0,0.2559
390.5,0.2357
391.0,0.2777
391.5,0.2834
392.0,0.2388
392.5,0.214
393.0,0.1192
393.5,0.08672
394.0,0.1766
394.5,0.2247
395.0,0.2744
395.5,0.2788
396.0,0.2419
396.5,0.1416
397.0,0.1063
397.5,0.2164
398.0,0.3031
398.5,0.3135
399.0,0.3399
399.5,0.339
400.0,0.3521
401.0,0.355
402.0,0.3752
403.0,0.357
404.0,0.3519
405.0,0.3523
406.0,0.3472
407.0,0.3421
408.0,0.3557
409.0,0.3812
410.0,0.3336
411.0,0.3618
412.0,0.3893
413.0,0.38
414.0,0.3852
415.0,0.3868
416.0,0.3942
417.0,0.3849
418.0,0.3782
419.0,0.3837
420.0,0.3824
421.0,0.4005
422.0,0.3811
423.0,0.3726
424.0,0.3944
425.0,0.3942
426.0,0.3847
427.0,0.3779
428.0,0.3684
429.0,0.3496
430.0,0.3064
431.0,0.3037
432.0,0.3927
433.0,0.3953
434.0,0.3673
435.0,0.3838
436.0,0.4332
437.0,0.4281
438.0,0.3903
439.0,0.4033
440.0,0.4166
441.0,0.4323
442.0,0.464
443.0,0.4518
444.0,0.4622
445.0,0.4523
446.0,0.4326
447.0,0.4685
448.0,0.4755
449.0,0.4784
450.0,0.4923
451.0,0.5109
452.0,0.4927
453.0,0.4638
454.0,0.4849
455.0,0.488
456.0,0.5
457.0,0.5085
458.0,0.4908
459.0,0.4886
460.0,0.4897
461.0,0.5013
462.0,0.5058
463.0,0.5024
464.0,0.495
465.0,0.4897
466.0,0.4951
467.0,0.4859
468.0,0.4917
469.0,0.4944
470.0,0.4786
471.0,0.4782
472.0,0.504
473.0,0.4975
474.0,0.4977
475.0,0.5014
476.0,0.4856
477.0,0.4864
478.0,0.5001
479.0,0.4976
480.0,0.499
481.0,0.5091
482.0,0.5126
483.0,0.5073
484.0,0.4975
485.0,0.4746
486.0,0.4155
487.0,0.436
488.0,0.4784
489.0,0.4797
490.0,0.5051
491.0,0.4968
492.0,0.4693
493.0,0.4848
494.0,0.4898
495.0,0.4941
496.0,0.4971
497.0,0.5048
498.0,0.4811
499.0,0.4869
500.0,0.4723
501.0,0.463
502.0,0.4555
503.0,0.4729
504.0,0.4578
505.0,0.4767
506.0,0.4921
507.0,0.4684
508.0,0.4548
509.0,0.4684
510.0,0.4665
511.0,0.4797
512.0,0.4853
513.0,0.4594
514.0,0.4566
515.0,0.4521
516.0,0.4508
517.0,0.4008
518.0,0.4213
519.0,0.4418
520.0,0.4578
521.0,0.462
522.0,0.4621
523.0,0.4536
524.0,0.4693
525.0,0.474
526.0,0.4525
527.0,0.4257
528.0,0.4497
529.0,0.4736
530.0,0.4665
531.0,0.4731
532.0,0.4567
533.0,0.4433
534.0,0.4567
535.0,0.4671
536.0,0.4717
537.0,0.4535
538.0,0.4617
539.0,0.4577
540.0,0.4387
541.0,0.4406
542.0,0.454
543.0,0.4499
544.0,0.4569
545.0,0.4557
546.0,0.4569
547.0,0.4574
548.0,0.4523
549.0,0.4539
550.0,0.4593
551.0,0.4539
552.0,0.4571
553.0,0.4487
554.0,0.4594
555.0,0.4601
556.0,0.454
557.0,0.4396
558.0,0.4358
559.0,0.4271
560.0,0.4321
561.0,0.4372
562.0,0.4334
563.0,0.4446
564.0,0.4319
565.0,0.4277
566.0,0.421
567.0,0.4283
568.0,0.4228
569.0,0.4096
570.0,0.4099
571.0,0.4082
572.0,0.4159
573.0,0.42
574.0,0.4182
575.0,0.4096
576.0,0.4059
577.0,0.4107
578.0,0.4054
579.0,0.4085
580.0,0.4186
581.0,0.4225
582.0,0.4321
583.0,0.4344
584.0,0.4391
585.0,0.4289
586.0,0.4201
587.0,0.4284
588.0,0.414
589.0,0.3593
590.0,0.3763
591.0,0.4027
592.0,0.395
593.0,0.4043
594.0,0.4001
595.0,0.3873
596.0,0.4089
597.0,0.4028
598.0,0.4037
599.0,0.4048
600.0,0.407
601.0,0.4049
602.0,0.4024
603.0,0.4096
604.0,0.4167
605.0,0.415
606.0,0.4139
607.0,0.4188
608.0,0.4149
609.0,0.4162
610.0,0.4139
611.0,0.4165
612.0,0.4157
613.0,0.4109
614.0,0.4059
615.0,0.4153
616.0,0.4021
617.0,0.4016
618.0,0.4174
619.0,0.4134
620.0,0.416
621.0,0.4159
622.0,0.4106
623.0,0.4039
624.0,0.3975
625.0,0.3966
626.0,0.4023
627.0,0.4053
628.0,0.3608
629.0,0.3895
630.0,0.3799
631.0,0.3945
632.0,0.391
633.0,0.4054
634.0,0.4034
635.0,0.4107
636.0,0.4064
637.0,0.414
638.0,0.4194
639.0,0.4154
640.0,0.4123
641.0,0.4126
642.0,0.4115
643.0,0.4172
644.0,0.4166
645.0,0.4168
646.0,0.405
647.0,0.3952
648.0,0.3958
649.0,0.3874
650.0,0.3957
651.0,0.414
652.0,0.3904
653.0,0.4089
654.0,0.4048
655.0,0.3865
656.0,0.3449
657.0,0.3545
658.0,0.3994
659.0,0.403
660.0,0.4052
661.0,0.4083
662.0,0.4079
663.0,0.4003
664.0,0.4069
665.0,0.4086
666.0,0.4095
667.0,0.4098
668.0,0.4107
669.0,0.4175
670.0,0.416
671.0,0.4163
672.0,0.413
673.0,0.4196
674.0,0.4183
675.0,0.4148
676.0,0.4179
677.0,0.414
678.0,0.4155
679.0,0.409
680.0,0.4124
681.0,0.4098
682.0,0.4093
683.0,0.4086
684.0,0.4065
685.0,0.4103
686.0,0.4076
687.0,0.1983
688.0,0.2632
689.0,0.2653
690.0,0.2897
691.0,0.3185
692.0,0.3416
693.0,0.3381
694.0,0.3369
695.0,0.3602
696.0,0.3613
697.0,0.3942
698.0,0.3878
699.0,0.3711
700.0,0.3663
701.0,0.3596
702.0,0.365
703.0,0.3664
704.0,0.3827
705.0,0.3831
706.0,0.3845
707.0,0.3855
708.0,0.3862
709.0,0.3898
710.0,0.3881
711.0,0.3887
712.0,0.389
713.0,0.3837
714.0,0.3856
715.0,0.3703
716.0,0.3698
717.0,0.294
718.0,0.2678
719.0,0.2432
720.0,0.252
721.0,0.2933
722.0,0.352
723.0,0.3196
724.0,0.2779
725.0,0.2703
726.0,0.2837
727.0,0.2945
728.0,0.2684
729.0,0.2877
730.0,0.3023
731.0,0.2875
732.0,0.3174
733.0,0.345
734.0,0.3561
735.0,0.3472
736.0,0.3463
737.0,0.3478
738.0,0.3604
739.0,0.3534
740.0,0.3648
741.0,0.3624
742.0,0.3641
743.0,0.3738
744.0,0.3736
745.0,0.3744
746.0,0.3761
747.0,0.3771
748.0,0.3764
749.0,0.3722
750.0,0.372
751.0,0.3683
752.0,0.37
753.0,0.3719
754.0,0.3728
755.0,0.3706
756.0,0.3706
757.0,0.3711
758.0,0.3663
759.0,0.3542
760.0,0.0159
761.0,0.005536
762.0,0.1104
763.0,0.03262
764.0,0.06626
765.0,0.1102
766.0,0.1631
767.0,0.2399
768.0,0.3084
769.0,0.3225
770.0,0.3423
771.0,0.349
772.0,0.3511
773.0,0.3538
774.0,0.3524
775.0,0.3499
776.0,0.3543
777.0,0.3497
778.0,0.3475
779.0,0.3478
780.0,0.3459
781.0,0.3464
782.0,0.3486
783.0,0.3426
784.0,0.3444
785.0,0.3416
786.0,0.345
787.0,0.3354
788.0,0.3296
789.0,0.3294
790.0,0.3159
791.0,0.3234
792.0,0.3217
793.0,0.316
794.0,0.3262
795.0,0.3304
796.0,0.3136
797.0,0.3134
798.0,0.3292
799.0,0.3259
800.0,0.3187
801.0,0.3161
802.0,0.3151
803.0,0.3118
804.0,0.313
805.0,0.314
806.0,0.3262
807.0,0.3216
808.0,0.3221
809.0,0.3135
810.0,0.3094
811.0,0.3063
812.0,0.2929
813.0,0.285
814.0,0.2384
815.0,0.2378
816.0,0.2197
817.0,0.2245
818.0,0.2133
819.0,0.2489
820.0,0.2307
821.0,0.2855
822.0,0.2748
823.0,0.1635
824.0,0.2607
825.0,0.2806
826.0,0.2647
827.0,0.2847
828.0,0.2263
829.0,0.2642
830.0,0.2596
831.0,0.2606
832.0,0.2498
833.0,0.2727
834.0,0.2584
835.0,0.295
836.0,0.2748
837.0,0.2961
838.0,0.2829
839.0,0.2922
840.0,0.2995
841.0,0.2936
842.0,0.2968
843.0,0.2994
844.0,0.2938
845.0,0.3056
846.0,0.3047
847.0,0.2998
848.0,0.2968
849.0,0.2884
850.0,0.2764
851.0,0.2914
852.0,0.29
853.0,0.2801
854.0,0.241
855.0,0.266
856.0,0.2901
857.0,0.2974
858.0,0.2948
859.0,0.2957
860.0,0.2966
861.0,0.2948
862.0,0.2996
863.0,0.3067
864.0,0.2915
865.0,0.289
866.0,0.2599
867.0,0.2712
868.0,0.2952
869.0,0.2891
870.0,0.2974
871.0,0.2934
872.0,0.2924
873.0,0.2918
874.0,0.2884
875.0,0.2825
876.0,0.2853
877.0,0.2883
878.0,0.2912
879.0,0.2868
880.0,0.2807
881.0,0.2759
882.0,0.2816
883.0,0.2831
884.0,0.2816
885.0,0.2837
886.0,0.2682
887.0,0.2727
888.0,0.2758
889.0,0.2808
890.0,0.2761
891.0,0.2768
892.0,0.2659
893.0,0.2548
894.0,0.2396
895.0,0.2188
896.0,0.2042
897.0,0.1669
898.0,0.1862
899.0,0.1322
900.0,0.1962
901.0,0.1385
902.0,0.1751
903.0,0.1722
904.0,0.2376
905.0,0.2268
906.0,0.2099
907.0,0.1564
908.0,0.1624
909.0,0.1812
910.0,0.1499
911.0,0.1678
912.0,0.1759
913.0,0.1516
914.0,0.1525
915.0,0.1644
916.0,0.1378
917.0,0.1849
918.0,0.1404
919.0,0.1919
920.0,0.2018
921.0,0.2093
922.0,0.1795
923.0,0.2031
924.0,0.1818
925.0,0.1784
926.0,0.179
927.0,0.2078
928.0,0.131
929.0,0.114
930.0,0.08096
931.0,0.07678
932.0,0.04705
933.0,0.03489
934.0,0.0128
935.0,0.03829
936.0,0.01952
937.0,0.01964
938.0,0.02564
939.0,0.07416
940.0,0.09561
941.0,0.06423
942.0,0.07836
943.0,0.04567
944.0,0.05408
945.0,0.06798
946.0,0.02699
947.0,0.06616
948.0,0.0479
949.0,0.09645
950.0,0.01678
951.0,0.09591
952.0,0.04204
953.0,0.06055
954.0,0.08153
955.0,0.06205
956.0,0.06791
957.0,0.04162
958.0,0.1043
959.0,0.07341
960.0,0.08231
961.0,0.09992
962.0,0.09419
963.0,0.1153
964.0,0.1037
965.0,0.1146
966.0,0.1138
967.0,0.1123
968.0,0.1777
969.0,0.1814
970.0,0.1643
971.0,0.2001
972.0,0.1887
973.0,0.1521
974.0,0.1435
975.0,0.1528
976.0,0.1382
977.0,0.1717
978.0,0.1571
979.0,0.1679
980.0,0.1562
981.0,0.1992
982.0,0.1859
983.0,0.1761
984.0,0.211
985.0,0.185
986.0,0.2183
987.0,0.21
988.0,0.21
989.0,0.22
990.0,0.2085
991.0,0.2202
992.0,0.2219
993.0,0.2129
994.0,0.2223
995.0,0.2227
996.0,0.221
997.0,0.2217
998.0,0.2204
999.0,0.2197
1000.0,0.2172
1001.0,0.221
1002.0,0.2108
1003.0,0.2169
1004.0,0.2105
1005.0,0.2043
1006.0,0.2115
1007.0,0.2164
1008.0,0.2145
1009.0,0.2125
1010.0,0.2112
1011.0,0.2154
1012.0,0.2127
1013.0,0.2151
1014.0,0.2136
1015.0,0.212
1016.0,0.211
1017.0,0.2114
1018.0,0.2111
1019.0,0.205
1020.0,0.2097
1021.0,0.2097
1022.0,0.2075
1023.0,0.2096
1024.0,0.2053
1025.0,0.21
1026.0,0.2087
1027.0,0.2083
1028.0,0.2077
1029.0,0.2051
1030.0,0.2071
1031.0,0.2061
1032.0,0.2056
1033.0,0.2025
1034.0,0.2026
1035.0,0.2032
1036.0,0.2041
1037.0,0.2008
1038.0,0.2016
1039.0,0.2014
1040.0,0.2006
1041.0,0.2012
1042.0,0.1998
1043.0,0.1991
1044.0,0.1997
1045.0,0.1969
1046.0,0.1946
1047.0,0.1962
1048.0,0.1972
1049.0,0.1964
1050.0,0.1953
1051.0,0.1949
1052.0,0.1939
1053.0,0.1922
1054.0,0.1924
1055.0,0.1922
1056.0,0.1913
1057.0,0.1905
1058.0,0.1856
1059.0,0.1855
1060.0,0.1851
1061.0,0.1847
1062.0,0.1854
1063.0,0.1834
1064.0,0.1857
1065.0,0.1837
1066.0,0.1806
1067.0,0.1827
1068.0,0.1783
1069.0,0.1732
1070.0,0.1786
1071.0,0.1828
1072.0,0.1796
1073.0,0.1773
1074.0,0.1834
1075.0,0.1703
1076.0,0.1831
1077.0,0.1776
1078.0,0.1731
1079.0,0.1809
1080.0,0.1749
1081.0,0.1672
1082.0,0.1734
1083.0,0.1749
1084.0,0.1661
1085.0,0.1756
1086.0,0.155
1087.0,0.1634
1088.0,0.174
1089.0,0.1647
1090.0,0.1592
1091.0,0.1724
1092.0,0.1727
1093.0,0.1364
1094.0,0.1567
1095.0,0.1425
1096.0,0.1338
1097.0,0.1688
1098.0,0.1301
1099.0,0.1372
1100.0,0.1238
1101.0,0.1267
1102.0,0.1183
1103.0,0.1152
1104.0,0.1156
1105.0,0.1332
1106.0,0.08658
1107.0,0.1237
1108.0,0.09575
1109.0,0.0974
1110.0,0.1206
1111.0,0.06981
1112.0,0.09722
1113.0,0.05065
1114.0,0.05704
1115.0,0.04639
1116.0,0.03143
1117.0,0.00706
1118.0,0.03545
1119.0,0.0133
1120.0,0.0161
1121.0,0.02348
1122.0,0.006766
1123.0,0.01471
1124.0,0.01236
1125.0,0.01719
1126.0,0.0032
1127.0,0.01967
1128.0,0.008415
1129.0,0.009219
1130.0,0.005532
1131.0,0.04742
1132.0,0.03512
1133.0,0.01695
1134.0,0.002401
1135.0,0.001027
1136.0,0.01246
1137.0,0.04444
1138.0,0.03027
1139.0,0.05778
1140.0,0.04336
1141.0,0.02893
1142.0,0.03547
1143.0,0.05605
1144.0,0.0143
1145.0,0.0163
1146.0,0.01753
1147.0,0.003513
1148.0,0.04766
1149.0,0.03462
1150.0,0.01654
1151.0,0.03004
1152.0,0.0411
1153.0,0.04344
1154.0,0.01619
1155.0,0.06012
1156.0,0.05147
1157.0,0.06342
1158.0,0.06251
1159.0,0.07017
1160.0,0.05782
1161.0,0.07873
1162.0,0.07829
1163.0,0.12
1164.0,0.09789
1165.0,0.08725
1166.0,0.09092
1167.0,0.1014
1168.0,0.1014
1169.0,0.1052
1170.0,0.1188
1171.0,0.1157
1172.0,0.1209
1173.0,0.1186
1174.0,0.07486
1175.0,0.1187
1176.0,0.1366
1177.0,0.1269
1178.0,0.08772
1179.0,0.1378
1180.0,0.1163
1181.0,0.1202
1182.0,0.07434
1183.0,0.1197
1184.0,0.1093
1185.0,0.1027
1186.0,0.1309
1187.0,0.1217
1188.0,0.07397
1189.0,0.113
1190.0,0.1286
1191.0,0.1161
1192.0,0.131
1193.0,0.1235
1194.0,0.1286
1195.0,0.1176
1196.0,0.1111
1197.0,0.1303
1198.0,0.1175
1199.0,0.09171
1200.0,0.1219
1201.0,0.1145
1202.0,0.1165
1203.0,0.1138
1204.0,0.09619
1205.0,0.1214
1206.0,0.1381
1207.0,0.1149
1208.0,0.1156
1209.0,0.1184
1210.0,0.1253
1211.0,0.1164
1212.0,0.1103
1213.0,0.1313
1214.0,0.1147
1215.0,0.1121
1216.0,0.1314
1217.0,0.1264
1218.0,0.1302
1219.0,0.1276
1220.0,0.1305
1221.0,0.1328
1222.0,0.1287
1223.0,0.1267
1224.0,0.1242
1225.0,0.1316
1226.0,0.1338
1227.0,0.119
1228.0,0.1354
1229.0,0.1338
1230.0,0.1307
1231.0,0.1373
1232.0,0.1364
1233.0,0.1279
1234.0,0.138
1235.0,0.1366
1236.0,0.138
1237.0,0.1346
1238.0,0.1376
1239.0,0.1358
1240.0,0.1365
1241.0,0.1349
1242.0,0.1355
1243.0,0.1344
1244.0,0.1351
1245.0,0.1358
1246.0,0.1351
1247.0,0.1343
1248.0,0.1337
1249.0,0.1345
1250.0,0.1334
1251.0,0.1311
1252.0,0.1319
1253.0,0.1294
1254.0,0.1271
1255.0,0.1314
1256.0,0.1251
1257.0,0.1239
1258.0,0.1283
1259.0,0.1196
1260.0,0.1207
1261.0,0.1091
1262.0,0.1034
1263.0,0.1034
1264.0,0.08998
1265.0,0.1029
1266.0,0.09569
1267.0,0.09965
1268.0,0.09091
1269.0,0.03748
1270.0,0.09839
1271.0,0.1094
1272.0,0.1102
1273.0,0.1085
1274.0,0.1096
1275.0,0.1121
1276.0,0.1141
1277.0,0.1162
1278.0,0.1203
1279.0,0.1191
1280.0,0.1177
1281.0,0.1133
1282.0,0.1107
1283.0,0.1189
1284.0,0.1214
1285.0,0.1225
1286.0,0.125
1287.0,0.1215
1288.0,0.122
1289.0,0.115
1290.0,0.121
1291.0,0.1233
1292.0,0.1104
1293.0,0.1196
1294.0,0.1186
1295.0,0.1161
1296.0,0.1076
1297.0,0.09948
1298.0,0.1122
1299.0,0.1203
1300.0,0.0935
1301.0,0.09777
1302.0,0.112
1303.0,0.09307
1304.0,0.07205
1305.0,0.1093
1306.0,0.1084
1307.0,0.07631
1308.0,0.09452
1309.0,0.1063
1310.0,0.07416
1311.0,0.08886
1312.0,0.08547
1313.0,0.08196
1314.0,0.07069
1315.0,0.06818
1316.0,0.08602
1317.0,0.0804
1318.0,0.09059
1319.0,0.06211
1320.0,0.06182
1321.0,0.07513
1322.0,0.07421
1323.0,0.04898
1324.0,0.06129
1325.0,0.08378
1326.0,0.06762
1327.0,0.06324
1328.0,0.0521
1329.0,0.03336
1330.0,0.04652
1331.0,0.02223
1332.0,0.02455
1333.0,0.03525
1334.0,0.03386
1335.0,0.04816
1336.0,0.03458
1337.0,0.02977
1338.0,0.03178
1339.0,0.03241
1340.0,0.03329
1341.0,0.0283
1342.0,0.03029
1343.0,0.01446
1344.0,0.009248
1345.0,0.01284
1346.0,0.003748
1347.0,0.003405
1348.0,7.618e-05
1349.0,0.0003462
1350.0,0.0004228
1351.0,3.874e-05
1352.0,3.149e-06
1353.0,8.974e-08
1354.0,5.035e-07
1355.0,1.564e-09
1356.0,4.346e-08
1357.0,6.547e-08
1358.0,1.865e-09
1359.0,2.062e-10
1360.0,7.86e-10
1361.0,8.204e-13
1362.0,2.243e-15
1363.0,1.007e-09
1364.0,4.199e-10
1365.0,7.828e-16
1366.0,4.436e-09
1367.0,1.903e-09
1368.0,6.044e-18
1369.0,1.549e-10
1370.0,7.475e-11
1371.0,4.206e-12
1372.0,1.044e-09
1373.0,2.602e-08
1374.0,1.713e-07
1375.0,2.676e-07
1376.0,4.666e-07
1377.0,1.934e-07
1378.0,1.977e-06
1379.0,8.486e-08
1380.0,7.853e-08
1381.0,1.824e-09
1382.0,8.945e-10
1383.0,1.305e-11
1384.0,1.659e-10
1385.0,9.835e-10
1386.0,7.582e-10
1387.0,1.228e-07
1388.0,3.117e-09
1389.0,7.23e-07
1390.0,5.679e-07
1391.0,3.751e-07
1392.0,2.464e-08
1393.0,1.671e-07
1394.0,3.902e-08
1395.0,2.566e-10
1396.0,1.069e-12
1397.0,5.389e-08
1398.0,1.93e-06
1399.0,1.308e-06
1400.0,4.565e-13
1401.0,1.899e-12
1402.0,1.349e-05
1403.0,1.242e-05
1404.0,3.199e-06
1405.0,1.124e-10
1406.0,5.179e-06
1407.0,9.148e-07
1408.0,4.672e-06
1409.0,8.651e-07
1410.0,1.288e-06
1411.0,1.169e-05
1412.0,2.259e-05
1413.0,0.0005285
1414.0,1.141e-06
1415.0,4.216e-07
1416.0,0.001836
1417.0,0.0003281
1418.0,0.0002636
1419.0,3.628e-05
1420.0,0.0001583
1421.0,0.0002245
1422.0,0.00239
1423.0,0.000423
1424.0,0.0009233
1425.0,0.001109
1426.0,0.001735
1427.0,0.004087
1428.0,6.22e-05
1429.0,0.002437
1430.0,0.005941
1431.0,0.006981
1432.0,4.748e-05
1433.0,0.003871
1434.0,0.001707
1435.0,0.0009741
1436.0,0.002939
1437.0,0.002313
1438.0,0.0007081
1439.0,0.004403
1440.0,0.003489
1441.0,0.001944
1442.0,0.002
1443.0,0.003538
1444.0,0.005954
1445.0,0.003462
1446.0,0.001231
1447.0,0.002283
1448.0,0.01572
1449.0,0.01259
1450.0,0.001824
1451.0,0.000591
1452.0,0.005973
1453.0,0.008468
1454.0,0.02148
1455.0,0.00757
1456.0,0.009621
1457.0,0.01618
1458.0,0.02344
1459.0,0.02743
1460.0,0.01208
1461.0,0.01044
1462.0,0.01937
1463.0,0.004468
1464.0,0.02656
1465.0,0.01507
1466.0,0.006248
1467.0,0.002472
1468.0,0.008322
1469.0,0.01199
1470.0,0.003269
1471.0,0.001168
1472.0,0.003065
1473.0,0.006935
1474.0,0.01423
1475.0,0.03435
1476.0,0.007966
1477.0,0.007244
1478.0,0.008466
1479.0,0.01916
1480.0,0.006255
1481.0,0.01714
1482.0,0.007299
1483.0,0.02512
1484.0,0.02555
1485.0,0.02126
1486.0,0.01897
1487.0,0.006071
1488.0,0.01543
1489.0,0.03876
1490.0,0.03711
1491.0,0.04489
1492.0,0.03049
1493.0,0.03674
1494.0,0.04616
1495.0,0.0395
1496.0,0.0358
1497.0,0.05947
1498.0,0.04379
1499.0,0.05333
1500.0,0.0672
1501.0,0.06954
1502.0,0.05823
1503.0,0.04494
1504.0,0.0329
1505.0,0.04333
1506.0,0.07213
1507.0,0.06808
1508.0,0.06499
1509.0,0.04348
1510.0,0.07614
1511.0,0.07135
1512.0,0.07282
1513.0,0.06202
1514.0,0.05625
1515.0,0.07548
1516.0,0.07125
1517.0,0.06747
1518.0,0.06811
1519.0,0.06493
1520.0,0.07242
1521.0,0.08218
1522.0,0.07503
1523.0,0.0837
1524.0,0.07935
1525.0,0.07332
1526.0,0.07502
1527.0,0.07494
1528.0,0.08297
1529.0,0.07746
1530.0,0.07518
1531.0,0.07787
1532.0,0.08349
1533.0,0.08393
1534.0,0.08209
1535.0,0.08093
1536.0,0.08323
1537.0,0.08083
1538.0,0.08272
1539.0,0.08084
1540.0,0.08173
1541.0,0.08216
1542.0,0.08071
1543.0,0.08279
1544.0,0.08121
1545.0,0.08364
1546.0,0.08181
1547.0,0.08106
1548.0,0.08107
1549.0,0.08202
1550.0,0.08132
1551.0,0.0818
1552.0,0.08074
1553.0,0.08084
1554.0,0.07999
1555.0,0.08039
1556.0,0.08026
1557.0,0.0813
1558.0,0.08084
1559.0,0.08029
1560.0,0.08082
1561.0,0.0814
1562.0,0.08011
1563.0,0.07958
1564.0,0.07988
1565.0,0.08026
1566.0,0.07906
1567.0,0.07929
1568.0,0.07836
1569.0,0.07903
1570.0,0.07967
1571.0,0.08021
1572.0,0.07966
1573.0,0.07901
1574.0,0.07608
1575.0,0.07507
1576.0,0.07362
1577.0,0.07165
1578.0,0.07505
1579.0,0.07533
1580.0,0.07613
1581.0,0.07503
1582.0,0.07362
1583.0,0.07383
1584.0,0.07579
1585.0,0.07674
1586.0,0.07567
1587.0,0.07448
1588.0,0.07284
1589.0,0.07062
1590.0,0.07203
1591.0,0.07389
1592.0,0.07575
1593.0,0.07729
1594.0,0.07692
1595.0,0.07611
1596.0,0.07376
1597.0,0.07534
1598.0,0.0768
1599.0,0.07595
1600.0,0.07556
1601.0,0.07437
1602.0,0.07443
1603.0,0.07547
1604.0,0.07487
1605.0,0.07487
1606.0,0.074
1607.0,0.07467
1608.0,0.07437
1609.0,0.07257
1610.0,0.07106
1611.0,0.07225
1612.0,0.07321
1613.0,0.07314
1614.0,0.07325
1615.0,0.07166
1616.0,0.07051
1617.0,0.07171
1618.0,0.07315
1619.0,0.0715
1620.0,0.07031
1621.0,0.07103
1622.0,0.07214
1623.0,0.07323
1624.0,0.07221
1625.0,0.07194
1626.0,0.07204
1627.0,0.07269
1628.0,0.07233
1629.0,0.07185
1630.0,0.07134
1631.0,0.07059
1632.0,0.07061
1633.0,0.06776
1634.0,0.07017
1635.0,0.06822
1636.0,0.06828
1637.0,0.06784
1638.0,0.06224
1639.0,0.06631
1640.0,0.06144
1641.0,0.06561
1642.0,0.06733
1643.0,0.0608
1644.0,0.06745
1645.0,0.0639
1646.0,0.0609
1647.0,0.06845
1648.0,0.06083
1649.0,0.06619
1650.0,0.0669
1651.0,0.05883
1652.0,0.0657
1653.0,0.06679
1654.0,0.06088
1655.0,0.06681
1656.0,0.06473
1657.0,0.06566
1658.0,0.06732
1659.0,0.06662
1660.0,0.06724
1661.0,0.06669
1662.0,0.06401
1663.0,0.0668
1664.0,0.0659
1665.0,0.06003
1666.0,0.04233
1667.0,0.05947
1668.0,0.06383
1669.0,0.0641
1670.0,0.0658
1671.0,0.06346
1672.0,0.0631
1673.0,0.0648
1674.0,0.06247
1675.0,0.06172
1676.0,0.06252
1677.0,0.06204
1678.0,0.05936
1679.0,0.06231
1680.0,0.05955
1681.0,0.05678
1682.0,0.06119
1683.0,0.06251
1684.0,0.05431
1685.0,0.06322
1686.0,0.06299
1687.0,0.0591
1688.0,0.06242
1689.0,0.06177
1690.0,0.06119
1691.0,0.05244
1692.0,0.0606
1693.0,0.06334
1694.0,0.05949
1695.0,0.06237
1696.0,0.06259
1697.0,0.04723
1698.0,0.06167
1699.0,0.06082
1700.0,0.05841
1702.0,0.06027
1705.0,0.0574
1710.0,0.05377
1715.0,0.05424
1720.0,0.05402
1725.0,0.0487
1730.0,0.04858
1735.0,0.04534
1740.0,0.04563
1745.0,0.04245
1750.0,0.0457
1755.0,0.04108
1760.0,0.04334
1765.0,0.03333
1770.0,0.03548
1775.0,0.0262
1780.0,0.0211
1785.0,0.01392
1790.0,0.01674
1795.0,0.004791
1800.0,0.003947
1805.0,0.0006007
1810.0,0.0005144
1815.0,3.544e-05
1820.0,3.986e-06
1825.0,5.675e-06
1830.0,1.399e-09
1835.0,6.008e-09
1840.0,7.354e-12
1845.0,7.231e-10
1850.0,3.158e-10
1855.0,3.497e-11
1860.0,6.487e-09
1865.0,5.591e-09
1870.0,1.198e-14
1875.0,2.167e-14
1880.0,7.371e-08
1885.0,3.116e-08
1890.0,1.726e-07
1895.0,1.542e-07
1900.0,1.33e-10
1905.0,1.069e-10
1910.0,7.87e-09
1915.0,1.75e-08
1920.0,7.024e-07
1925.0,4.073e-06
1930.0,3.024e-06
1935.0,6.567e-05
1940.0,0.0001215
1945.0,0.0007541
1950.0,0.002333
1955.0,0.001554
1960.0,0.004646
1965.0,0.008791
1970.0,0.01459
1975.0,0.01731
1980.0,0.01802
1985.0,0.02025
1990.0,0.02106
1995.0,0.02307
2000.0,0.02507
2005.0,0.01959
2010.0,0.03289
2015.0,0.02315
2020.0,0.02579
2025.0,0.02978
2030.0,0.02623
2035.0,0.03058
2040.0,0.02819
2045.0,0.02953
2050.0,0.03083
2055.0,0.02889
2060.0,0.02766
2065.0,0.02863
2070.0,0.02814
2075.0,0.02952
2080.0,0.02873
2085.0,0.02858
2090.0,0.02913
2095.0,0.02811
2100.0,0.02533
2105.0,0.0284
2110.0,0.02669
2115.0,0.02794
2120.0,0.02556
2125.0,0.02627
2130.0,0.02696
2135.0,0.02725
2140.0,0.02762
2145.0,0.02731
2150.0,0.02468
2155.0,0.02474
2160.0,0.02469
2165.0,0.02231
2170.0,0.02418
2175.0,0.02302
2180.0,0.02418
2185.0,0.02076
2190.0,0.02311
2195.0,0.02279
2200.0,0.01852
2205.0,0.02063
2210.0,0.02359
2215.0,0.02198
2220.0,0.02276
2225.0,0.02188
2230.0,0.02207
2235.0,0.02132
2240.0,0.02107
2245.0,0.01972
2250.0,0.02073
2255.0,0.01846
2260.0,0.01806
2265.0,0.01909
2270.0,0.01714
2275.0,0.01676
2280.0,0.01851
2285.0,0.01649
2290.0,0.01658
2295.0,0.01606
2300.0,0.01455
2305.0,0.01483
2310.0,0.01784
2315.0,0.01466
2320.0,0.01183
2325.0,0.0149
2330.0,0.0145
2335.0,0.01524
2340.0,0.01004
2345.0,0.01205
2350.0,0.008719
2355.0,0.01079
2360.0,0.012
2365.0,0.01227
2370.0,0.004875
2375.0,0.009791
2380.0,0.009507
2385.0,0.005784
2390.0,0.007555
2395.0,0.008613
2400.0,0.009856
2405.0,0.006886
2410.0,0.006842
2415.0,0.004707
2420.0,0.004743
2425.0,0.006375
2430.0,0.009824
2435.0,0.001995
2440.0,0.009814
2445.0,0.00321
2450.0,0.001658
2455.0,0.004342
2460.0,0.006137
2465.0,0.003599
2470.0,0.001811
2475.0,0.001725
2480.0,0.0006429
2485.0,0.0002563
2490.0,9.256e-05
2495.0,8.249e-05
2500.0,0.0003637
2505.0,6.323e-05
2510.0,9.937e-05
2515.0,1.178e-05
2520.0,9.112e-07
2525.0,1.878e-07
2530.0,2.282e-11
2535.0,3.959e-12
2540.0,1.006e-11
2545.0,6.919e-16
2550.0,2.783e-18
2555.0,1.342e-14
2560.0,4.055e-16
2565.0,8.967000000000001e-20
2570.0,2.6699999999999998e-24
2575.0,1.689e-34
2580.0,1.7610000000000001e-28
2585.0,3.681e-42
2590.0,2.297e-38
2595.0,4.468e-40
2600.0,3.679e-35
2605.0,4.0650000000000004e-42
2610.0,1.399e-41
2615.0,1.4009999999999999e-45
2620.0,1.2330000000000001e-35
2625.0,2.258e-35
2630.0,0.0
2635.0,1.176e-21
2640.0,2.546e-22
2645.0,1.11e-24
2650.0,1.105e-25
2655.0,1.329e-34
2660.0,1.119e-31
2665.0,1.121e-44
2670.0,0.0
2675.0,5.325e-44
2680.0,2.269e-30
2685.0,2.168e-31
2690.0,8.109000000000001e-31
2695.0,3.181e-33
2700.0,9.266e-29
2705.0,2.628e-26
2710.0,2.0930000000000002e-31
2715.0,2.6419999999999997e-29
2720.0,0.0
2725.0,5.917e-27
2730.0,1.725e-24
2735.0,1.9670000000000002e-26
2740.0,3.553e-32
2745.0,4.581e-27
2750.0,2.568e-26
2755.0,4.131e-28
2760.0,6.189999999999999e-23
2765.0,2.905e-29
2770.0,1.4280000000000002e-26
2775.0,1.7619999999999998e-23
2780.0,8.205e-21
2785.0,3.0820000000000004e-20
2790.0,7.025e-18
2795.0,1.545e-18
2800.0,5.616e-15
2805.0,9.729e-17
2810.0,4.064e-13
2815.0,1.211e-13
2820.0,1.397e-15
2825.0,2.132e-11
2830.0,1.739e-09
2835.0,3.604e-15
2840.0,2.559e-11
2845.0,9.384e-08
2850.0,1.474e-10
2855.0,5.632e-10
2860.0,2.964e-08
2865.0,4.534e-07
2870.0,1.866e-09
2875.0,2.523e-06
2880.0,3.316e-06
2885.0,2.707e-06
2890.0,2.48e-06
2895.0,0.0001085
2900.0,1.722e-05
2905.0,9.592e-07
2910.0,0.0001328
2915.0,3.66e-05
2920.0,0.000136
2925.0,4.618e-05
2930.0,0.0004865
2935.0,0.0005398
2940.0,7.606e-05
2945.0,4.175e-05
2950.0,0.0003752
2955.0,0.0001793
2960.0,0.0004076
2965.0,0.0008911
2970.0,1.016e-05
2975.0,4.198e-05
2980.0,6.479e-05
2985.0,0.0008213
2990.0,0.001666
2995.0,0.0003465
3000.0,0.0009535
3005.0,0.0002157
3010.0,0.0008916
3015.0,0.0005585
3020.0,1.021e-05
3025.0,0.0009397
3030.0,0.0006902
3035.0,0.0001693
3040.0,0.0001319
3045.0,0.0003149
3050.0,5.062e-05
3055.0,6.314e-06
3060.0,0.0007541
3065.0,0.0002028
3070.0,7.828e-05
3075.0,0.0006812
3080.0,0.0003271
3085.0,8.431e-05
3090.0,0.0001276
3095.0,1.707e-05
3100.0,0.0004343
3105.0,4.787e-05
3110.0,1.785e-05
3115.0,0.0001215
3120.0,0.001428
3125.0,0.0003352
3130.0,0.0008215
3135.0,0.001872
3140.0,0.0003072
3145.0,0.0003182
3150.0,0.0008894
3155.0,0.0007559
3160.0,0.001403
3165.0,0.002897
3170.0,0.002566
3175.0,0.001425
3180.0,0.002011
3185.0,0.0009086
3190.0,0.0004938
3195.0,0.0001257
3200.0,6.624e-06
3205.0,2.72e-06
3210.0,1.145e-06
3215.0,1.01e-05
3220.0,5.016e-05
3225.0,4.686e-06
3230.0,6.644e-06
3235.0,0.0008821
3240.0,0.0002159
3245.0,3.916e-05
3250.0,0.0001812
3255.0,0.001487
3260.0,5.163e-05
3265.0,0.0001498
3270.0,3.91e-05
3275.0,0.0006442
3280.0,0.0002032
3285.0,0.001983
3290.0,0.001184
3295.0,7.846e-05
3300.0,0.0001186
3305.0,0.0003451
3310.0,0.0002868
3315.0,1.697e-09
3320.0,1.923e-07
3325.0,0.0002021
3330.0,0.0007037
3335.0,0.001406
3340.0,0.0004474
3345.0,0.0003259
3350.0,0.001412
3355.0,0.0003363
3360.0,0.0007107
3365.0,0.001277
3370.0,0.0003247
3375.0,0.001644
3380.0,0.0005197
3385.0,0.00132
3390.0,0.001784
3395.0,0.001881
3400.0,0.003124
3405.0,0.0004207
3410.0,0.001333
3415.0,0.001015
3420.0,0.003515
3425.0,0.00191
3430.0,0.001409
3435.0,0.002938
3440.0,0.001239
3445.0,0.002664
3450.0,0.002523
3455.0,0.0015
3460.0,0.003325
3465.0,0.00191
3470.0,0.003262
3475.0,0.002507
3480.0,0.002632
3485.0,0.003128
3490.0,0.00227
3495.0,0.003242
3500.0,0.003091
3505.0,0.003056
3510.0,0.003157
3515.0,0.002912
3520.0,0.003293
3525.0,0.002958
3530.0,0.002802
3535.0,0.001989
3540.0,0.001828
3545.0,0.002016
3550.0,0.002587
3555.0,0.001955
3560.0,0.002744
3565.0,0.002717
3570.0,0.00177
3575.0,0.001753
3580.0,0.002521
3585.0,0.002026
3590.0,0.002221
3595.0,0.002423
3600.0,0.002691
3605.0,0.002598
3610.0,0.002258
3615.0,0.002397
3620.0,0.00333
3625.0,0.00258
3630.0,0.002563
3635.0,0.002691
3640.0,0.003301
3645.0,0.002759
3650.0,0.002609
3655.0,0.003038
3660.0,0.003039
3665.0,0.002627
3670.0,0.001773
3675.0,0.0007176
3680.0,0.001819
3685.0,0.002297
3690.0,0.00242
3695.0,0.0027
3700.0,0.003137
3705.0,0.003053
3710.0,0.002383
3715.0,0.002378
3720.0,0.002927
3725.0,0.003064
3730.0,0.002426
3735.0,0.002099
3740.0,0.002239
3745.0,0.002902
3750.0,0.002495
3755.0,0.002372
3760.0,0.002246
3765.0,0.002168
3770.0,0.002465
3775.0,0.002429
3780.0,0.002667
3785.0,0.002267
3790.0,0.001877
3795.0,0.002376
3800.0,0.002869
3805.0,0.002587
3810.0,0.002066
3815.0,0.001904
3820.0,0.002795
3825.0,0.002696
3830.0,0.002788
3835.0,0.001833
3840.0,0.002468
3845.0,0.002352
3850.0,0.002381
3855.0,0.002214
3860.0,0.001923
3865.0,0.001961
3870.0,0.001612
3875.0,0.001326
3880.0,0.001238
3885.0,0.001344
3890.0,0.001389
3895.0,0.001693
3900.0,0.001932
3905.0,0.001933
3910.0,0.001542
3915.0,0.001472
3920.0,0.001478
3925.0,0.001436
3930.0,0.001546
3935.0,0.001697
3940.0,0.001749
3945.0,0.001826
3950.0,0.001902
3955.0,0.001956
3960.0,0.002
3965.0,0.002039
3970.0,0.002003
3975.0,0.001908
3980.0,0.001864
3985.0,0.001893
3990.0,0.001854
3995.0,0.001784
4000.0,0.001686
