interpolation:linear
wavelength,value
280.0,9.51e-20
280.5,7.902e-21
281.0,2.2680000000000003e-20
281.5,2.769e-19
282.0,1.491e-18
282.5,4.545e-18
283.0,1.601e-17
283.5,2.695e-17
284.0,4.626e-16
284.5,1.353e-15
285.0,3.663e-15
285.5,2.498e-14
286.0,1.108e-13
286.5,5.785e-13
287.0,1.817e-12
287.5,7.704e-12
288.0,2.688e-11
288.5,1.069e-10
289.0,3.594e-10
289.5,1.35e-09
290.0,4.415e-09
290.5,1.028e-08
291.0,2.563e-08
291.5,8.792e-08
292.0,2.169e-07
292.5,3.315e-07
293.0,7.893e-07
293.5,2.208e-06
294.0,3.841e-06
294.5,7.923e-06
295.0,1.481e-05
295.5,3.322e-05
296.0,6.103e-05
296.5,8.129e-05
297.0,0.0001056
297.5,0.0002665
298.0,0.0003985
298.5,0.0003848
299.0,0.0008151
299.5,0.001259
300.0,0.001331
300.5,0.001849
301.0,0.003126
301.5,0.00468
302.0,0.003879
302.5,0.007199
303.0,0.0121
303.5,0.01462
304.0,0.01335
304.5,0.01852
305.0,0.02538
305.5,0.0273
306.0,0.02579
306.5,0.03086
307.0,0.042
307.5,0.05148
308.0,0.05366
308.5,0.06092
309.0,0.05816
309.5,0.06296
310.0,0.06162
310.5,0.09851
311.0,0.121
311.5,0.1157
312.0,0.1103
312.5,0.1301
313.0,0.1388
313.5,0.1368
314.0,0.1647
314.5,0.1389
315.0,0.1809
315.5,0.155
316.0,0.1299
316.5,0.1801
317.0,0.2237
317.5,0.2351
318.0,0.179
318.5,0.2123
319.0,0.2462
319.5,0.2082
320.0,0.2529
320.5,0.3021
321.0,0.258
321.5,0.2462
322.0,0.2743
322.5,0.238
323.0,0.2302
323.5,0.2751
324.0,0.3195
324.5,0.3282
325.0,0.288
325.5,0.3617
326.0,0.4387
326.5,0.4324
327.0,0.4333
327.5,0.4215
328.0,0.3831
328.5,0.3925
329.0,0.4607
329.5,0.5197
330.0,0.5267
330.5,0.4279
331.0,0.4381
331.5,0.4401
332.0,0.4676
332.5,0.4591
333.0,0.4596
333.5,0.4209
334.0,0.432
334.5,0.4916
335.0,0.4582
335.5,0.535
336.0,0.3701
336.5,0.435
337.0,0.3588
337.5,0.4471
338.0,0.4316
338.5,0.4979
339.0,0.4926
339.5,0.4737
340.0,0.5568
340.5,0.5012
341.0,0.4889
341.5,0.4487
342.0,0.536
342.5,0.5013
343.0,0.5514
343.5,0.5192
344.0,0.3834
344.5,0.3874
345.0,0.5123
345.5,0.5228
346.0,0.4441
346.5,0.5027
347.0,0.5397
347.5,0.4363
348.0,0.4971
348.5,0.4967
349.0,0.4606
349.5,0.4559
350.0,0.5638
350.5,0.5945
351.0,0.5311
351.5,0.5163
352.0,0.5543
352.5,0.4324
353.0,0.5443
353.5,0.5819
354.0,0.604
354.5,0.6125
355.0,0.6104
355.5,0.5512
356.0,0.5766
356.5,0.4923
357.0,0.4068
357.5,0.4979
358.0,0.3945
358.5,0.3371
359.0,0.4715
359.5,0.6009
360.0,0.6369
360.5,0.509
361.0,0.4639
361.5,0.5339
362.0,0.4615
362.5,0.6384
363.0,0.5732
363.5,0.5278
364.0,0.6454
364.5,0.5516
365.0,0.5617
365.5,0.7048
366.0,0.7466
366.5,0.7013
367.0,0.6828
367.5,0.7086
368.0,0.62
368.5,0.6255
369.0,0.6754
369.5,0.7197
370.0,0.7671
370.5,0.5953
371.0,0.636
371.5,0.7956
372.0,0.528
372.5,0.633
373.0,0.6438
373.5,0.4188
374.0,0.6085
374.5,0.5038
375.0,0.4897
375.5,0.7311
376.0,0.606
376.5,0.628
377.0,0.6648
377.5,0.7777
378.0,0.843
378.5,0.7968
379.0,0.6575
379.5,0.6007
380.0,0.6245
380.5,0.7562
381.0,0.7577
381.5,0.6005
382.0,0.5331
382.5,0.4544
383.0,0.4206
383.5,0.405
384.0,0.4468
384.5,0.657
385.0,0.6515
385.5,0.6066
386.0,0.5195
386.5,0.6823
387.0,0.5669
387.5,0.6367
388.0,0.5878
388.5,0.581
389.0,0.6271
389.5,0.7595
390.0,0.7621
390.5,0.7013
391.0,0.8254
391.5,0.8419
392.0,0.7091
392.5,0.6347
393.0,0.3531
393.5,0.2566
394.0,0.5222
394.5,0.6639
395.0,0.81
395.5,0.8229
396.0,0.7134
396.5,0.4169
397.0,0.3129
397.5,0.6362
398.0,0.891
398.5,0.9209
399.0,0.9969
399.5,0.9936
400.0,1.032
401.0,1.049
402.0,1.106
403.0,1.051
404.0,1.034
405.0,1.034
406.0,1.017
407.0,1.0
408.0,1.039
409.0,1.112
410.0,0.9716
411.0,1.052
412.0,1.13
413.0,1.102
414.0,1.115
415.0,1.117
416.0,1.136
417.0,1.108
418.0,1.088
419.0,1.102
420.0,1.097
421.0,1.147
422.0,1.09
423.0,1.065
424.0,1.126
425.0,1.124
426.0,1.094
427.0,1.073
428.0,1.046
429.0,0.9898
430.0,0.866
431.0,0.8585
432.0,1.108
433.0,1.114
434.0,1.034
435.0,1.08
436.0,1.216
437.0,1.2
438.0,1.092
439.0,1.13
440.0,1.166
441.0,1.207
442.0,1.295
443.0,1.261
444.0,1.288
445.0,1.26
446.0,1.202
447.0,1.299
448.0,1.32
449.0,1.324
450.0,1.361
451.0,1.411
452.0,1.359
453.0,1.278
454.0,1.334
455.0,1.342
456.0,1.373
457.0,1.396
458.0,1.349
459.0,1.342
460.0,1.345
461.0,1.376
462.0,1.386
463.0,1.377
464.0,1.353
465.0,1.335
466.0,1.348
467.0,1.323
468.0,1.339
469.0,1.346
470.0,1.303
471.0,1.301
472.0,1.371
473.0,1.353
474.0,1.356
475.0,1.368
476.0,1.328
477.0,1.332
478.0,1.369
479.0,1.36
480.0,1.362
481.0,1.387
482.0,1.393
483.0,1.375
484.0,1.347
485.0,1.283
486.0,1.121
487.0,1.174
488.0,1.288
489.0,1.293
490.0,1.359
491.0,1.336
492.0,1.261
493.0,1.302
494.0,1.315
495.0,1.326
496.0,1.334
497.0,1.355
498.0,1.292
499.0,1.309
500.0,1.271
501.0,1.248
502.0,1.231
503.0,1.283
504.0,1.253
505.0,1.295
506.0,1.337
507.0,1.272
508.0,1.232
509.0,1.266
510.0,1.258
511.0,1.291
512.0,1.305
513.0,1.235
514.0,1.226
515.0,1.214
516.0,1.211
517.0,1.076
518.0,1.131
519.0,1.187
520.0,1.23
521.0,1.242
522.0,1.243
523.0,1.221
524.0,1.265
525.0,1.281
526.0,1.224
527.0,1.154
528.0,1.22
529.0,1.287
530.0,1.269
531.0,1.288
532.0,1.244
533.0,1.207
534.0,1.243
535.0,1.269
536.0,1.281
537.0,1.23
538.0,1.251
539.0,1.241
540.0,1.19
541.0,1.199
542.0,1.237
543.0,1.223
544.0,1.245
545.0,1.241
546.0,1.247
547.0,1.246
548.0,1.23
549.0,1.234
550.0,1.249
551.0,1.233
552.0,1.242
553.0,1.22
554.0,1.249
555.0,1.252
556.0,1.236
557.0,1.197
558.0,1.189
559.0,1.167
560.0,1.182
561.0,1.198
562.0,1.189
563.0,1.223
564.0,1.19
565.0,1.18
566.0,1.163
567.0,1.186
568.0,1.177
569.0,1.151
570.0,1.151
571.0,1.143
572.0,1.172
573.0,1.185
574.0,1.182
575.0,1.16
576.0,1.15
577.0,1.162
578.0,1.144
579.0,1.147
580.0,1.167
581.0,1.171
582.0,1.192
583.0,1.194
584.0,1.204
585.0,1.174
586.0,1.15
587.0,1.176
588.0,1.151
589.0,1.027
590.0,1.073
591.0,1.131
592.0,1.119
593.0,1.133
594.0,1.126
595.0,1.101
596.0,1.139
597.0,1.128
598.0,1.123
599.0,1.123
600.0,1.123
601.0,1.113
602.0,1.105
603.0,1.123
604.0,1.141
605.0,1.135
606.0,1.13
607.0,1.141
608.0,1.127
609.0,1.129
610.0,1.12
611.0,1.126
612.0,1.122
613.0,1.108
614.0,1.092
615.0,1.115
616.0,1.078
617.0,1.076
618.0,1.117
619.0,1.105
620.0,1.112
621.0,1.114
622.0,1.101
623.0,1.085
624.0,1.066
625.0,1.064
626.0,1.079
627.0,1.093
628.0,1.036
629.0,1.072
630.0,1.048
631.0,1.066
632.0,1.053
633.0,1.083
634.0,1.071
635.0,1.086
636.0,1.071
637.0,1.088
638.0,1.097
639.0,1.084
640.0,1.073
641.0,1.072
642.0,1.067
643.0,1.081
644.0,1.077
645.0,1.079
646.0,1.055
647.0,1.047
648.0,1.049
649.0,1.028
650.0,1.028
651.0,1.072
652.0,1.033
653.0,1.057
654.0,1.045
655.0,1.009
656.0,0.8922
657.0,0.916
658.0,1.025
659.0,1.031
660.0,1.035
661.0,1.043
662.0,1.046
663.0,1.025
664.0,1.035
665.0,1.035
666.0,1.035
667.0,1.034
668.0,1.034
669.0,1.049
670.0,1.045
671.0,1.044
672.0,1.035
673.0,1.05
674.0,1.046
675.0,1.036
676.0,1.043
677.0,1.033
678.0,1.035
679.0,1.019
680.0,1.027
681.0,1.02
682.0,1.018
683.0,1.016
684.0,1.011
685.0,1.02
686.0,1.014
687.0,0.74
688.0,0.8347
689.0,0.8367
690.0,0.8669
691.0,0.9004
692.0,0.9238
693.0,0.9173
694.0,0.9099
695.0,0.9395
696.0,0.9409
697.0,0.9882
698.0,0.973
699.0,0.9564
700.0,0.945
701.0,0.9374
702.0,0.9414
703.0,0.9431
704.0,0.9693
705.0,0.9708
706.0,0.9684
707.0,0.9685
708.0,0.9708
709.0,0.9697
710.0,0.9709
711.0,0.9687
712.0,0.9647
713.0,0.956
714.0,0.9594
715.0,0.9316
716.0,0.9328
717.0,0.8335
718.0,0.7701
719.0,0.7082
720.0,0.7435
721.0,0.8053
722.0,0.9045
723.0,0.8509
724.0,0.7765
725.0,0.7676
726.0,0.8014
727.0,0.8073
728.0,0.7666
729.0,0.7864
730.0,0.8318
731.0,0.7987
732.0,0.845
733.0,0.8855
734.0,0.9041
735.0,0.8866
736.0,0.8853
737.0,0.8892
738.0,0.897
739.0,0.8795
740.0,0.9006
741.0,0.8906
742.0,0.8903
743.0,0.9127
744.0,0.9094
745.0,0.9091
746.0,0.9133
747.0,0.9151
748.0,0.9132
749.0,0.9027
750.0,0.9021
751.0,0.8929
752.0,0.8967
753.0,0.9012
754.0,0.9032
755.0,0.8981
756.0,0.8977
757.0,0.899
758.0,0.8879
759.0,0.8733
760.0,0.2165
761.0,0.1309
762.0,0.5157
763.0,0.3013
764.0,0.4137
765.0,0.516
766.0,0.6001
767.0,0.7248
768.0,0.8113
769.0,0.8229
770.0,0.8446
771.0,0.8487
772.0,0.8496
773.0,0.8554
774.0,0.851
775.0,0.8444
776.0,0.8546
777.0,0.8433
778.0,0.8383
779.0,0.839
780.0,0.8342
781.0,0.835
782.0,0.8402
783.0,0.8255
784.0,0.8293
785.0,0.8234
786.0,0.8327
787.0,0.8207
788.0,0.8117
789.0,0.8118
790.0,0.794
791.0,0.7972
792.0,0.7909
793.0,0.7785
794.0,0.7878
795.0,0.8021
796.0,0.7826
797.0,0.7838
798.0,0.8017
799.0,0.7976
800.0,0.785
801.0,0.7836
802.0,0.7813
803.0,0.776
804.0,0.7765
805.0,0.7726
806.0,0.7918
807.0,0.7828
808.0,0.7833
809.0,0.7704
810.0,0.7655
811.0,0.7689
812.0,0.7504
813.0,0.7372
814.0,0.6609
815.0,0.6564
816.0,0.6128
817.0,0.6224
818.0,0.6019
819.0,0.6621
820.0,0.6278
821.0,0.7191
822.0,0.701
823.0,0.5005
824.0,0.6856
825.0,0.7074
826.0,0.685
827.0,0.7181
828.0,0.6221
829.0,0.6799
830.0,0.6724
831.0,0.6743
832.0,0.656
833.0,0.691
834.0,0.671
835.0,0.7277
836.0,0.7024
837.0,0.7294
838.0,0.7092
839.0,0.7178
840.0,0.7329
841.0,0.7236
842.0,0.7234
843.0,0.7213
844.0,0.7122
845.0,0.7349
846.0,0.7314
847.0,0.7173
848.0,0.7136
849.0,0.6933
850.0,0.6642
851.0,0.704
852.0,0.6987
853.0,0.6719
854.0,0.5807
855.0,0.6372
856.0,0.6967
857.0,0.7117
858.0,0.7067
859.0,0.7069
860.0,0.708
861.0,0.7042
862.0,0.7151
863.0,0.732
864.0,0.6954
865.0,0.6892
866.0,0.6197
867.0,0.6467
868.0,0.7037
869.0,0.6891
870.0,0.7087
871.0,0.6991
872.0,0.6966
873.0,0.6952
874.0,0.6869
875.0,0.673
876.0,0.68
877.0,0.6869
878.0,0.6944
879.0,0.6837
880.0,0.6691
881.0,0.6594
882.0,0.6738
883.0,0.6756
884.0,0.6726
885.0,0.6777
886.0,0.6472
887.0,0.653
888.0,0.6633
889.0,0.6697
890.0,0.6654
891.0,0.6636
892.0,0.6462
893.0,0.6282
894.0,0.6102
895.0,0.5819
896.0,0.5507
897.0,0.4804
898.0,0.5199
899.0,0.4045
900.0,0.5279
901.0,0.4236
902.0,0.4852
903.0,0.4938
904.0,0.6056
905.0,0.5871
906.0,0.5514
907.0,0.4589
908.0,0.4665
909.0,0.5001
910.0,0.4516
911.0,0.4757
912.0,0.4951
913.0,0.4587
914.0,0.4532
915.0,0.4903
916.0,0.418
917.0,0.52
918.0,0.4288
919.0,0.527
920.0,0.5277
921.0,0.5477
922.0,0.4963
923.0,0.5287
924.0,0.5091
925.0,0.4982
926.0,0.5036
927.0,0.5574
928.0,0.4272
929.0,0.3949
930.0,0.3183
931.0,0.3002
932.0,0.2242
933.0,0.1867
934.0,0.1119
935.0,0.1873
936.0,0.1229
937.0,0.1254
938.0,0.1518
939.0,0.2909
940.0,0.3444
941.0,0.2675
942.0,0.3048
943.0,0.2065
944.0,0.2121
945.0,0.2745
946.0,0.1478
947.0,0.2778
948.0,0.2054
949.0,0.3638
950.0,0.1139
951.0,0.3568
952.0,0.2024
953.0,0.2544
954.0,0.3041
955.0,0.2564
956.0,0.2454
957.0,0.2038
958.0,0.3365
959.0,0.2756
960.0,0.3087
961.0,0.3401
962.0,0.3227
963.0,0.3665
964.0,0.3376
965.0,0.3644
966.0,0.3659
967.0,0.3648
968.0,0.4703
969.0,0.4925
970.0,0.455
971.0,0.5127
972.0,0.4919
973.0,0.4366
974.0,0.4156
975.0,0.4281
976.0,0.4108
977.0,0.459
978.0,0.4396
979.0,0.4578
980.0,0.4321
981.0,0.5093
982.0,0.4899
983.0,0.4721
984.0,0.5215
985.0,0.488
986.0,0.5287
987.0,0.5205
988.0,0.5195
989.0,0.5259
990.0,0.5162
991.0,0.5277
992.0,0.5305
993.0,0.5208
994.0,0.5301
995.0,0.5292
996.0,0.5272
997.0,0.5278
998.0,0.5254
999.0,0.5234
1000.0,0.5202
1001.0,0.5261
1002.0,0.5137
1003.0,0.517
1004.0,0.5048
1005.0,0.4856
1006.0,0.505
1007.0,0.5155
1008.0,0.513
1009.0,0.5107
1010.0,0.5088
1011.0,0.5128
1012.0,0.5088
1013.0,0.5114
1014.0,0.5079
1015.0,0.5046
1016.0,0.5023
1017.0,0.5037
1018.0,0.5016
1019.0,0.4916
1020.0,0.499
1021.0,0.4982
1022.0,0.4946
1023.0,0.4999
1024.0,0.4942
1025.0,0.4993
1026.0,0.4974
1027.0,0.4962
1028.0,0.4952
1029.0,0.4894
1030.0,0.4925
1031.0,0.4906
1032.0,0.4891
1033.0,0.4818
1034.0,0.4818
1035.0,0.4833
1036.0,0.4859
1037.0,0.4779
1038.0,0.4801
1039.0,0.4798
1040.0,0.4779
1041.0,0.4799
1042.0,0.4765
1043.0,0.4751
1044.0,0.4768
1045.0,0.4704
1046.0,0.4652
1047.0,0.4695
1048.0,0.4721
1049.0,0.4704
1050.0,0.4684
1051.0,0.4678
1052.0,0.4659
1053.0,0.4623
1054.0,0.4634
1055.0,0.4638
1056.0,0.4623
1057.0,0.461
1058.0,0.4497
1059.0,0.4503
1060.0,0.4497
1061.0,0.4493
1062.0,0.4517
1063.0,0.4474
1064.0,0.4526
1065.0,0.4496
1066.0,0.4405
1067.0,0.4463
1068.0,0.4368
1069.0,0.4231
1070.0,0.4377
1071.0,0.4438
1072.0,0.4392
1073.0,0.4328
1074.0,0.4432
1075.0,0.4231
1076.0,0.4429
1077.0,0.4362
1078.0,0.4284
1079.0,0.4355
1080.0,0.4295
1081.0,0.4168
1082.0,0.4216
1083.0,0.4225
1084.0,0.4163
1085.0,0.4303
1086.0,0.3961
1087.0,0.4063
1088.0,0.4224
1089.0,0.4115
1090.0,0.4039
1091.0,0.4216
1092.0,0.4201
1093.0,0.3625
1094.0,0.3851
1095.0,0.3767
1096.0,0.3626
1097.0,0.4103
1098.0,0.3575
1099.0,0.372
1100.0,0.3487
1101.0,0.3522
1102.0,0.338
1103.0,0.336
1104.0,0.3363
1105.0,0.364
1106.0,0.2893
1107.0,0.3479
1108.0,0.3014
1109.0,0.3007
1110.0,0.3456
1111.0,0.2433
1112.0,0.2979
1113.0,0.1989
1114.0,0.2212
1115.0,0.1837
1116.0,0.1524
1117.0,0.06261
1118.0,0.1636
1119.0,0.08636
1120.0,0.1088
1121.0,0.1412
1122.0,0.06393
1123.0,0.09818
1124.0,0.08294
1125.0,0.107
1126.0,0.04177
1127.0,0.1202
1128.0,0.0768
1129.0,0.08072
1130.0,0.05532
1131.0,0.2167
1132.0,0.1721
1133.0,0.1151
1134.0,0.03328
1135.0,0.01229
1136.0,0.0982
1137.0,0.2146
1138.0,0.1526
1139.0,0.2163
1140.0,0.185
1141.0,0.1449
1142.0,0.1643
1143.0,0.2287
1144.0,0.0857
1145.0,0.1108
1146.0,0.1196
1147.0,0.04687
1148.0,0.1981
1149.0,0.1617
1150.0,0.09188
1151.0,0.1515
1152.0,0.1823
1153.0,0.1746
1154.0,0.1085
1155.0,0.2258
1156.0,0.2055
1157.0,0.2273
1158.0,0.2248
1159.0,0.2395
1160.0,0.2082
1161.0,0.2499
1162.0,0.2517
1163.0,0.3288
1164.0,0.2861
1165.0,0.2737
1166.0,0.2692
1167.0,0.2911
1168.0,0.2951
1169.0,0.3007
1170.0,0.3235
1171.0,0.316
1172.0,0.3198
1173.0,0.3228
1174.0,0.2397
1175.0,0.314
1176.0,0.3407
1177.0,0.3299
1178.0,0.2548
1179.0,0.3433
1180.0,0.3113
1181.0,0.3208
1182.0,0.229
1183.0,0.3148
1184.0,0.2975
1185.0,0.2893
1186.0,0.3356
1187.0,0.3219
1188.0,0.2335
1189.0,0.3004
1190.0,0.3279
1191.0,0.3152
1192.0,0.332
1193.0,0.3196
1194.0,0.3284
1195.0,0.3134
1196.0,0.3036
1197.0,0.3271
1198.0,0.3014
1199.0,0.2627
1200.0,0.3158
1201.0,0.3067
1202.0,0.3037
1203.0,0.3013
1204.0,0.267
1205.0,0.3089
1206.0,0.3376
1207.0,0.3035
1208.0,0.2969
1209.0,0.3025
1210.0,0.3137
1211.0,0.3012
1212.0,0.3003
1213.0,0.3279
1214.0,0.3061
1215.0,0.301
1216.0,0.3267
1217.0,0.3193
1218.0,0.3242
1219.0,0.3208
1220.0,0.3243
1221.0,0.3269
1222.0,0.3191
1223.0,0.3167
1224.0,0.3156
1225.0,0.3249
1226.0,0.3263
1227.0,0.3042
1228.0,0.3272
1229.0,0.3263
1230.0,0.3213
1231.0,0.3284
1232.0,0.3266
1233.0,0.3179
1234.0,0.3276
1235.0,0.3259
1236.0,0.328
1237.0,0.3244
1238.0,0.3269
1239.0,0.3227
1240.0,0.3238
1241.0,0.3229
1242.0,0.3217
1243.0,0.319
1244.0,0.3215
1245.0,0.3227
1246.0,0.3208
1247.0,0.3198
1248.0,0.3198
1249.0,0.3206
1250.0,0.3188
1251.0,0.3151
1252.0,0.3147
1253.0,0.313
1254.0,0.3105
1255.0,0.3146
1256.0,0.3073
1257.0,0.306
1258.0,0.3104
1259.0,0.3017
1260.0,0.3029
1261.0,0.2891
1262.0,0.2821
1263.0,0.2827
1264.0,0.2649
1265.0,0.2809
1266.0,0.2726
1267.0,0.2758
1268.0,0.2641
1269.0,0.1815
1270.0,0.2754
1271.0,0.2878
1272.0,0.2883
1273.0,0.2856
1274.0,0.2861
1275.0,0.2896
1276.0,0.2918
1277.0,0.293
1278.0,0.2973
1279.0,0.2948
1280.0,0.291
1281.0,0.2771
1282.0,0.266
1283.0,0.2867
1284.0,0.2937
1285.0,0.2955
1286.0,0.2989
1287.0,0.2953
1288.0,0.295
1289.0,0.2876
1290.0,0.2923
1291.0,0.296
1292.0,0.2818
1293.0,0.2911
1294.0,0.2893
1295.0,0.2888
1296.0,0.2781
1297.0,0.265
1298.0,0.2814
1299.0,0.2911
1300.0,0.2531
1301.0,0.2595
1302.0,0.2804
1303.0,0.249
1304.0,0.2186
1305.0,0.2751
1306.0,0.2755
1307.0,0.2211
1308.0,0.2484
1309.0,0.2739
1310.0,0.2172
1311.0,0.2395
1312.0,0.2341
1313.0,0.2305
1314.0,0.2086
1315.0,0.2073
1316.0,0.2368
1317.0,0.225
1318.0,0.242
1319.0,0.1966
1320.0,0.1888
1321.0,0.2174
1322.0,0.2207
1323.0,0.1722
1324.0,0.1927
1325.0,0.2337
1326.0,0.2045
1327.0,0.1961
1328.0,0.171
1329.0,0.1336
1330.0,0.1713
1331.0,0.1098
1332.0,0.1112
1333.0,0.153
1334.0,0.127
1335.0,0.1715
1336.0,0.1388
1337.0,0.1247
1338.0,0.1346
1339.0,0.1332
1340.0,0.128
1341.0,0.1286
1342.0,0.1348
1343.0,0.09926
1344.0,0.05921
1345.0,0.0845
1346.0,0.04746
1347.0,0.04918
1348.0,0.004368
1349.0,0.01428
1350.0,0.01388
1351.0,0.004458
1352.0,0.0016
1353.0,0.000115
1354.0,0.0003213
1355.0,5.099e-06
1356.0,5.788e-05
1357.0,8.712e-05
1358.0,5.877e-06
1359.0,1.212e-06
1360.0,3.207e-06
1361.0,1.047e-08
1362.0,4.678e-11
1363.0,4.881e-06
1364.0,2.141e-06
1365.0,2.872e-11
1366.0,1.865e-05
1367.0,7.212e-06
1368.0,6.833e-13
1369.0,8.304e-07
1370.0,5.032e-07
1371.0,3.767e-08
1372.0,3.99e-06
1373.0,5.668e-05
1374.0,0.0002086
1375.0,0.000376
1376.0,0.000286
1377.0,0.0001387
1378.0,0.001197
1379.0,5.92e-05
1380.0,9.725e-05
1381.0,3e-06
1382.0,3.81e-06
1383.0,7.133e-08
1384.0,1.015e-06
1385.0,2.881e-06
1386.0,3.901e-06
1387.0,0.0002439
1388.0,5.104e-06
1389.0,0.0006492
1390.0,0.0005566
1391.0,0.0003946
1392.0,2.845e-05
1393.0,0.0001319
1394.0,9.731e-05
1395.0,9.726e-07
1396.0,1.313e-08
1397.0,5.791e-05
1398.0,0.001369
1399.0,0.0008698
1400.0,7.44e-09
1401.0,2.133e-08
1402.0,0.001795
1403.0,0.002377
1404.0,0.0007434
1405.0,5.665e-07
1406.0,0.00211
1407.0,0.0001799
1408.0,0.001703
1409.0,0.0006784
1410.0,0.0004963
1411.0,0.002071
1412.0,0.002578
1413.0,0.02053
1414.0,0.0003845
1415.0,0.000201
1416.0,0.02961
1417.0,0.01043
1418.0,0.01195
1419.0,0.001933
1420.0,0.007378
1421.0,0.008086
1422.0,0.0382
1423.0,0.007816
1424.0,0.01429
1425.0,0.0215
1426.0,0.02312
1427.0,0.03951
1428.0,0.004196
1429.0,0.03085
1430.0,0.04939
1431.0,0.05345
1432.0,0.003347
1433.0,0.03514
1434.0,0.01845
1435.0,0.0204
1436.0,0.03623
1437.0,0.02779
1438.0,0.01262
1439.0,0.04789
1440.0,0.03605
1441.0,0.02894
1442.0,0.03177
1443.0,0.03767
1444.0,0.05126
1445.0,0.04187
1446.0,0.01938
1447.0,0.03049
1448.0,0.09042
1449.0,0.08026
1450.0,0.02256
1451.0,0.009515
1452.0,0.04997
1453.0,0.06459
1454.0,0.1049
1455.0,0.05169
1456.0,0.07039
1457.0,0.09086
1458.0,0.1037
1459.0,0.1232
1460.0,0.06598
1461.0,0.07037
1462.0,0.1003
1463.0,0.0344
1464.0,0.1161
1465.0,0.07049
1466.0,0.05235
1467.0,0.02921
1468.0,0.06075
1469.0,0.07358
1470.0,0.03963
1471.0,0.01487
1472.0,0.03803
1473.0,0.05488
1474.0,0.07593
1475.0,0.1378
1476.0,0.05373
1477.0,0.05485
1478.0,0.04922
1479.0,0.09208
1480.0,0.04738
1481.0,0.08851
1482.0,0.04518
1483.0,0.1132
1484.0,0.1042
1485.0,0.09447
1486.0,0.09366
1487.0,0.04592
1488.0,0.0753
1489.0,0.1415
1490.0,0.1301
1491.0,0.145
1492.0,0.1242
1493.0,0.1353
1494.0,0.1496
1495.0,0.1337
1496.0,0.1258
1497.0,0.1659
1498.0,0.1388
1499.0,0.1605
1500.0,0.1809
1501.0,0.1902
1502.0,0.1613
1503.0,0.1403
1504.0,0.1151
1505.0,0.1358
1506.0,0.1883
1507.0,0.1827
1508.0,0.1741
1509.0,0.1383
1510.0,0.195
1511.0,0.1899
1512.0,0.1871
1513.0,0.1748
1514.0,0.165
1515.0,0.1916
1516.0,0.1842
1517.0,0.1815
1518.0,0.1808
1519.0,0.1778
1520.0,0.1889
1521.0,0.1979
1522.0,0.1905
1523.0,0.2006
1524.0,0.1961
1525.0,0.1892
1526.0,0.1918
1527.0,0.1902
1528.0,0.2
1529.0,0.1911
1530.0,0.1883
1531.0,0.1935
1532.0,0.1992
1533.0,0.1988
1534.0,0.1958
1535.0,0.1956
1536.0,0.1987
1537.0,0.195
1538.0,0.1961
1539.0,0.1933
1540.0,0.1933
1541.0,0.195
1542.0,0.1936
1543.0,0.1966
1544.0,0.1949
1545.0,0.1979
1546.0,0.1953
1547.0,0.1921
1548.0,0.192
1549.0,0.1935
1550.0,0.1923
1551.0,0.1938
1552.0,0.1928
1553.0,0.191
1554.0,0.1895
1555.0,0.1899
1556.0,0.1899
1557.0,0.1921
1558.0,0.191
1559.0,0.1898
1560.0,0.1912
1561.0,0.1925
1562.0,0.1903
1563.0,0.1886
1564.0,0.1896
1565.0,0.1897
1566.0,0.1873
1567.0,0.1875
1568.0,0.1856
1569.0,0.1865
1570.0,0.1882
1571.0,0.1896
1572.0,0.1883
1573.0,0.1871
1574.0,0.1806
1575.0,0.1785
1576.0,0.1761
1577.0,0.1717
1578.0,0.1805
1579.0,0.1824
1580.0,0.1838
1581.0,0.181
1582.0,0.1772
1583.0,0.1782
1584.0,0.1808
1585.0,0.1826
1586.0,0.1806
1587.0,0.1776
1588.0,0.1721
1589.0,0.1667
1590.0,0.1706
1591.0,0.1747
1592.0,0.1801
1593.0,0.1826
1594.0,0.1826
1595.0,0.18
1596.0,0.1748
1597.0,0.1795
1598.0,0.1815
1599.0,0.1795
1600.0,0.1782
1601.0,0.1758
1602.0,0.1766
1603.0,0.178
1604.0,0.1767
1605.0,0.1765
1606.0,0.1745
1607.0,0.1761
1608.0,0.1762
1609.0,0.1714
1610.0,0.1678
1611.0,0.1708
1612.0,0.1726
1613.0,0.1732
1614.0,0.173
1615.0,0.1691
1616.0,0.1665
1617.0,0.1699
1618.0,0.1727
1619.0,0.1697
1620.0,0.1658
1621.0,0.1678
1622.0,0.1705
1623.0,0.1729
1624.0,0.1711
1625.0,0.1704
1626.0,0.1709
1627.0,0.1721
1628.0,0.1718
1629.0,0.1702
1630.0,0.1692
1631.0,0.1686
1632.0,0.168
1633.0,0.1636
1634.0,0.1665
1635.0,0.1651
1636.0,0.1631
1637.0,0.1611
1638.0,0.1531
1639.0,0.1577
1640.0,0.1528
1641.0,0.1567
1642.0,0.1595
1643.0,0.1531
1644.0,0.1593
1645.0,0.1563
1646.0,0.1539
1647.0,0.1619
1648.0,0.1533
1649.0,0.1585
1650.0,0.1595
1651.0,0.1508
1652.0,0.1585
1653.0,0.1596
1654.0,0.1532
1655.0,0.1596
1656.0,0.1579
1657.0,0.1586
1658.0,0.1599
1659.0,0.159
1660.0,0.1603
1661.0,0.1597
1662.0,0.1561
1663.0,0.1586
1664.0,0.1575
1665.0,0.1506
1666.0,0.1294
1667.0,0.1492
1668.0,0.153
1669.0,0.1543
1670.0,0.1565
1671.0,0.1524
1672.0,0.1502
1673.0,0.1536
1674.0,0.1511
1675.0,0.1486
1676.0,0.1495
1677.0,0.1496
1678.0,0.1461
1679.0,0.1477
1680.0,0.1419
1681.0,0.1383
1682.0,0.145
1683.0,0.1482
1684.0,0.1405
1685.0,0.1499
1686.0,0.1495
1687.0,0.1452
1688.0,0.1488
1689.0,0.1472
1690.0,0.1473
1691.0,0.1374
1692.0,0.1471
1693.0,0.1502
1694.0,0.1458
1695.0,0.1488
1696.0,0.1487
1697.0,0.13
1698.0,0.1476
1699.0,0.1457
1700.0,0.1424
1702.0,0.1442
1705.0,0.1408
1710.0,0.1343
1715.0,0.1345
1720.0,0.1328
1725.0,0.1256
1730.0,0.124
1735.0,0.1159
1740.0,0.1178
1745.0,0.1114
1750.0,0.1185
1755.0,0.11
1760.0,0.1143
1765.0,0.09554
1770.0,0.1021
1775.0,0.08402
1780.0,0.0732
1785.0,0.05698
1790.0,0.06548
1795.0,0.03614
1800.0,0.02447
1805.0,0.01206
1810.0,0.007865
1815.0,0.00304
1820.0,0.0009313
1825.0,0.00121
1830.0,6.761e-06
1835.0,7.564e-06
1840.0,9.627e-08
1845.0,9.005e-06
1850.0,4.416e-06
1855.0,4.256e-07
1860.0,1.346e-05
1865.0,2.135e-05
1870.0,5.968e-10
1875.0,1.01e-09
1880.0,8.68e-05
1885.0,5.057e-05
1890.0,0.0002492
1895.0,0.0001427
1900.0,1.201e-06
1905.0,7.772e-07
1910.0,2.865e-05
1915.0,2.31e-05
1920.0,0.0004712
1925.0,0.0009051
1930.0,0.0005402
1935.0,0.003159
1940.0,0.002827
1945.0,0.01009
1950.0,0.01814
1955.0,0.0172
1960.0,0.02717
1965.0,0.03776
1970.0,0.05085
1975.0,0.05681
1980.0,0.0568
1985.0,0.06044
1990.0,0.06238
1995.0,0.06524
2000.0,0.06825
2005.0,0.05911
2010.0,0.08015
2015.0,0.06589
2020.0,0.06971
2025.0,0.07466
2030.0,0.06973
2035.0,0.07461
2040.0,0.07195
2045.0,0.07395
2050.0,0.07462
2055.0,0.07214
2060.0,0.07006
2065.0,0.07098
2070.0,0.07032
2075.0,0.07155
2080.0,0.06984
2085.0,0.06941
2090.0,0.06986
2095.0,0.06799
2100.0,0.06435
2105.0,0.06846
2110.0,0.06602
2115.0,0.06717
2120.0,0.0637
2125.0,0.06432
2130.0,0.06488
2135.0,0.06511
2140.0,0.06547
2145.0,0.06482
2150.0,0.06156
2155.0,0.06145
2160.0,0.06071
2165.0,0.05563
2170.0,0.05889
2175.0,0.05794
2180.0,0.05906
2185.0,0.05386
2190.0,0.05727
2195.0,0.05684
2200.0,0.05138
2205.0,0.05325
2210.0,0.0568
2215.0,0.05478
2220.0,0.05571
2225.0,0.05422
2230.0,0.05443
2235.0,0.05329
2240.0,0.05269
2245.0,0.05104
2250.0,0.05188
2255.0,0.04905
2260.0,0.04842
2265.0,0.04934
2270.0,0.04701
2275.0,0.04637
2280.0,0.04792
2285.0,0.04546
2290.0,0.04543
2295.0,0.04424
2300.0,0.04242
2305.0,0.04268
2310.0,0.04588
2315.0,0.04187
2320.0,0.03744
2325.0,0.04071
2330.0,0.04091
2335.0,0.04164
2340.0,0.03346
2345.0,0.0372
2350.0,0.03014
2355.0,0.03448
2360.0,0.03628
2365.0,0.03565
2370.0,0.02268
2375.0,0.03208
2380.0,0.03065
2385.0,0.02277
2390.0,0.02653
2395.0,0.02902
2400.0,0.03147
2405.0,0.02438
2410.0,0.02453
2415.0,0.02013
2420.0,0.01936
2425.0,0.02406
2430.0,0.03202
2435.0,0.01114
2440.0,0.03113
2445.0,0.01544
2450.0,0.0103
2455.0,0.01834
2460.0,0.02432
2465.0,0.01791
2470.0,0.0127
2475.0,0.01253
2480.0,0.006333
2485.0,0.004552
2490.0,0.002937
2495.0,0.002552
2500.0,0.005737
2505.0,0.001285
2510.0,0.001876
2515.0,0.0004722
2520.0,0.0003824
2525.0,4.369e-05
2530.0,9.902e-07
2535.0,3.052e-07
2540.0,6.131e-07
2545.0,1.248e-10
2550.0,8.032e-13
2555.0,2.367e-09
2560.0,7.133e-11
2565.0,5.775e-14
2570.0,1.048e-17
2575.0,2.8320000000000004e-26
2580.0,5.386e-21
2585.0,1.317e-32
2590.0,2.87e-29
2595.0,5.514e-32
2600.0,1.6060000000000002e-26
2605.0,2.411e-33
2610.0,4.281e-32
2615.0,1.207e-35
2620.0,1.189e-27
2625.0,1.542e-26
2630.0,9.052e-43
2635.0,1.895e-15
2640.0,6.73e-16
2645.0,7.057e-18
2650.0,1.424e-18
2655.0,4.0800000000000005e-26
2660.0,4.699e-24
2665.0,2.122e-35
2670.0,0.0
2675.0,1.203e-34
2680.0,6.038e-23
2685.0,8.37e-24
2690.0,8.823999999999999e-23
2695.0,1.6440000000000002e-25
2700.0,3.057e-21
2705.0,5.805e-19
2710.0,3.475e-24
2715.0,2.043e-21
2720.0,6.630999999999999e-41
2725.0,3.6210000000000003e-20
2730.0,2.826e-17
2735.0,2.936e-19
2740.0,7.972e-25
2745.0,4.6970000000000004e-20
2750.0,2.702e-19
2755.0,5.734e-21
2760.0,2.457e-16
2765.0,5.286e-22
2770.0,1.534e-19
2775.0,1.125e-16
2780.0,9.794e-15
2785.0,1.605e-14
2790.0,5.325e-12
2795.0,2.198e-12
2800.0,1.013e-09
2805.0,1.943e-11
2810.0,4.704e-08
2815.0,1.46e-08
2820.0,2.898e-10
2825.0,1.07e-06
2830.0,1.365e-05
2835.0,8.589e-10
2840.0,5.866e-07
2845.0,9.007e-05
2850.0,2.946e-06
2855.0,8.421e-07
2860.0,3.696e-05
2865.0,0.0002138
2870.0,9.502e-06
2875.0,0.0004375
2880.0,0.0002558
2885.0,0.0004595
2890.0,0.0001826
2895.0,0.002324
2900.0,0.0007343
2905.0,0.000111
2910.0,0.002332
2915.0,0.001131
2920.0,0.00248
2925.0,0.0009527
2930.0,0.004881
2935.0,0.005377
2940.0,0.001439
2945.0,0.001298
2950.0,0.004392
2955.0,0.001963
2960.0,0.003868
2965.0,0.006107
2970.0,0.0003268
2975.0,0.0007865
2980.0,0.001223
2985.0,0.005779
2990.0,0.0082
2995.0,0.00359
3000.0,0.006289
3005.0,0.002441
3010.0,0.005545
3015.0,0.0046
3020.0,0.0005914
3025.0,0.00603
3030.0,0.004895
3035.0,0.002067
3040.0,0.001693
3045.0,0.003463
3050.0,0.0008936
3055.0,0.0002686
3060.0,0.005001
3065.0,0.00242
3070.0,0.001502
3075.0,0.004792
3080.0,0.002929
3085.0,0.001508
3090.0,0.00202
3095.0,0.0005915
3100.0,0.003568
3105.0,0.0007984
3110.0,0.0007637
3115.0,0.001916
3120.0,0.007801
3125.0,0.002497
3130.0,0.004597
3135.0,0.008994
3140.0,0.00274
3145.0,0.002666
3150.0,0.005336
3155.0,0.004512
3160.0,0.007293
3165.0,0.01072
3170.0,0.009624
3175.0,0.007182
3180.0,0.008191
3185.0,0.006363
3190.0,0.003379
3195.0,0.002255
3200.0,0.0003981
3205.0,0.0002907
3210.0,0.0001314
3215.0,0.0004564
3220.0,0.001366
3225.0,0.000181
3230.0,0.0003054
3235.0,0.005703
3240.0,0.003011
3245.0,0.0006185
3250.0,0.002076
3255.0,0.007608
3260.0,0.00102
3265.0,0.001999
3270.0,0.001023
3275.0,0.004653
3280.0,0.002291
3285.0,0.008384
3290.0,0.006631
3295.0,0.0009973
3300.0,0.001415
3305.0,0.003128
3310.0,0.003105
3315.0,1.614e-05
3320.0,5.752e-05
3325.0,0.002813
3330.0,0.003622
3335.0,0.006956
3340.0,0.002762
3345.0,0.002826
3350.0,0.006234
3355.0,0.00293
3360.0,0.004155
3365.0,0.005577
3370.0,0.003151
3375.0,0.006546
3380.0,0.004031
3385.0,0.0058
3390.0,0.007527
3395.0,0.007253
3400.0,0.009359
3405.0,0.003507
3410.0,0.005472
3415.0,0.005575
3420.0,0.009845
3425.0,0.007567
3430.0,0.00662
3435.0,0.00872
3440.0,0.006171
3445.0,0.008508
3450.0,0.008402
3455.0,0.006323
3460.0,0.009357
3465.0,0.007389
3470.0,0.009137
3475.0,0.008203
3480.0,0.008402
3485.0,0.009
3490.0,0.007812
3495.0,0.009086
3500.0,0.008863
3505.0,0.008796
3510.0,0.008906
3515.0,0.008552
3520.0,0.008987
3525.0,0.008471
3530.0,0.008278
3535.0,0.007052
3540.0,0.006756
3545.0,0.007107
3550.0,0.007811
3555.0,0.006779
3560.0,0.007987
3565.0,0.007997
3570.0,0.006263
3575.0,0.006481
3580.0,0.007543
3585.0,0.006821
3590.0,0.007042
3595.0,0.007162
3600.0,0.007587
3605.0,0.007631
3610.0,0.007045
3615.0,0.007019
3620.0,0.008501
3625.0,0.007512
3630.0,0.007339
3635.0,0.007559
3640.0,0.008366
3645.0,0.007718
3650.0,0.007394
3655.0,0.007959
3660.0,0.007928
3665.0,0.007454
3670.0,0.005851
3675.0,0.003671
3680.0,0.006109
3685.0,0.006875
3690.0,0.007087
3695.0,0.007318
3700.0,0.007813
3705.0,0.007726
3710.0,0.006799
3715.0,0.006699
3720.0,0.007514
3725.0,0.007706
3730.0,0.006747
3735.0,0.006208
3740.0,0.006347
3745.0,0.007324
3750.0,0.006706
3755.0,0.006517
3760.0,0.006468
3765.0,0.006239
3770.0,0.006639
3775.0,0.006563
3780.0,0.006934
3785.0,0.006408
3790.0,0.005692
3795.0,0.006438
3800.0,0.007161
3805.0,0.006761
3810.0,0.00606
3815.0,0.005689
3820.0,0.006997
3825.0,0.006869
3830.0,0.006956
3835.0,0.005641
3840.0,0.006542
3845.0,0.006397
3850.0,0.006436
3855.0,0.006185
3860.0,0.00582
3865.0,0.005857
3870.0,0.005364
3875.0,0.004932
3880.0,0.004782
3885.0,0.004928
3890.0,0.004993
3895.0,0.005421
3900.0,0.005722
3905.0,0.005707
3910.0,0.005173
3915.0,0.005056
3920.0,0.005048
3925.0,0.004971
3930.0,0.00512
3935.0,0.005311
3940.0,0.00537
3945.0,0.005448
3950.0,0.005515
3955.0,0.005563
3960.0,0.005607
3965.0,0.005648
3970.0,0.005591
3975.0,0.005459
3980.0,0.005388
3985.0,0.005398
3990.0,0.005331
3995.0,0.005224
4000.0,0.005019
