interpolation:linear
wavelength,value
280.0,2.073e-19
280.5,3.563e-18
281.0,1.528e-17
281.5,2.599e-16
282.0,1.428e-15
282.5,4.255e-15
283.0,1.422e-14
283.5,2.327e-14
284.0,3.129e-13
284.5,7.988e-13
285.0,1.494e-12
285.5,8.18e-12
286.0,3.327e-11
286.5,1.458e-10
287.0,4.052e-10
287.5,1.495e-09
288.0,4.075e-09
288.5,1.329e-08
289.0,3.636e-08
289.5,1.087e-07
290.0,2.94e-07
290.5,5.81e-07
291.0,1.19e-06
291.5,3.191e-06
292.0,6.51e-06
292.5,8.606e-06
293.0,1.705e-05
293.5,3.711e-05
294.0,5.333e-05
294.5,9.939e-05
295.0,0.0001592
295.5,0.0002951
296.0,0.0004883
296.5,0.0005883
297.0,0.0007061
297.5,0.00159
298.0,0.002168
298.5,0.001954
299.0,0.003877
299.5,0.00538
300.0,0.005372
300.5,0.007055
301.0,0.01095
301.5,0.01527
302.0,0.01223
302.5,0.02162
303.0,0.03424
303.5,0.03995
304.0,0.03583
304.5,0.04749
305.0,0.06128
305.5,0.06354
306.0,0.05918
306.5,0.06922
307.0,0.08978
307.5,0.1053
308.0,0.1089
308.5,0.1211
309.0,0.1117
309.5,0.117
310.0,0.1127
310.5,0.1787
311.0,0.2167
311.5,0.2059
312.0,0.1911
312.5,0.2213
313.0,0.2338
313.5,0.2323
314.0,0.2736
314.5,0.2244
315.0,0.2906
315.5,0.2521
316.0,0.2067
316.5,0.2811
317.0,0.3491
317.5,0.3686
318.0,0.277
318.5,0.3206
319.0,0.3677
319.5,0.3163
320.0,0.3851
320.5,0.4498
321.0,0.3782
321.5,0.3603
322.0,0.4079
322.5,0.3534
323.0,0.338
323.5,0.395
324.0,0.4574
324.5,0.4728
325.0,0.4213
325.5,0.5243
326.0,0.6259
326.5,0.6118
327.0,0.6146
327.5,0.5998
328.0,0.5512
328.5,0.557
329.0,0.6469
329.5,0.7274
330.0,0.7386
330.5,0.6044
331.0,0.6203
331.5,0.6193
332.0,0.6525
332.5,0.638
333.0,0.6399
333.5,0.5894
334.0,0.6052
334.5,0.6838
335.0,0.6348
335.5,0.7403
336.0,0.5119
336.5,0.603
337.0,0.4986
337.5,0.6217
338.0,0.5968
338.5,0.6877
339.0,0.6802
339.5,0.6538
340.0,0.7687
340.5,0.6914
341.0,0.6741
341.5,0.6185
342.0,0.7387
342.5,0.6906
343.0,0.7593
343.5,0.7148
344.0,0.5277
344.5,0.5328
345.0,0.7045
345.5,0.7186
346.0,0.6102
346.5,0.6904
347.0,0.741
347.5,0.5988
348.0,0.6821
348.5,0.6814
349.0,0.6316
349.5,0.6249
350.0,0.7724
350.5,0.8144
351.0,0.7273
351.5,0.7068
352.0,0.7585
352.5,0.5915
353.0,0.7444
353.5,0.7955
354.0,0.8255
354.5,0.837
355.0,0.8339
355.5,0.7528
356.0,0.7871
356.5,0.6719
357.0,0.5551
357.5,0.6794
358.0,0.5382
358.5,0.4598
359.0,0.643
359.5,0.8193
360.0,0.8682
360.5,0.6937
361.0,0.6319
361.5,0.7269
362.0,0.6279
362.5,0.8683
363.0,0.7792
363.5,0.7172
364.0,0.8766
364.5,0.749
365.0,0.7625
365.5,0.9566
366.0,1.013
366.5,0.951
367.0,0.9258
367.5,0.9605
368.0,0.8401
368.5,0.8474
369.0,0.9147
369.5,0.9745
370.0,1.038
370.5,0.8056
371.0,0.8603
371.5,1.076
372.0,0.714
372.5,0.8558
373.0,0.8701
373.5,0.5658
374.0,0.8219
374.5,0.6803
375.0,0.6612
375.5,0.9869
376.0,0.8179
376.5,0.8475
377.0,0.8968
377.5,1.049
378.0,1.137
378.5,1.074
379.0,0.8865
379.5,0.8098
380.0,0.8418
380.5,1.019
381.0,1.021
381.5,0.8086
382.0,0.7177
382.5,0.6114
383.0,0.5658
383.5,0.5447
384.0,0.6007
384.5,0.8832
385.0,0.8755
385.5,0.815
386.0,0.6978
386.5,0.9162
387.0,0.7612
387.5,0.8547
388.0,0.7889
388.5,0.7795
389.0,0.8413
389.5,1.019
390.0,1.022
390.5,0.9402
391.0,1.106
391.5,1.128
392.0,0.9501
392.5,0.8502
393.0,0.4729
393.5,0.3436
394.0,0.6991
394.5,0.8885
395.0,1.084
395.5,1.101
396.0,0.9543
396.5,0.5576
397.0,0.4183
397.5,0.8505
398.0,1.191
398.5,1.231
399.0,1.332
399.5,1.327
400.0,1.378
401.0,1.404
402.0,1.48
403.0,1.404
404.0,1.382
405.0,1.381
406.0,1.358
407.0,1.335
408.0,1.387
409.0,1.484
410.0,1.295
411.0,1.402
412.0,1.505
413.0,1.467
414.0,1.484
415.0,1.487
416.0,1.512
417.0,1.474
418.0,1.446
419.0,1.464
420.0,1.457
421.0,1.524
422.0,1.448
423.0,1.414
424.0,1.495
425.0,1.491
426.0,1.451
427.0,1.423
428.0,1.386
429.0,1.312
430.0,1.147
431.0,1.137
432.0,1.467
433.0,1.474
434.0,1.369
435.0,1.43
436.0,1.609
437.0,1.586
438.0,1.443
439.0,1.494
440.0,1.541
441.0,1.595
442.0,1.71
443.0,1.666
444.0,1.701
445.0,1.665
446.0,1.587
447.0,1.714
448.0,1.742
449.0,1.746
450.0,1.794
451.0,1.86
452.0,1.791
453.0,1.684
454.0,1.757
455.0,1.767
456.0,1.808
457.0,1.838
458.0,1.776
459.0,1.766
460.0,1.772
461.0,1.812
462.0,1.824
463.0,1.812
464.0,1.78
465.0,1.756
466.0,1.772
467.0,1.74
468.0,1.76
469.0,1.769
470.0,1.713
471.0,1.71
472.0,1.802
473.0,1.779
474.0,1.783
475.0,1.799
476.0,1.747
477.0,1.753
478.0,1.801
479.0,1.789
480.0,1.791
481.0,1.823
482.0,1.83
483.0,1.806
484.0,1.768
485.0,1.684
486.0,1.471
487.0,1.54
488.0,1.69
489.0,1.696
490.0,1.783
491.0,1.751
492.0,1.653
493.0,1.707
494.0,1.724
495.0,1.738
496.0,1.749
497.0,1.776
498.0,1.693
499.0,1.715
500.0,1.666
501.0,1.637
502.0,1.616
503.0,1.684
504.0,1.648
505.0,1.701
506.0,1.756
507.0,1.671
508.0,1.617
509.0,1.66
510.0,1.65
511.0,1.693
512.0,1.711
513.0,1.619
514.0,1.607
515.0,1.591
516.0,1.587
517.0,1.41
518.0,1.482
519.0,1.555
520.0,1.612
521.0,1.627
522.0,1.629
523.0,1.6
524.0,1.658
525.0,1.68
526.0,1.605
527.0,1.514
528.0,1.602
529.0,1.689
530.0,1.666
531.0,1.691
532.0,1.633
533.0,1.585
534.0,1.631
535.0,1.666
536.0,1.681
537.0,1.614
538.0,1.642
539.0,1.628
540.0,1.561
541.0,1.574
542.0,1.624
543.0,1.605
544.0,1.634
545.0,1.629
546.0,1.638
547.0,1.636
548.0,1.615
549.0,1.62
550.0,1.639
551.0,1.619
552.0,1.63
553.0,1.601
554.0,1.639
555.0,1.643
556.0,1.622
557.0,1.572
558.0,1.561
559.0,1.533
560.0,1.553
561.0,1.574
562.0,1.564
563.0,1.608
564.0,1.565
565.0,1.553
566.0,1.531
567.0,1.561
568.0,1.551
569.0,1.52
570.0,1.519
571.0,1.508
572.0,1.549
573.0,1.566
574.0,1.562
575.0,1.534
576.0,1.52
577.0,1.536
578.0,1.511
579.0,1.514
580.0,1.538
581.0,1.543
582.0,1.569
583.0,1.57
584.0,1.582
585.0,1.542
586.0,1.511
587.0,1.546
588.0,1.517
589.0,1.361
590.0,1.421
591.0,1.494
592.0,1.481
593.0,1.496
594.0,1.488
595.0,1.457
596.0,1.501
597.0,1.488
598.0,1.48
599.0,1.48
600.0,1.478
601.0,1.464
602.0,1.454
603.0,1.476
604.0,1.5
605.0,1.492
606.0,1.484
607.0,1.498
608.0,1.48
609.0,1.481
610.0,1.469
611.0,1.476
612.0,1.471
613.0,1.452
614.0,1.431
615.0,1.461
616.0,1.412
617.0,1.409
618.0,1.462
619.0,1.447
620.0,1.456
621.0,1.459
622.0,1.443
623.0,1.422
624.0,1.397
625.0,1.393
626.0,1.414
627.0,1.433
628.0,1.373
629.0,1.411
630.0,1.38
631.0,1.399
632.0,1.38
633.0,1.417
634.0,1.4
635.0,1.42
636.0,1.399
637.0,1.42
638.0,1.431
639.0,1.414
640.0,1.399
641.0,1.397
642.0,1.389
643.0,1.408
644.0,1.402
645.0,1.405
646.0,1.376
647.0,1.369
648.0,1.372
649.0,1.346
650.0,1.34
651.0,1.396
652.0,1.351
653.0,1.377
654.0,1.36
655.0,1.316
656.0,1.162
657.0,1.193
658.0,1.333
659.0,1.341
660.0,1.346
661.0,1.355
662.0,1.36
663.0,1.332
664.0,1.344
665.0,1.343
666.0,1.343
667.0,1.34
668.0,1.34
669.0,1.36
670.0,1.353
671.0,1.352
672.0,1.34
673.0,1.36
674.0,1.354
675.0,1.342
676.0,1.35
677.0,1.336
678.0,1.34
679.0,1.318
680.0,1.328
681.0,1.319
682.0,1.317
683.0,1.315
684.0,1.308
685.0,1.319
686.0,1.312
687.0,1.027
688.0,1.126
689.0,1.128
690.0,1.158
691.0,1.191
692.0,1.213
693.0,1.205
694.0,1.197
695.0,1.228
696.0,1.23
697.0,1.28
698.0,1.261
699.0,1.246
700.0,1.232
701.0,1.224
702.0,1.226
703.0,1.229
704.0,1.259
705.0,1.261
706.0,1.256
707.0,1.255
708.0,1.259
709.0,1.255
710.0,1.257
711.0,1.254
712.0,1.248
713.0,1.237
714.0,1.242
715.0,1.208
716.0,1.21
717.0,1.107
718.0,1.03
719.0,0.9509
720.0,0.999
721.0,1.065
722.0,1.178
723.0,1.118
724.0,1.032
725.0,1.023
726.0,1.065
727.0,1.068
728.0,1.023
729.0,1.04
730.0,1.098
731.0,1.058
732.0,1.11
733.0,1.153
734.0,1.175
735.0,1.153
736.0,1.151
737.0,1.157
738.0,1.161
739.0,1.139
740.0,1.164
741.0,1.15
742.0,1.149
743.0,1.177
744.0,1.172
745.0,1.171
746.0,1.177
747.0,1.179
748.0,1.176
749.0,1.163
750.0,1.162
751.0,1.15
752.0,1.155
753.0,1.161
754.0,1.163
755.0,1.157
756.0,1.156
757.0,1.158
758.0,1.144
759.0,1.128
760.0,0.379
761.0,0.2557
762.0,0.7436
763.0,0.4904
764.0,0.6276
765.0,0.7443
766.0,0.8301
767.0,0.9694
768.0,1.06
769.0,1.069
770.0,1.091
771.0,1.094
772.0,1.094
773.0,1.101
774.0,1.096
775.0,1.087
776.0,1.1
777.0,1.086
778.0,1.079
779.0,1.08
780.0,1.074
781.0,1.075
782.0,1.081
783.0,1.062
784.0,1.067
785.0,1.06
786.0,1.072
787.0,1.059
788.0,1.049
789.0,1.049
790.0,1.03
791.0,1.031
792.0,1.022
793.0,1.007
794.0,1.014
795.0,1.034
796.0,1.014
797.0,1.016
798.0,1.034
799.0,1.03
800.0,1.015
801.0,1.014
802.0,1.011
803.0,1.004
804.0,1.005
805.0,0.9981
806.0,1.021
807.0,1.01
808.0,1.01
809.0,0.995
810.0,0.9901
811.0,0.9965
812.0,0.9767
813.0,0.9623
814.0,0.8771
815.0,0.871
816.0,0.8161
817.0,0.8267
818.0,0.8026
819.0,0.8699
820.0,0.8302
821.0,0.934
822.0,0.9135
823.0,0.6817
824.0,0.8987
825.0,0.9202
826.0,0.896
827.0,0.9337
828.0,0.8244
829.0,0.8883
830.0,0.8803
831.0,0.8819
832.0,0.861
833.0,0.8982
834.0,0.8773
835.0,0.9409
836.0,0.9146
837.0,0.9425
838.0,0.9191
839.0,0.9271
840.0,0.9458
841.0,0.9351
842.0,0.9331
843.0,0.9285
844.0,0.9179
845.0,0.9457
846.0,0.9409
847.0,0.9221
848.0,0.9182
849.0,0.8922
850.0,0.8545
851.0,0.9067
852.0,0.8994
853.0,0.8642
854.0,0.7475
855.0,0.8194
856.0,0.8962
857.0,0.915
858.0,0.9088
859.0,0.9088
860.0,0.9099
861.0,0.9051
862.0,0.919
863.0,0.9407
864.0,0.8936
865.0,0.8856
866.0,0.7963
867.0,0.831
868.0,0.9042
869.0,0.8854
870.0,0.9105
871.0,0.8982
872.0,0.8949
873.0,0.8931
874.0,0.8824
875.0,0.8646
876.0,0.8737
877.0,0.8824
878.0,0.8923
879.0,0.8785
880.0,0.8597
881.0,0.8476
882.0,0.8663
883.0,0.8682
884.0,0.8645
885.0,0.8711
886.0,0.8333
887.0,0.8398
888.0,0.8538
889.0,0.8606
890.0,0.8567
891.0,0.8536
892.0,0.8331
893.0,0.8128
894.0,0.7944
895.0,0.764
896.0,0.7272
897.0,0.6444
898.0,0.6912
899.0,0.5512
900.0,0.6962
901.0,0.5758
902.0,0.6434
903.0,0.6596
904.0,0.7885
905.0,0.7677
906.0,0.7237
907.0,0.6168
908.0,0.6254
909.0,0.6628
910.0,0.6114
911.0,0.6371
912.0,0.6593
913.0,0.6215
914.0,0.6121
915.0,0.6592
916.0,0.568
917.0,0.6905
918.0,0.5825
919.0,0.6974
920.0,0.6932
921.0,0.7166
922.0,0.6587
923.0,0.6916
924.0,0.6752
925.0,0.6616
926.0,0.6681
927.0,0.7307
928.0,0.5857
929.0,0.5482
930.0,0.4541
931.0,0.4258
932.0,0.3298
933.0,0.2822
934.0,0.1846
935.0,0.2771
936.0,0.1914
937.0,0.1973
938.0,0.2347
939.0,0.4126
940.0,0.4804
941.0,0.3848
942.0,0.4303
943.0,0.3011
944.0,0.3021
945.0,0.3932
946.0,0.2249
947.0,0.4008
948.0,0.2996
949.0,0.5113
950.0,0.1835
951.0,0.4994
952.0,0.302
953.0,0.368
954.0,0.4275
955.0,0.3694
956.0,0.3508
957.0,0.306
958.0,0.461
959.0,0.3908
960.0,0.4365
961.0,0.4717
962.0,0.4493
963.0,0.5016
964.0,0.4655
965.0,0.4974
966.0,0.5017
967.0,0.5008
968.0,0.6187
969.0,0.6485
970.0,0.6039
971.0,0.6683
972.0,0.6437
973.0,0.5833
974.0,0.5577
975.0,0.5694
976.0,0.5524
977.0,0.6055
978.0,0.5849
979.0,0.6047
980.0,0.5741
981.0,0.6633
982.0,0.6422
983.0,0.6216
984.0,0.6746
985.0,0.6394
986.0,0.6813
987.0,0.6732
988.0,0.6721
989.0,0.6761
990.0,0.6674
991.0,0.6787
992.0,0.6821
993.0,0.6721
994.0,0.6813
995.0,0.6797
996.0,0.6775
997.0,0.6781
998.0,0.6752
999.0,0.6725
1000.0,0.6691
1001.0,0.676
1002.0,0.6627
1003.0,0.6643
1004.0,0.6495
1005.0,0.6238
1006.0,0.6491
1007.0,0.6623
1008.0,0.6597
1009.0,0.6573
1010.0,0.6551
1011.0,0.6589
1012.0,0.6542
1013.0,0.657
1014.0,0.6524
1015.0,0.6482
1016.0,0.6454
1017.0,0.6472
1018.0,0.6442
1019.0,0.6324
1020.0,0.6411
1021.0,0.6399
1022.0,0.6356
1023.0,0.6425
1024.0,0.6362
1025.0,0.6414
1026.0,0.6391
1027.0,0.6375
1028.0,0.6364
1029.0,0.6291
1030.0,0.6326
1031.0,0.6304
1032.0,0.6283
1033.0,0.6189
1034.0,0.6189
1035.0,0.6208
1036.0,0.6242
1037.0,0.614
1038.0,0.6168
1039.0,0.6166
1040.0,0.6141
1041.0,0.6167
1042.0,0.6125
1043.0,0.6106
1044.0,0.6129
1045.0,0.6047
1046.0,0.5981
1047.0,0.6036
1048.0,0.6071
1049.0,0.6051
1050.0,0.6025
1051.0,0.6018
1052.0,0.5996
1053.0,0.595
1054.0,0.5966
1055.0,0.5972
1056.0,0.5955
1057.0,0.5939
1058.0,0.5795
1059.0,0.5805
1060.0,0.5797
1061.0,0.5792
1062.0,0.5826
1063.0,0.5771
1064.0,0.5838
1065.0,0.5804
1066.0,0.5683
1067.0,0.5759
1068.0,0.5638
1069.0,0.546
1070.0,0.5651
1071.0,0.5721
1072.0,0.5669
1073.0,0.5584
1074.0,0.5708
1075.0,0.5479
1076.0,0.5707
1077.0,0.5637
1078.0,0.5542
1079.0,0.5606
1080.0,0.5552
1081.0,0.5399
1082.0,0.5438
1083.0,0.5443
1084.0,0.5404
1085.0,0.5558
1086.0,0.5169
1087.0,0.526
1088.0,0.5448
1089.0,0.5334
1090.0,0.5259
1091.0,0.5446
1092.0,0.5419
1093.0,0.4768
1094.0,0.4979
1095.0,0.4937
1096.0,0.4781
1097.0,0.529
1098.0,0.4722
1099.0,0.4898
1100.0,0.4637
1101.0,0.467
1102.0,0.4507
1103.0,0.4499
1104.0,0.45
1105.0,0.4803
1106.0,0.3981
1107.0,0.4622
1108.0,0.4105
1109.0,0.4077
1110.0,0.4601
1111.0,0.3382
1112.0,0.4031
1113.0,0.2846
1114.0,0.314
1115.0,0.2612
1116.0,0.2267
1117.0,0.1055
1118.0,0.239
1119.0,0.1355
1120.0,0.17
1121.0,0.2144
1122.0,0.1052
1123.0,0.1533
1124.0,0.1296
1125.0,0.1651
1126.0,0.07276
1127.0,0.1848
1128.0,0.1267
1129.0,0.1315
1130.0,0.0952
1131.0,0.3135
1132.0,0.253
1133.0,0.1795
1134.0,0.05992
1135.0,0.02204
1136.0,0.1567
1137.0,0.3125
1138.0,0.2256
1139.0,0.3021
1140.0,0.2656
1141.0,0.2143
1142.0,0.2389
1143.0,0.3249
1144.0,0.1325
1145.0,0.1724
1146.0,0.1861
1147.0,0.08202
1148.0,0.2815
1149.0,0.2359
1150.0,0.1425
1151.0,0.2241
1152.0,0.2629
1153.0,0.247
1154.0,0.1717
1155.0,0.3156
1156.0,0.2906
1157.0,0.3175
1158.0,0.3134
1159.0,0.3291
1160.0,0.2928
1161.0,0.3411
1162.0,0.3441
1163.0,0.4333
1164.0,0.3834
1165.0,0.3719
1166.0,0.3628
1167.0,0.3891
1168.0,0.3952
1169.0,0.4004
1170.0,0.4265
1171.0,0.4176
1172.0,0.4203
1173.0,0.4255
1174.0,0.3294
1175.0,0.4125
1176.0,0.4421
1177.0,0.4315
1178.0,0.3435
1179.0,0.4451
1180.0,0.4101
1181.0,0.4216
1182.0,0.312
1183.0,0.4122
1184.0,0.3932
1185.0,0.3851
1186.0,0.4371
1187.0,0.4222
1188.0,0.3184
1189.0,0.395
1190.0,0.4273
1191.0,0.4153
1192.0,0.4321
1193.0,0.4178
1194.0,0.428
1195.0,0.4115
1196.0,0.4009
1197.0,0.4242
1198.0,0.3941
1199.0,0.3513
1200.0,0.4131
1201.0,0.4037
1202.0,0.3986
1203.0,0.395
1204.0,0.3552
1205.0,0.4031
1206.0,0.4361
1207.0,0.3989
1208.0,0.3879
1209.0,0.3947
1210.0,0.4075
1211.0,0.3944
1212.0,0.3958
1213.0,0.4249
1214.0,0.4019
1215.0,0.3961
1216.0,0.4233
1217.0,0.4152
1218.0,0.4202
1219.0,0.4163
1220.0,0.4202
1221.0,0.4227
1222.0,0.4137
1223.0,0.411
1224.0,0.4105
1225.0,0.42
1226.0,0.421
1227.0,0.3962
1228.0,0.4216
1229.0,0.421
1230.0,0.4153
1231.0,0.4224
1232.0,0.42
1233.0,0.4115
1234.0,0.4208
1235.0,0.419
1236.0,0.4213
1237.0,0.4178
1238.0,0.4199
1239.0,0.4146
1240.0,0.4158
1241.0,0.4153
1242.0,0.4131
1243.0,0.4097
1244.0,0.4131
1245.0,0.4145
1246.0,0.4121
1247.0,0.4109
1248.0,0.4113
1249.0,0.4119
1250.0,0.4099
1251.0,0.4055
1252.0,0.4045
1253.0,0.4032
1254.0,0.4008
1255.0,0.4046
1256.0,0.397
1257.0,0.3956
1258.0,0.4
1259.0,0.3913
1260.0,0.3927
1261.0,0.3781
1262.0,0.3708
1263.0,0.3717
1264.0,0.3525
1265.0,0.3691
1266.0,0.3608
1267.0,0.3633
1268.0,0.3506
1269.0,0.2623
1270.0,0.3634
1271.0,0.3759
1272.0,0.3763
1273.0,0.3731
1274.0,0.3732
1275.0,0.3772
1276.0,0.3794
1277.0,0.3803
1278.0,0.3844
1279.0,0.3812
1280.0,0.3762
1281.0,0.3576
1282.0,0.3423
1283.0,0.3691
1284.0,0.3785
1285.0,0.3806
1286.0,0.3844
1287.0,0.3809
1288.0,0.3802
1289.0,0.3727
1290.0,0.3765
1291.0,0.3809
1292.0,0.3666
1293.0,0.3757
1294.0,0.3736
1295.0,0.3737
1296.0,0.3626
1297.0,0.3479
1298.0,0.3651
1299.0,0.3753
1300.0,0.3342
1301.0,0.3409
1302.0,0.3636
1303.0,0.328
1304.0,0.2955
1305.0,0.3575
1306.0,0.3583
1307.0,0.2966
1308.0,0.3261
1309.0,0.3565
1310.0,0.2916
1311.0,0.3162
1312.0,0.3101
1313.0,0.3065
1314.0,0.2803
1315.0,0.28
1316.0,0.3137
1317.0,0.299
1318.0,0.3184
1319.0,0.2682
1320.0,0.2557
1321.0,0.291
1322.0,0.2964
1323.0,0.2395
1324.0,0.263
1325.0,0.3099
1326.0,0.2764
1327.0,0.2662
1328.0,0.2349
1329.0,0.1905
1330.0,0.2402
1331.0,0.1635
1332.0,0.1624
1333.0,0.2202
1334.0,0.1806
1335.0,0.2381
1336.0,0.197
1337.0,0.1805
1338.0,0.1938
1339.0,0.1908
1340.0,0.1814
1341.0,0.1868
1342.0,0.1956
1343.0,0.1556
1344.0,0.09367
1345.0,0.1307
1346.0,0.08246
1347.0,0.08659
1348.0,0.01064
1349.0,0.03121
1350.0,0.0282
1351.0,0.01193
1352.0,0.005422
1353.0,0.000562
1354.0,0.00129
1355.0,3.929e-05
1356.0,0.0002947
1357.0,0.0004345
1358.0,4.416e-05
1359.0,1.405e-05
1360.0,2.817e-05
1361.0,2.525e-07
1362.0,1.917e-09
1363.0,4.425e-05
1364.0,2.181e-05
1365.0,1.87e-09
1366.0,0.0001484
1367.0,5.827e-05
1368.0,1.193e-10
1369.0,8.942e-06
1370.0,6.465e-06
1371.0,6.472e-07
1372.0,3.29e-05
1373.0,0.000328
1374.0,0.0009657
1375.0,0.001656
1376.0,0.00114
1377.0,0.0005898
1378.0,0.004297
1379.0,0.0002599
1380.0,0.0004699
1381.0,1.794e-05
1382.0,3.29e-05
1383.0,8.113e-07
1384.0,1.156e-05
1385.0,2.088e-05
1386.0,3.751e-05
1387.0,0.001205
1388.0,2.983e-05
1389.0,0.002628
1390.0,0.002209
1391.0,0.001697
1392.0,0.0001425
1393.0,0.0005705
1394.0,0.0005615
1395.0,8.126e-06
1396.0,2.81e-07
1397.0,0.0002765
1398.0,0.004914
1399.0,0.003181
1400.0,2.004e-07
1401.0,4.15e-07
1402.0,0.005122
1403.0,0.007022
1404.0,0.002258
1405.0,5.553e-06
1406.0,0.006718
1407.0,0.0006004
1408.0,0.005408
1409.0,0.002503
1410.0,0.00177
1411.0,0.006093
1412.0,0.00705
1413.0,0.04223
1414.0,0.001359
1415.0,0.0007753
1416.0,0.05437
1417.0,0.02298
1418.0,0.02568
1419.0,0.004409
1420.0,0.01608
1421.0,0.01844
1422.0,0.06849
1423.0,0.01535
1424.0,0.02712
1425.0,0.04132
1426.0,0.04205
1427.0,0.06545
1428.0,0.01039
1429.0,0.05372
1430.0,0.08007
1431.0,0.08506
1432.0,0.008438
1433.0,0.05857
1434.0,0.03213
1435.0,0.03971
1436.0,0.0638
1437.0,0.04942
1438.0,0.02456
1439.0,0.08101
1440.0,0.06187
1441.0,0.0528
1442.0,0.05653
1443.0,0.06256
1444.0,0.08398
1445.0,0.07193
1446.0,0.03438
1447.0,0.05469
1448.0,0.1358
1449.0,0.1246
1450.0,0.04057
1451.0,0.01839
1452.0,0.08109
1453.0,0.1022
1454.0,0.154
1455.0,0.08084
1456.0,0.112
1457.0,0.1368
1458.0,0.1493
1459.0,0.1782
1460.0,0.09991
1461.0,0.1091
1462.0,0.1496
1463.0,0.05649
1464.0,0.1673
1465.0,0.1029
1466.0,0.08469
1467.0,0.05156
1468.0,0.09615
1469.0,0.114
1470.0,0.06724
1471.0,0.02726
1472.0,0.06478
1473.0,0.08763
1474.0,0.1135
1475.0,0.1942
1476.0,0.08436
1477.0,0.08741
1478.0,0.07597
1479.0,0.1355
1480.0,0.07561
1481.0,0.1311
1482.0,0.07061
1483.0,0.1642
1484.0,0.149
1485.0,0.1386
1486.0,0.1381
1487.0,0.07437
1488.0,0.1119
1489.0,0.1971
1490.0,0.1806
1491.0,0.1969
1492.0,0.1767
1493.0,0.1897
1494.0,0.2051
1495.0,0.1849
1496.0,0.1752
1497.0,0.2202
1498.0,0.19
1499.0,0.2166
1500.0,0.2388
1501.0,0.2503
1502.0,0.2143
1503.0,0.1911
1504.0,0.1608
1505.0,0.1854
1506.0,0.2461
1507.0,0.2405
1508.0,0.2294
1509.0,0.1896
1510.0,0.2541
1511.0,0.2489
1512.0,0.2444
1513.0,0.2319
1514.0,0.2209
1515.0,0.2495
1516.0,0.241
1517.0,0.2388
1518.0,0.2376
1519.0,0.2347
1520.0,0.2467
1521.0,0.2549
1522.0,0.2475
1523.0,0.2582
1524.0,0.2536
1525.0,0.2465
1526.0,0.2496
1527.0,0.2475
1528.0,0.2576
1529.0,0.2473
1530.0,0.244
1531.0,0.2506
1532.0,0.2561
1533.0,0.2553
1534.0,0.2517
1535.0,0.252
1536.0,0.2554
1537.0,0.2513
1538.0,0.2519
1539.0,0.2486
1540.0,0.2482
1541.0,0.2505
1542.0,0.2492
1543.0,0.2525
1544.0,0.2509
1545.0,0.254
1546.0,0.251
1547.0,0.2467
1548.0,0.2466
1549.0,0.2483
1550.0,0.2468
1551.0,0.2489
1552.0,0.2479
1553.0,0.2452
1554.0,0.2434
1555.0,0.2437
1556.0,0.2437
1557.0,0.2465
1558.0,0.2452
1559.0,0.2437
1560.0,0.2454
1561.0,0.247
1562.0,0.2445
1563.0,0.2422
1564.0,0.2435
1565.0,0.2434
1566.0,0.2404
1567.0,0.2407
1568.0,0.2384
1569.0,0.2394
1570.0,0.2415
1571.0,0.2434
1572.0,0.2417
1573.0,0.2403
1574.0,0.2319
1575.0,0.2294
1576.0,0.2265
1577.0,0.2209
1578.0,0.2323
1579.0,0.2351
1580.0,0.2367
1581.0,0.2331
1582.0,0.2281
1583.0,0.2295
1584.0,0.2324
1585.0,0.2346
1586.0,0.2322
1587.0,0.2283
1588.0,0.2208
1589.0,0.2138
1590.0,0.219
1591.0,0.2242
1592.0,0.2314
1593.0,0.2344
1594.0,0.2345
1595.0,0.231
1596.0,0.2244
1597.0,0.2307
1598.0,0.233
1599.0,0.2303
1600.0,0.2286
1601.0,0.2257
1602.0,0.2268
1603.0,0.2284
1604.0,0.2267
1605.0,0.2265
1606.0,0.2239
1607.0,0.2259
1608.0,0.2263
1609.0,0.2199
1610.0,0.2154
1611.0,0.2193
1612.0,0.2215
1613.0,0.2223
1614.0,0.2221
1615.0,0.217
1616.0,0.2137
1617.0,0.2182
1618.0,0.2216
1619.0,0.218
1620.0,0.2128
1621.0,0.2154
1622.0,0.2188
1623.0,0.2219
1624.0,0.2197
1625.0,0.2188
1626.0,0.2194
1627.0,0.221
1628.0,0.2207
1629.0,0.2185
1630.0,0.2173
1631.0,0.2167
1632.0,0.2159
1633.0,0.2107
1634.0,0.2139
1635.0,0.2127
1636.0,0.2097
1637.0,0.2069
1638.0,0.1978
1639.0,0.2026
1640.0,0.1978
1641.0,0.2015
1642.0,0.2047
1643.0,0.1985
1644.0,0.2044
1645.0,0.2018
1646.0,0.1998
1647.0,0.2078
1648.0,0.1988
1649.0,0.2039
1650.0,0.205
1651.0,0.1962
1652.0,0.2041
1653.0,0.2052
1654.0,0.1987
1655.0,0.2052
1656.0,0.2037
1657.0,0.2043
1658.0,0.2055
1659.0,0.2044
1660.0,0.2061
1661.0,0.2055
1662.0,0.2015
1663.0,0.2038
1664.0,0.2025
1665.0,0.1953
1666.0,0.1733
1667.0,0.1934
1668.0,0.1967
1669.0,0.1987
1670.0,0.201
1671.0,0.1961
1672.0,0.1931
1673.0,0.1972
1674.0,0.1947
1675.0,0.1913
1676.0,0.1922
1677.0,0.1927
1678.0,0.1888
1679.0,0.1897
1680.0,0.1824
1681.0,0.1784
1682.0,0.1862
1683.0,0.1903
1684.0,0.1832
1685.0,0.1925
1686.0,0.192
1687.0,0.1876
1688.0,0.1913
1689.0,0.1892
1690.0,0.1896
1691.0,0.1798
1692.0,0.1897
1693.0,0.1929
1694.0,0.1884
1695.0,0.1913
1696.0,0.191
1697.0,0.1717
1698.0,0.1899
1699.0,0.1876
1700.0,0.1839
1702.0,0.1854
1705.0,0.1819
1710.0,0.1742
1715.0,0.1743
1720.0,0.1719
1725.0,0.1641
1730.0,0.1617
1735.0,0.1514
1740.0,0.154
1745.0,0.1464
1750.0,0.1548
1755.0,0.1449
1760.0,0.15
1765.0,0.1276
1770.0,0.1363
1775.0,0.1149
1780.0,0.1017
1785.0,0.08202
1790.0,0.09331
1795.0,0.05698
1800.0,0.03803
1805.0,0.02232
1810.0,0.01495
1815.0,0.007196
1820.0,0.002625
1825.0,0.00337
1830.0,4.281e-05
1835.0,3.74e-05
1840.0,9.773e-07
1845.0,6.974e-05
1850.0,3.654e-05
1855.0,3.926e-06
1860.0,6.967e-05
1865.0,0.0001202
1870.0,1.627e-08
1875.0,2.55e-08
1880.0,0.0003725
1885.0,0.0002345
1890.0,0.0009798
1895.0,0.0005737
1900.0,9.367e-06
1905.0,5.814e-06
1910.0,0.0001555
1915.0,0.0001074
1920.0,0.001596
1925.0,0.002545
1930.0,0.001609
1935.0,0.007199
1940.0,0.005934
1945.0,0.01779
1950.0,0.02971
1955.0,0.02916
1960.0,0.0415
1965.0,0.05514
1970.0,0.07095
1975.0,0.07803
1980.0,0.0775
1985.0,0.08159
1990.0,0.08397
1995.0,0.08689
2000.0,0.09034
2005.0,0.07986
2010.0,0.1034
2015.0,0.08786
2020.0,0.09185
2025.0,0.09695
2030.0,0.09154
2035.0,0.09642
2040.0,0.09369
2045.0,0.09585
2050.0,0.0962
2055.0,0.09349
2060.0,0.09105
2065.0,0.09186
2070.0,0.09113
2075.0,0.09227
2080.0,0.09016
2085.0,0.08957
2090.0,0.08991
2095.0,0.08768
2100.0,0.08384
2105.0,0.08816
2110.0,0.08543
2115.0,0.08647
2120.0,0.0826
2125.0,0.08312
2130.0,0.08361
2135.0,0.08373
2140.0,0.08408
2145.0,0.08326
2150.0,0.07979
2155.0,0.07956
2160.0,0.0785
2165.0,0.0722
2170.0,0.07603
2175.0,0.07524
2180.0,0.07626
2185.0,0.07052
2190.0,0.07417
2195.0,0.0737
2200.0,0.06786
2205.0,0.06948
2210.0,0.07315
2215.0,0.071
2220.0,0.07191
2225.0,0.07017
2230.0,0.07035
2235.0,0.06905
2240.0,0.06826
2245.0,0.0665
2250.0,0.06721
2255.0,0.06418
2260.0,0.06346
2265.0,0.06426
2270.0,0.06183
2275.0,0.06107
2280.0,0.06242
2285.0,0.05984
2290.0,0.05973
2295.0,0.05823
2300.0,0.05637
2305.0,0.05659
2310.0,0.05974
2315.0,0.05547
2320.0,0.05052
2325.0,0.05369
2330.0,0.05411
2335.0,0.05478
2340.0,0.04574
2345.0,0.04998
2350.0,0.04151
2355.0,0.04662
2360.0,0.04862
2365.0,0.04759
2370.0,0.03293
2375.0,0.04365
2380.0,0.04173
2385.0,0.03238
2390.0,0.03679
2395.0,0.03983
2400.0,0.04268
2405.0,0.034
2410.0,0.03432
2415.0,0.02877
2420.0,0.02751
2425.0,0.0336
2430.0,0.04336
2435.0,0.01682
2440.0,0.04198
2445.0,0.02267
2450.0,0.0159
2455.0,0.02636
2460.0,0.03407
2465.0,0.02613
2470.0,0.01961
2475.0,0.01954
2480.0,0.01078
2485.0,0.008282
2490.0,0.005862
2495.0,0.005088
2500.0,0.01047
2505.0,0.002632
2510.0,0.003763
2515.0,0.001121
2520.0,0.001182
2525.0,0.0001458
2530.0,9.032e-06
2535.0,3.651e-06
2540.0,6.289e-06
2545.0,3.604e-09
2550.0,3.629e-11
2555.0,6.094e-08
2560.0,2.009e-09
2565.0,5.485e-12
2570.0,5.314e-15
2575.0,4.891999999999999e-22
2580.0,1.697e-17
2585.0,3.832e-27
2590.0,2.891e-24
2595.0,9.701000000000001e-28
2600.0,5.788e-22
2605.0,1.6720000000000001e-28
2610.0,1.0320000000000001e-26
2615.0,8.919e-30
2620.0,1.342e-23
2625.0,7.603e-22
2630.0,2.162e-35
2635.0,3.773e-13
2640.0,1.923e-13
2645.0,4.83e-15
2650.0,1.623e-15
2655.0,1.016e-21
2660.0,2.0960000000000002e-20
2665.0,0.0
2670.0,2.662e-44
2675.0,0.0
2680.0,1.702e-19
2685.0,3.332e-20
2690.0,7.397e-19
2695.0,9.03e-22
2700.0,9.008e-18
2705.0,1.052e-15
2710.0,6.812000000000001e-21
2715.0,1.153e-17
2720.0,4.589e-34
2725.0,2.487e-17
2730.0,3.455e-14
2735.0,3.873e-16
2740.0,1.994e-21
2745.0,4.542e-17
2750.0,2.656e-16
2755.0,7.753e-18
2760.0,9.105e-14
2765.0,9.336e-19
2770.0,1.523e-16
2775.0,6.772e-14
2780.0,1.227e-12
2785.0,9.186e-13
2790.0,3.891e-10
2795.0,2.675e-10
2800.0,2.377e-08
2805.0,4.732e-10
2810.0,5.969e-07
2815.0,1.952e-07
2820.0,6.656e-09
2825.0,9.891e-06
2830.0,7.511e-05
2835.0,2.078e-08
2840.0,4.735e-06
2845.0,0.0003233
2850.0,1.88e-05
2855.0,4.548e-06
2860.0,0.0001504
2865.0,0.000674
2870.0,5.142e-05
2875.0,0.001164
2880.0,0.0006632
2885.0,0.001221
2890.0,0.0004804
2895.0,0.004437
2900.0,0.001553
2905.0,0.0003136
2910.0,0.004351
2915.0,0.002368
2920.0,0.004527
2925.0,0.001901
2930.0,0.008115
2935.0,0.008831
2940.0,0.002857
2945.0,0.0026
2950.0,0.007425
2955.0,0.003351
2960.0,0.006538
2965.0,0.009539
2970.0,0.0006875
2975.0,0.001605
2980.0,0.002452
2985.0,0.009175
2990.0,0.01216
2995.0,0.006008
3000.0,0.009689
3005.0,0.004274
3010.0,0.008539
3015.0,0.007517
3020.0,0.001311
3025.0,0.009207
3030.0,0.007663
3035.0,0.003541
3040.0,0.003059
3045.0,0.005851
3050.0,0.001741
3055.0,0.0006402
3060.0,0.007768
3065.0,0.004253
3070.0,0.00288
3075.0,0.007474
3080.0,0.00476
3085.0,0.002843
3090.0,0.003714
3095.0,0.001285
3100.0,0.00576
3105.0,0.001541
3110.0,0.001606
3115.0,0.003405
3120.0,0.01165
3125.0,0.004127
3130.0,0.006908
3135.0,0.01301
3140.0,0.004517
3145.0,0.004338
3150.0,0.008221
3155.0,0.006949
3160.0,0.01082
3165.0,0.01482
3170.0,0.01343
3175.0,0.01052
3180.0,0.01156
3185.0,0.00979
3190.0,0.005286
3195.0,0.004133
3200.0,0.0008868
3205.0,0.0007108
3210.0,0.0003575
3215.0,0.001073
3220.0,0.002649
3225.0,0.0004162
3230.0,0.0007014
3235.0,0.008701
3240.0,0.005222
3245.0,0.001184
3250.0,0.003541
3255.0,0.01108
3260.0,0.001982
3265.0,0.003453
3270.0,0.001984
3275.0,0.00726
3280.0,0.00388
3285.0,0.01185
3290.0,0.009834
3295.0,0.001833
3300.0,0.00241
3305.0,0.005079
3310.0,0.005184
3315.0,8.369e-05
3320.0,0.0001866
3325.0,0.004857
3330.0,0.005394
3335.0,0.01011
3340.0,0.004352
3345.0,0.004575
3350.0,0.008954
3355.0,0.004822
3360.0,0.006289
3365.0,0.008025
3370.0,0.005179
3375.0,0.009329
3380.0,0.006378
3385.0,0.008388
3390.0,0.01063
3395.0,0.01017
3400.0,0.01251
3405.0,0.005623
3410.0,0.007884
3415.0,0.008256
3420.0,0.013
3425.0,0.01058
3430.0,0.009513
3435.0,0.01168
3440.0,0.00897
3445.0,0.01151
3450.0,0.01141
3455.0,0.008988
3460.0,0.01237
3465.0,0.01028
3470.0,0.01209
3475.0,0.01112
3480.0,0.01133
3485.0,0.01193
3490.0,0.01067
3495.0,0.012
3500.0,0.01175
3505.0,0.01166
3510.0,0.01178
3515.0,0.01138
3520.0,0.01182
3525.0,0.01125
3530.0,0.01104
3535.0,0.00971
3540.0,0.009375
3545.0,0.009763
3550.0,0.01048
3555.0,0.009336
3560.0,0.01064
3565.0,0.01066
3570.0,0.008694
3575.0,0.008998
3580.0,0.01011
3585.0,0.009328
3590.0,0.009546
3595.0,0.009622
3600.0,0.01008
3605.0,0.01017
3610.0,0.009518
3615.0,0.009418
3620.0,0.01105
3625.0,0.01
3630.0,0.009775
3635.0,0.01002
3640.0,0.01087
3645.0,0.01019
3650.0,0.009809
3655.0,0.01039
3660.0,0.01035
3665.0,0.009865
3670.0,0.008041
3675.0,0.005505
3680.0,0.008356
3685.0,0.009195
3690.0,0.009431
3695.0,0.009624
3700.0,0.01012
3705.0,0.01003
3710.0,0.009037
3715.0,0.008906
3720.0,0.00979
3725.0,0.009992
3730.0,0.008944
3735.0,0.008329
3740.0,0.008447
3745.0,0.009504
3750.0,0.008831
3755.0,0.008624
3760.0,0.008608
3765.0,0.008327
3770.0,0.008749
3775.0,0.008653
3780.0,0.009059
3785.0,0.008503
3790.0,0.007683
3795.0,0.008493
3800.0,0.009273
3805.0,0.00884
3810.0,0.008092
3815.0,0.007656
3820.0,0.009068
3825.0,0.008932
3830.0,0.009011
3835.0,0.007604
3840.0,0.008566
3845.0,0.008412
3850.0,0.008448
3855.0,0.008171
3860.0,0.007784
3865.0,0.007814
3870.0,0.007287
3875.0,0.006824
3880.0,0.006655
3885.0,0.006799
3890.0,0.006866
3895.0,0.007314
3900.0,0.00762
3905.0,0.007598
3910.0,0.007032
3915.0,0.006901
3920.0,0.006883
3925.0,0.006795
3930.0,0.006945
3935.0,0.007138
3940.0,0.007194
3945.0,0.007265
3950.0,0.00732
3955.0,0.00736
3960.0,0.007401
3965.0,0.00744
3970.0,0.007374
3975.0,0.007229
3980.0,0.007146
3985.0,0.007144
3990.0,0.007065
3995.0,0.006944
4000.0,0.00669
