interpolation:linear
wavelength,value
280.0,1.106e-22
280.5,3.682e-21
281.0,1.984e-20
281.5,4.481e-19
282.0,5.41e-19
282.5,1.318e-18
283.0,4.143e-18
283.5,6.745e-18
284.0,1.114e-16
284.5,3.262e-16
285.0,5.749e-16
285.5,2.791e-15
286.0,1.121e-14
286.5,5.027e-14
287.0,1.442e-13
287.5,5.568e-13
288.0,1.972e-12
288.5,5.764e-12
289.0,1.505e-11
289.5,4.491e-11
290.0,1.24e-10
290.5,2.524e-10
291.0,5.414e-10
291.5,1.555e-09
292.0,3.14e-09
292.5,4.388e-09
293.0,9.366e-09
293.5,2.267e-08
294.0,3.538e-08
294.5,4.694e-08
295.0,7.929e-08
295.5,1.332e-07
296.0,2.544e-07
296.5,3.519e-07
297.0,4.712e-07
297.5,1.243e-06
298.0,1.929e-06
298.5,1.913e-06
299.0,4.157e-06
299.5,6.707e-06
300.0,7.243e-06
300.5,1.028e-05
301.0,1.794e-05
301.5,2.756e-05
302.0,2.308e-05
302.5,4.516e-05
303.0,8.166e-05
303.5,0.0001042
304.0,0.0001007
304.5,0.0001623
305.0,0.0002754
305.5,0.0003395
306.0,0.0003382
306.5,0.0004421
307.0,0.0007323
307.5,0.001085
308.0,0.001166
308.5,0.001453
309.0,0.001707
309.5,0.002284
310.0,0.002466
310.5,0.004138
311.0,0.005505
311.5,0.00545
312.0,0.00618
312.5,0.008172
313.0,0.009256
313.5,0.00863
314.0,0.01192
314.5,0.01205
315.0,0.01621
315.5,0.01272
316.0,0.01235
316.5,0.01944
317.0,0.02409
317.5,0.02442
318.0,0.02028
318.5,0.02837
319.0,0.03574
319.5,0.02644
320.0,0.03148
320.5,0.0445
321.0,0.04421
321.5,0.04285
322.0,0.0406
322.5,0.03553
323.0,0.0382
323.5,0.05114
324.0,0.06046
324.5,0.0594
325.0,0.0487
325.5,0.06664
326.0,0.08419
326.5,0.08793
327.0,0.08629
327.5,0.08172
328.0,0.0688
328.5,0.07739
329.0,0.09776
329.5,0.1128
330.0,0.1123
330.5,0.08627
331.0,0.08668
331.5,0.09086
332.0,0.1026
332.5,0.1036
333.0,0.1021
333.5,0.08946
334.0,0.09117
334.5,0.1092
335.0,0.1049
335.5,0.1235
336.0,0.08547
336.5,0.0983
337.0,0.07942
337.5,0.09824
338.0,0.09893
338.5,0.1155
339.0,0.1146
339.5,0.1102
340.0,0.1281
340.5,0.1159
341.0,0.114
341.5,0.1051
342.0,0.1258
342.5,0.1179
343.0,0.1294
343.5,0.1217
344.0,0.08919
344.5,0.09067
345.0,0.1206
345.5,0.1234
346.0,0.1051
346.5,0.1191
347.0,0.1277
347.5,0.1032
348.0,0.118
348.5,0.1182
349.0,0.1098
349.5,0.1088
350.0,0.1347
350.5,0.1421
351.0,0.1268
351.5,0.123
352.0,0.1324
352.5,0.1036
353.0,0.1307
353.5,0.1399
354.0,0.1454
354.5,0.1475
355.0,0.147
355.5,0.133
356.0,0.1392
356.5,0.119
357.0,0.09831
357.5,0.1204
358.0,0.09551
358.5,0.08167
359.0,0.1142
359.5,0.1455
360.0,0.1544
360.5,0.1235
361.0,0.1127
361.5,0.13
362.0,0.1126
362.5,0.156
363.0,0.1403
363.5,0.1293
364.0,0.1583
364.5,0.1354
365.0,0.138
365.5,0.1734
366.0,0.1839
366.5,0.173
367.0,0.1686
367.5,0.175
368.0,0.1533
368.5,0.1548
369.0,0.1673
369.5,0.1785
370.0,0.1905
370.5,0.148
371.0,0.1582
371.5,0.1981
372.0,0.1316
372.5,0.1579
373.0,0.1608
373.5,0.1047
374.0,0.1522
374.5,0.1262
375.0,0.1228
375.5,0.1834
376.0,0.1521
376.5,0.1577
377.0,0.1672
377.5,0.1957
378.0,0.2123
378.5,0.2008
379.0,0.1658
379.5,0.1515
380.0,0.1576
380.5,0.1911
381.0,0.1917
381.5,0.1521
382.0,0.1353
382.5,0.1155
383.0,0.107
383.5,0.1032
384.0,0.1139
384.5,0.1677
385.0,0.1665
385.5,0.1552
386.0,0.133
386.5,0.175
387.0,0.1455
387.5,0.1635
388.0,0.1511
388.5,0.1495
389.0,0.1615
389.5,0.1958
390.0,0.1967
390.5,0.1812
391.0,0.2135
391.5,0.2179
392.0,0.1837
392.5,0.1646
393.0,0.09169
393.5,0.06671
394.0,0.1359
394.5,0.1729
395.0,0.2111
395.5,0.2146
396.0,0.1862
396.5,0.109
397.0,0.08188
397.5,0.1667
398.0,0.2335
398.5,0.2415
399.0,0.2619
399.5,0.2613
400.0,0.2714
401.0,0.2728
402.0,0.2884
403.0,0.2746
404.0,0.2707
405.0,0.2711
406.0,0.2672
407.0,0.2634
408.0,0.2739
409.0,0.2936
410.0,0.257
411.0,0.2789
412.0,0.3003
413.0,0.2931
414.0,0.2972
415.0,0.2986
416.0,0.3044
417.0,0.2973
418.0,0.2922
419.0,0.2965
420.0,0.2956
421.0,0.3097
422.0,0.2948
423.0,0.2883
424.0,0.3052
425.0,0.3051
426.0,0.2979
427.0,0.2928
428.0,0.2855
429.0,0.2711
430.0,0.2376
431.0,0.2356
432.0,0.3048
433.0,0.3069
434.0,0.2852
435.0,0.298
436.0,0.3366
437.0,0.3328
438.0,0.3035
439.0,0.3134
440.0,0.3239
441.0,0.3362
442.0,0.3609
443.0,0.3514
444.0,0.3597
445.0,0.3521
446.0,0.3369
447.0,0.3651
448.0,0.3705
449.0,0.373
450.0,0.384
451.0,0.3986
452.0,0.3845
453.0,0.3621
454.0,0.3787
455.0,0.3812
456.0,0.3906
457.0,0.3973
458.0,0.3833
459.0,0.3816
460.0,0.3825
461.0,0.3915
462.0,0.3952
463.0,0.3926
464.0,0.3872
465.0,0.3833
466.0,0.3877
467.0,0.3805
468.0,0.3851
469.0,0.3872
470.0,0.3748
471.0,0.3746
472.0,0.3947
473.0,0.3897
474.0,0.3897
475.0,0.3924
476.0,0.3798
477.0,0.3802
478.0,0.391
479.0,0.3892
480.0,0.3904
481.0,0.3985
482.0,0.4014
483.0,0.3976
484.0,0.3901
485.0,0.3723
486.0,0.3262
487.0,0.3425
488.0,0.3758
489.0,0.3767
490.0,0.3968
491.0,0.3905
492.0,0.3689
493.0,0.3812
494.0,0.3852
495.0,0.3887
496.0,0.3912
497.0,0.3972
498.0,0.3785
499.0,0.3829
500.0,0.3712
501.0,0.3638
502.0,0.3575
503.0,0.3708
504.0,0.358
505.0,0.3735
506.0,0.3855
507.0,0.3671
508.0,0.3567
509.0,0.3676
510.0,0.3664
511.0,0.3769
512.0,0.3814
513.0,0.3611
514.0,0.3589
515.0,0.3554
516.0,0.3544
517.0,0.3151
518.0,0.3312
519.0,0.3473
520.0,0.3598
521.0,0.3631
522.0,0.363
523.0,0.3563
524.0,0.3684
525.0,0.3718
526.0,0.3548
527.0,0.3336
528.0,0.3522
529.0,0.3707
530.0,0.3651
531.0,0.3701
532.0,0.3573
533.0,0.3468
534.0,0.3573
535.0,0.3656
536.0,0.3693
537.0,0.3552
538.0,0.3616
539.0,0.3586
540.0,0.3436
541.0,0.3448
542.0,0.355
543.0,0.3521
544.0,0.3573
545.0,0.3564
546.0,0.3571
547.0,0.3577
548.0,0.3538
549.0,0.3552
550.0,0.3594
551.0,0.3552
552.0,0.3577
553.0,0.3511
554.0,0.3594
555.0,0.3599
556.0,0.3551
557.0,0.3437
558.0,0.3405
559.0,0.3336
560.0,0.3374
561.0,0.3412
562.0,0.3381
563.0,0.3465
564.0,0.3364
565.0,0.333
566.0,0.3276
567.0,0.333
568.0,0.3282
569.0,0.317
570.0,0.3174
571.0,0.3163
572.0,0.3216
573.0,0.3245
574.0,0.323
575.0,0.3161
576.0,0.3133
577.0,0.3171
578.0,0.3133
579.0,0.3162
580.0,0.3248
581.0,0.3284
582.0,0.3364
583.0,0.3386
584.0,0.3425
585.0,0.3347
586.0,0.328
587.0,0.3341
588.0,0.3217
589.0,0.2768
590.0,0.29
591.0,0.3119
592.0,0.3051
593.0,0.3134
594.0,0.3097
595.0,0.2987
596.0,0.3175
597.0,0.3121
598.0,0.3135
599.0,0.3146
600.0,0.3168
601.0,0.3155
602.0,0.3136
603.0,0.3195
604.0,0.3252
605.0,0.3239
606.0,0.3234
607.0,0.3274
608.0,0.3246
609.0,0.3258
610.0,0.3243
611.0,0.3265
612.0,0.326
613.0,0.3223
614.0,0.3186
615.0,0.3262
616.0,0.316
617.0,0.3158
618.0,0.3283
619.0,0.3252
620.0,0.3273
621.0,0.3271
622.0,0.3228
623.0,0.3175
624.0,0.3125
625.0,0.3117
626.0,0.3161
627.0,0.318
628.0,0.2772
629.0,0.3035
630.0,0.2958
631.0,0.3092
632.0,0.3069
633.0,0.319
634.0,0.3182
635.0,0.3243
636.0,0.3213
637.0,0.3276
638.0,0.3323
639.0,0.3294
640.0,0.3272
641.0,0.3278
642.0,0.3272
643.0,0.3317
644.0,0.3315
645.0,0.3316
646.0,0.3214
647.0,0.312
648.0,0.3128
649.0,0.3057
650.0,0.3145
651.0,0.3294
652.0,0.3087
653.0,0.3255
654.0,0.3224
655.0,0.3069
656.0,0.2745
657.0,0.2823
658.0,0.3187
659.0,0.322
660.0,0.3239
661.0,0.3265
662.0,0.3259
663.0,0.32
664.0,0.3257
665.0,0.3275
666.0,0.3284
667.0,0.3289
668.0,0.3299
669.0,0.3355
670.0,0.3344
671.0,0.3348
672.0,0.3322
673.0,0.3376
674.0,0.3367
675.0,0.334
676.0,0.3366
677.0,0.3336
678.0,0.3348
679.0,0.3297
680.0,0.3325
681.0,0.3304
682.0,0.3301
683.0,0.3295
684.0,0.3278
685.0,0.331
686.0,0.3286
687.0,0.1395
688.0,0.1954
689.0,0.1973
690.0,0.2192
691.0,0.2458
692.0,0.2676
693.0,0.2649
694.0,0.2651
695.0,0.2866
696.0,0.2878
697.0,0.3172
698.0,0.312
699.0,0.2963
700.0,0.2922
701.0,0.2858
702.0,0.2911
703.0,0.2927
704.0,0.307
705.0,0.3073
706.0,0.3089
707.0,0.31
708.0,0.3104
709.0,0.3144
710.0,0.3125
711.0,0.3133
712.0,0.3141
713.0,0.3093
714.0,0.311
715.0,0.2977
716.0,0.297
717.0,0.2281
718.0,0.2075
719.0,0.1879
720.0,0.1936
721.0,0.23
722.0,0.281
723.0,0.2529
724.0,0.2169
725.0,0.2102
726.0,0.2207
727.0,0.2313
728.0,0.2084
729.0,0.2262
730.0,0.2365
731.0,0.2248
732.0,0.2513
733.0,0.2756
734.0,0.2856
735.0,0.2778
736.0,0.2768
737.0,0.2782
738.0,0.2907
739.0,0.2852
740.0,0.2951
741.0,0.2936
742.0,0.2955
743.0,0.3035
744.0,0.3036
745.0,0.3045
746.0,0.3059
747.0,0.3068
748.0,0.3062
749.0,0.3028
750.0,0.3027
751.0,0.2997
752.0,0.3011
753.0,0.3028
754.0,0.3034
755.0,0.3017
756.0,0.3017
757.0,0.3021
758.0,0.2981
759.0,0.2865
760.0,0.008001
761.0,0.002706
762.0,0.07197
763.0,0.0176
764.0,0.03956
765.0,0.07174
766.0,0.115
767.0,0.1808
768.0,0.2439
769.0,0.2578
770.0,0.2769
771.0,0.2838
772.0,0.2859
773.0,0.2883
774.0,0.2872
775.0,0.2853
776.0,0.2889
777.0,0.2851
778.0,0.2833
779.0,0.2836
780.0,0.2821
781.0,0.2825
782.0,0.2843
783.0,0.2795
784.0,0.281
785.0,0.2786
786.0,0.2813
787.0,0.2722
788.0,0.2669
789.0,0.2668
790.0,0.2544
791.0,0.262
792.0,0.2609
793.0,0.2561
794.0,0.2659
795.0,0.2689
796.0,0.253
797.0,0.2525
798.0,0.2677
799.0,0.2646
800.0,0.2582
801.0,0.2555
802.0,0.2545
803.0,0.2516
804.0,0.2529
805.0,0.2544
806.0,0.2655
807.0,0.2615
808.0,0.2619
809.0,0.254
810.0,0.2502
811.0,0.247
812.0,0.2341
813.0,0.2275
814.0,0.1869
815.0,0.1869
816.0,0.1721
817.0,0.1758
818.0,0.1662
819.0,0.1969
820.0,0.1817
821.0,0.2298
822.0,0.2204
823.0,0.1247
824.0,0.2072
825.0,0.2261
826.0,0.2116
827.0,0.2292
828.0,0.1775
829.0,0.2115
830.0,0.2076
831.0,0.2083
832.0,0.1988
833.0,0.2191
834.0,0.2064
835.0,0.2394
836.0,0.2202
837.0,0.2401
838.0,0.2281
839.0,0.2368
840.0,0.2431
841.0,0.2378
842.0,0.2412
843.0,0.2443
844.0,0.2392
845.0,0.2495
846.0,0.249
847.0,0.2452
848.0,0.2423
849.0,0.2354
850.0,0.2257
851.0,0.2375
852.0,0.2366
853.0,0.2288
854.0,0.1966
855.0,0.2174
856.0,0.237
857.0,0.2432
858.0,0.241
859.0,0.2419
860.0,0.2427
861.0,0.2413
862.0,0.2453
863.0,0.2511
864.0,0.2386
865.0,0.2367
866.0,0.2128
867.0,0.2221
868.0,0.2418
869.0,0.2368
870.0,0.2436
871.0,0.2403
872.0,0.2395
873.0,0.239
874.0,0.2362
875.0,0.2314
876.0,0.2337
877.0,0.2362
878.0,0.2385
879.0,0.2349
880.0,0.2299
881.0,0.2257
882.0,0.2303
883.0,0.2318
884.0,0.2304
885.0,0.2321
886.0,0.2188
887.0,0.223
888.0,0.2253
889.0,0.2299
890.0,0.2253
891.0,0.2263
892.0,0.2164
893.0,0.2066
894.0,0.1924
895.0,0.1734
896.0,0.1613
897.0,0.1295
898.0,0.1454
899.0,0.1008
900.0,0.1549
901.0,0.1056
902.0,0.1367
903.0,0.1333
904.0,0.1906
905.0,0.1813
906.0,0.167
907.0,0.1203
908.0,0.1261
909.0,0.1419
910.0,0.1149
911.0,0.1312
912.0,0.1371
913.0,0.116
914.0,0.1174
915.0,0.1259
916.0,0.1054
917.0,0.1441
918.0,0.1071
919.0,0.1506
920.0,0.1611
921.0,0.1665
922.0,0.141
923.0,0.1619
924.0,0.1417
925.0,0.1394
926.0,0.1392
927.0,0.1635
928.0,0.09768
929.0,0.08363
930.0,0.0569
931.0,0.05358
932.0,0.03078
933.0,0.02208
934.0,0.006936
935.0,0.02476
936.0,0.01172
937.0,0.01183
938.0,0.01576
939.0,0.05166
940.0,0.06853
941.0,0.04403
942.0,0.05456
943.0,0.03037
944.0,0.03772
945.0,0.04713
946.0,0.01697
947.0,0.04534
948.0,0.03271
949.0,0.06842
950.0,0.01007
951.0,0.06794
952.0,0.0278
953.0,0.0416
954.0,0.05778
955.0,0.04288
956.0,0.04991
957.0,0.02753
958.0,0.07761
959.0,0.05234
960.0,0.05877
961.0,0.07342
962.0,0.06927
963.0,0.08665
964.0,0.07753
965.0,0.08572
966.0,0.08537
967.0,0.08381
968.0,0.1412
969.0,0.1424
970.0,0.1287
971.0,0.1602
972.0,0.1501
973.0,0.1178
974.0,0.1112
975.0,0.1191
976.0,0.1057
977.0,0.1361
978.0,0.1227
979.0,0.1319
980.0,0.1224
981.0,0.1596
982.0,0.1478
983.0,0.1394
984.0,0.1707
985.0,0.1468
986.0,0.1778
987.0,0.1703
988.0,0.1703
989.0,0.18
990.0,0.1691
991.0,0.1801
992.0,0.1816
993.0,0.1733
994.0,0.1821
995.0,0.1826
996.0,0.181
997.0,0.1816
998.0,0.1805
999.0,0.18
1000.0,0.1776
1001.0,0.1811
1002.0,0.1714
1003.0,0.1777
1004.0,0.172
1005.0,0.1675
1006.0,0.1732
1007.0,0.1773
1008.0,0.1755
1009.0,0.1736
1010.0,0.1724
1011.0,0.1765
1012.0,0.1741
1013.0,0.1763
1014.0,0.1751
1015.0,0.1738
1016.0,0.1729
1017.0,0.1732
1018.0,0.1731
1019.0,0.1676
1020.0,0.1719
1021.0,0.172
1022.0,0.17
1023.0,0.1717
1024.0,0.1676
1025.0,0.1722
1026.0,0.171
1027.0,0.1707
1028.0,0.1702
1029.0,0.168
1030.0,0.1698
1031.0,0.1689
1032.0,0.1686
1033.0,0.166
1034.0,0.1661
1035.0,0.1666
1036.0,0.1672
1037.0,0.1646
1038.0,0.1652
1039.0,0.165
1040.0,0.1643
1041.0,0.1648
1042.0,0.1636
1043.0,0.163
1044.0,0.1635
1045.0,0.1611
1046.0,0.1592
1047.0,0.1605
1048.0,0.1613
1049.0,0.1605
1050.0,0.1596
1051.0,0.1592
1052.0,0.1584
1053.0,0.1569
1054.0,0.157
1055.0,0.1568
1056.0,0.1559
1057.0,0.1552
1058.0,0.1511
1059.0,0.1509
1060.0,0.1506
1061.0,0.1502
1062.0,0.1507
1063.0,0.149
1064.0,0.1508
1065.0,0.1491
1066.0,0.1467
1067.0,0.1484
1068.0,0.1446
1069.0,0.1406
1070.0,0.1449
1071.0,0.1488
1072.0,0.1458
1073.0,0.144
1074.0,0.1495
1075.0,0.1378
1076.0,0.1492
1077.0,0.1441
1078.0,0.1401
1079.0,0.1476
1080.0,0.1419
1081.0,0.1351
1082.0,0.141
1083.0,0.1426
1084.0,0.1339
1085.0,0.1426
1086.0,0.1245
1087.0,0.1321
1088.0,0.1417
1089.0,0.1329
1090.0,0.128
1091.0,0.1401
1092.0,0.1405
1093.0,0.1082
1094.0,0.1272
1095.0,0.113
1096.0,0.1054
1097.0,0.1373
1098.0,0.1019
1099.0,0.1078
1100.0,0.09641
1101.0,0.09918
1102.0,0.09172
1103.0,0.08876
1104.0,0.08923
1105.0,0.1044
1106.0,0.06411
1107.0,0.09634
1108.0,0.07228
1109.0,0.07367
1110.0,0.09311
1111.0,0.0507
1112.0,0.07364
1113.0,0.03564
1114.0,0.04008
1115.0,0.03219
1116.0,0.02053
1117.0,0.003895
1118.0,0.0233
1119.0,0.007859
1120.0,0.009297
1121.0,0.01399
1122.0,0.003452
1123.0,0.00852
1124.0,0.00714
1125.0,0.01022
1126.0,0.001472
1127.0,0.01175
1128.0,0.004399
1129.0,0.004857
1130.0,0.002934
1131.0,0.03118
1132.0,0.02253
1133.0,0.009754
1134.0,0.001104
1135.0,0.0005011
1136.0,0.006798
1137.0,0.02879
1138.0,0.01923
1139.0,0.04053
1140.0,0.02919
1141.0,0.01845
1142.0,0.02316
1143.0,0.0384
1144.0,0.008684
1145.0,0.009322
1146.0,0.01002
1147.0,0.001603
1148.0,0.03221
1149.0,0.02259
1150.0,0.0105
1151.0,0.01912
1152.0,0.02726
1153.0,0.02974
1154.0,0.009589
1155.0,0.04217
1156.0,0.03541
1157.0,0.04568
1158.0,0.04495
1159.0,0.0509
1160.0,0.04191
1161.0,0.05907
1162.0,0.05845
1163.0,0.09383
1164.0,0.07527
1165.0,0.06579
1166.0,0.06986
1167.0,0.07855
1168.0,0.07839
1169.0,0.08148
1170.0,0.09331
1171.0,0.09096
1172.0,0.09597
1173.0,0.09323
1174.0,0.0565
1175.0,0.09425
1176.0,0.1104
1177.0,0.1012
1178.0,0.06815
1179.0,0.1112
1180.0,0.09201
1181.0,0.09515
1182.0,0.05647
1183.0,0.09511
1184.0,0.08592
1185.0,0.07997
1186.0,0.1047
1187.0,0.09649
1188.0,0.05556
1189.0,0.08948
1190.0,0.1032
1191.0,0.09132
1192.0,0.1053
1193.0,0.09865
1194.0,0.1032
1195.0,0.09306
1196.0,0.08726
1197.0,0.1049
1198.0,0.09428
1199.0,0.07116
1200.0,0.09741
1201.0,0.09047
1202.0,0.09312
1203.0,0.09019
1204.0,0.07539
1205.0,0.09764
1206.0,0.1123
1207.0,0.09141
1208.0,0.09276
1209.0,0.09501
1210.0,0.1011
1211.0,0.09323
1212.0,0.08666
1213.0,0.1059
1214.0,0.09062
1215.0,0.08853
1216.0,0.1062
1217.0,0.1017
1218.0,0.1052
1219.0,0.1027
1220.0,0.1055
1221.0,0.1078
1222.0,0.1042
1223.0,0.1024
1224.0,0.09971
1225.0,0.1066
1226.0,0.1089
1227.0,0.0954
1228.0,0.1105
1229.0,0.1089
1230.0,0.1061
1231.0,0.1124
1232.0,0.1116
1233.0,0.1034
1234.0,0.1133
1235.0,0.1118
1236.0,0.1132
1237.0,0.11
1238.0,0.1128
1239.0,0.1114
1240.0,0.112
1241.0,0.1103
1242.0,0.1111
1243.0,0.1103
1244.0,0.1107
1245.0,0.1114
1246.0,0.1108
1247.0,0.11
1248.0,0.1094
1249.0,0.1102
1250.0,0.1092
1251.0,0.1071
1252.0,0.108
1253.0,0.1055
1254.0,0.1032
1255.0,0.1075
1256.0,0.1014
1257.0,0.1002
1258.0,0.1045
1259.0,0.09601
1260.0,0.09709
1261.0,0.08602
1262.0,0.0806
1263.0,0.08061
1264.0,0.06827
1265.0,0.0802
1266.0,0.07346
1267.0,0.07732
1268.0,0.06931
1269.0,0.02375
1270.0,0.07603
1271.0,0.0865
1272.0,0.08732
1273.0,0.08576
1274.0,0.08691
1275.0,0.08916
1276.0,0.09116
1277.0,0.09329
1278.0,0.09727
1279.0,0.09633
1280.0,0.09523
1281.0,0.09194
1282.0,0.09038
1283.0,0.09696
1284.0,0.09897
1285.0,0.09994
1286.0,0.1022
1287.0,0.09887
1288.0,0.09945
1289.0,0.09272
1290.0,0.09872
1291.0,0.1008
1292.0,0.08839
1293.0,0.09738
1294.0,0.09645
1295.0,0.09372
1296.0,0.08582
1297.0,0.07868
1298.0,0.09038
1299.0,0.09803
1300.0,0.07384
1301.0,0.07753
1302.0,0.09032
1303.0,0.07365
1304.0,0.05498
1305.0,0.08805
1306.0,0.08696
1307.0,0.05901
1308.0,0.07515
1309.0,0.0847
1310.0,0.05703
1311.0,0.07013
1312.0,0.06734
1313.0,0.06376
1314.0,0.05411
1315.0,0.05182
1316.0,0.06747
1317.0,0.06263
1318.0,0.07159
1319.0,0.04666
1320.0,0.04681
1321.0,0.05796
1322.0,0.05671
1323.0,0.03547
1324.0,0.04621
1325.0,0.0652
1326.0,0.05149
1327.0,0.04773
1328.0,0.03851
1329.0,0.02304
1330.0,0.03329
1331.0,0.01444
1332.0,0.01628
1333.0,0.02369
1334.0,0.02419
1335.0,0.0345
1336.0,0.02378
1337.0,0.02047
1338.0,0.02167
1339.0,0.02222
1340.0,0.02334
1341.0,0.01865
1342.0,0.02021
1343.0,0.008425
1344.0,0.005543
1345.0,0.00741
1346.0,0.001748
1347.0,0.001506
1348.0,2.508e-05
1349.0,0.0001164
1350.0,0.0001432
1351.0,1.113e-05
1352.0,1.191e-06
1353.0,5.238e-08
1354.0,2.07e-07
1355.0,1.371e-09
1356.0,2.542e-08
1357.0,3.85e-08
1358.0,1.611e-09
1359.0,2.017e-10
1360.0,7.301e-10
1361.0,8.15e-13
1362.0,2.229e-15
1363.0,9.799e-10
1364.0,4.047e-10
1365.0,7.783e-16
1366.0,4.248e-09
1367.0,1.738e-09
1368.0,6.01e-18
1369.0,1.491e-10
1370.0,7.34e-11
1371.0,4.16e-12
1372.0,9.431e-10
1373.0,1.93e-08
1374.0,9.428e-08
1375.0,1.655e-07
1376.0,1.809e-07
1377.0,7.983e-08
1378.0,7.687e-07
1379.0,3.43e-08
1380.0,4.244e-08
1381.0,1.09e-09
1382.0,8.256e-10
1383.0,1.233e-11
1384.0,1.615e-10
1385.0,7.829e-10
1386.0,7.267e-10
1387.0,8.937e-08
1388.0,1.845e-09
1389.0,3.332e-07
1390.0,2.779e-07
1391.0,1.861e-07
1392.0,1.229e-08
1393.0,6.999e-08
1394.0,3.035e-08
1395.0,2.211e-10
1396.0,1.061e-12
1397.0,2.587e-08
1398.0,7.867e-07
1399.0,5.108e-07
1400.0,4.536e-13
1401.0,1.882e-12
1402.0,3.839e-06
1403.0,3.435e-06
1404.0,8.763e-07
1405.0,1.042e-10
1406.0,1.626e-06
1407.0,2.713e-07
1408.0,1.408e-06
1409.0,3.626e-07
1410.0,4.032e-07
1411.0,3.225e-06
1412.0,6.406e-06
1413.0,0.0001672
1414.0,3.461e-07
1415.0,1.399e-07
1416.0,0.0007896
1417.0,0.0001251
1418.0,8.091e-05
1419.0,1.089e-05
1420.0,4.848e-05
1421.0,8.408e-05
1422.0,0.001021
1423.0,0.0001797
1424.0,0.0004311
1425.0,0.0004651
1426.0,0.0008347
1427.0,0.002055
1428.0,1.909e-05
1429.0,0.00112
1430.0,0.003184
1431.0,0.003822
1432.0,1.458e-05
1433.0,0.002022
1434.0,0.0008474
1435.0,0.0003981
1436.0,0.001415
1437.0,0.00112
1438.0,0.0003161
1439.0,0.002156
1440.0,0.001796
1441.0,0.0008822
1442.0,0.0008384
1443.0,0.0017
1444.0,0.003175
1445.0,0.001635
1446.0,0.0005166
1447.0,0.001076
1448.0,0.009447
1449.0,0.007457
1450.0,0.0009018
1451.0,0.0002761
1452.0,0.003186
1453.0,0.004636
1454.0,0.01378
1455.0,0.00433
1456.0,0.005458
1457.0,0.009895
1458.0,0.01551
1459.0,0.01823
1460.0,0.007522
1461.0,0.005964
1462.0,0.01234
1463.0,0.002527
1464.0,0.01773
1465.0,0.009801
1466.0,0.003331
1467.0,0.001223
1468.0,0.004658
1469.0,0.007219
1470.0,0.001501
1471.0,0.0005812
1472.0,0.001395
1473.0,0.003743
1474.0,0.008868
1475.0,0.02347
1476.0,0.004613
1477.0,0.004007
1478.0,0.00519
1479.0,0.01241
1480.0,0.003462
1481.0,0.01074
1482.0,0.004388
1483.0,0.01671
1484.0,0.01753
1485.0,0.01438
1486.0,0.01215
1487.0,0.003429
1488.0,0.01004
1489.0,0.02764
1490.0,0.02692
1491.0,0.03309
1492.0,0.02091
1493.0,0.02636
1494.0,0.03456
1495.0,0.02903
1496.0,0.02592
1497.0,0.04629
1498.0,0.03295
1499.0,0.04071
1500.0,0.05313
1501.0,0.05445
1502.0,0.04559
1503.0,0.03397
1504.0,0.024
1505.0,0.03286
1506.0,0.05735
1507.0,0.05382
1508.0,0.05138
1509.0,0.03283
1510.0,0.06097
1511.0,0.05637
1512.0,0.05838
1513.0,0.04825
1514.0,0.04327
1515.0,0.06071
1516.0,0.05703
1517.0,0.05321
1518.0,0.05411
1519.0,0.05095
1520.0,0.05756
1521.0,0.06714
1522.0,0.06023
1523.0,0.06848
1524.0,0.06452
1525.0,0.05849
1526.0,0.05997
1527.0,0.06023
1528.0,0.06772
1529.0,0.06299
1530.0,0.06054
1531.0,0.06296
1532.0,0.06839
1533.0,0.06892
1534.0,0.06727
1535.0,0.06603
1536.0,0.06817
1537.0,0.06597
1538.0,0.06791
1539.0,0.06617
1540.0,0.06715
1541.0,0.06741
1542.0,0.06599
1543.0,0.06793
1544.0,0.0664
1545.0,0.06871
1546.0,0.067
1547.0,0.06655
1548.0,0.06657
1549.0,0.06745
1550.0,0.06682
1551.0,0.06717
1552.0,0.06612
1553.0,0.06644
1554.0,0.06567
1555.0,0.06607
1556.0,0.06594
1557.0,0.06683
1558.0,0.06644
1559.0,0.06597
1560.0,0.0664
1561.0,0.06688
1562.0,0.06572
1563.0,0.06533
1564.0,0.06555
1565.0,0.06596
1566.0,0.06492
1567.0,0.06515
1568.0,0.06434
1569.0,0.06498
1570.0,0.06548
1571.0,0.06591
1572.0,0.06546
1573.0,0.06488
1574.0,0.06242
1575.0,0.06155
1576.0,0.06023
1577.0,0.05858
1578.0,0.06128
1579.0,0.06136
1580.0,0.06209
1581.0,0.0612
1582.0,0.0601
1583.0,0.06021
1584.0,0.06207
1585.0,0.06292
1586.0,0.06197
1587.0,0.06102
1588.0,0.05987
1589.0,0.05807
1590.0,0.05916
1591.0,0.06072
1592.0,0.06212
1593.0,0.06352
1594.0,0.06313
1595.0,0.06253
1596.0,0.06056
1597.0,0.06174
1598.0,0.06311
1599.0,0.06242
1600.0,0.06215
1601.0,0.06111
1602.0,0.06108
1603.0,0.06207
1604.0,0.06156
1605.0,0.06158
1606.0,0.06086
1607.0,0.06142
1608.0,0.06106
1609.0,0.05966
1610.0,0.05841
1611.0,0.05937
1612.0,0.06022
1613.0,0.06007
1614.0,0.06021
1615.0,0.05893
1616.0,0.05797
1617.0,0.05887
1618.0,0.06015
1619.0,0.05866
1620.0,0.05782
1621.0,0.05837
1622.0,0.05928
1623.0,0.06019
1624.0,0.05928
1625.0,0.05907
1626.0,0.05913
1627.0,0.05969
1628.0,0.05934
1629.0,0.059
1630.0,0.05854
1631.0,0.05779
1632.0,0.05788
1633.0,0.05526
1634.0,0.05758
1635.0,0.05558
1636.0,0.0559
1637.0,0.05566
1638.0,0.0504
1639.0,0.05437
1640.0,0.04957
1641.0,0.05371
1642.0,0.05529
1643.0,0.04882
1644.0,0.05545
1645.0,0.05186
1646.0,0.04884
1647.0,0.05623
1648.0,0.04883
1649.0,0.05414
1650.0,0.0548
1651.0,0.04693
1652.0,0.05362
1653.0,0.05468
1654.0,0.0489
1655.0,0.05469
1656.0,0.0526
1657.0,0.05354
1658.0,0.05522
1659.0,0.05456
1660.0,0.05508
1661.0,0.05455
1662.0,0.05202
1663.0,0.0548
1664.0,0.05395
1665.0,0.04826
1666.0,0.03167
1667.0,0.04782
1668.0,0.05219
1669.0,0.05235
1670.0,0.05396
1671.0,0.05186
1672.0,0.05173
1673.0,0.05319
1674.0,0.05091
1675.0,0.05039
1676.0,0.05119
1677.0,0.05063
1678.0,0.0481
1679.0,0.05116
1680.0,0.0488
1681.0,0.04615
1682.0,0.05024
1683.0,0.05132
1684.0,0.04348
1685.0,0.05189
1686.0,0.05169
1687.0,0.04791
1688.0,0.05113
1689.0,0.05063
1690.0,0.04998
1691.0,0.04171
1692.0,0.04936
1693.0,0.05199
1694.0,0.04826
1695.0,0.05108
1696.0,0.05135
1697.0,0.03696
1698.0,0.05044
1699.0,0.04977
1700.0,0.0475
1702.0,0.04931
1705.0,0.04657
1710.0,0.04344
1715.0,0.04392
1720.0,0.04387
1725.0,0.03898
1730.0,0.03899
1735.0,0.03638
1740.0,0.03647
1745.0,0.03382
1750.0,0.03644
1755.0,0.03245
1760.0,0.03439
1765.0,0.02576
1770.0,0.02739
1775.0,0.01958
1780.0,0.01537
1785.0,0.009639
1790.0,0.01178
1795.0,0.002626
1800.0,0.002344
1805.0,0.0002298
1810.0,0.0002367
1815.0,8.507e-06
1820.0,7.85e-07
1825.0,1.129e-06
1830.0,7.074e-10
1835.0,1.548e-09
1840.0,5.94e-12
1845.0,6.317e-10
1850.0,2.849e-10
1855.0,2.743e-11
1860.0,1.983e-09
1865.0,2.373e-09
1870.0,1.188e-14
1875.0,2.147e-14
1880.0,1.762e-08
1885.0,8.318e-09
1890.0,4.372e-08
1895.0,3.379e-08
1900.0,8.494e-11
1905.0,5.902e-11
1910.0,3.043e-09
1915.0,4.203e-09
1920.0,1.343e-07
1925.0,7.774e-07
1930.0,6.781e-07
1935.0,2.04e-05
1940.0,4.975e-05
1945.0,0.0003384
1950.0,0.001311
1955.0,0.0007495
1960.0,0.002815
1965.0,0.00604
1970.0,0.01066
1975.0,0.01284
1980.0,0.01354
1985.0,0.01549
1990.0,0.01615
1995.0,0.01792
2000.0,0.01975
2005.0,0.01493
2010.0,0.02674
2015.0,0.01799
2020.0,0.02034
2025.0,0.02403
2030.0,0.02078
2035.0,0.02489
2040.0,0.02263
2045.0,0.0238
2050.0,0.02514
2055.0,0.02331
2060.0,0.02222
2065.0,0.02314
2070.0,0.02268
2075.0,0.02407
2080.0,0.02341
2085.0,0.02329
2090.0,0.02383
2095.0,0.02293
2100.0,0.02038
2105.0,0.02318
2110.0,0.0216
2115.0,0.02282
2120.0,0.02065
2125.0,0.02135
2130.0,0.02204
2135.0,0.02232
2140.0,0.02267
2145.0,0.02241
2150.0,0.01993
2155.0,0.01999
2160.0,0.02003
2165.0,0.01803
2170.0,0.01968
2175.0,0.01854
2180.0,0.01966
2185.0,0.01659
2190.0,0.01872
2195.0,0.01841
2200.0,0.01441
2205.0,0.01647
2210.0,0.01926
2215.0,0.01775
2220.0,0.01847
2225.0,0.01769
2230.0,0.01786
2235.0,0.01717
2240.0,0.01696
2245.0,0.01568
2250.0,0.01668
2255.0,0.01453
2260.0,0.01417
2265.0,0.01518
2270.0,0.01333
2275.0,0.013
2280.0,0.01472
2285.0,0.01281
2290.0,0.01291
2295.0,0.01247
2300.0,0.01107
2305.0,0.01134
2310.0,0.01423
2315.0,0.01125
2320.0,0.008758
2325.0,0.01167
2330.0,0.01118
2335.0,0.01189
2340.0,0.007346
2345.0,0.009007
2350.0,0.006293
2355.0,0.007961
2360.0,0.009045
2365.0,0.00941
2370.0,0.00317
2375.0,0.007179
2380.0,0.00704
2385.0,0.004038
2390.0,0.005447
2395.0,0.006283
2400.0,0.007306
2405.0,0.004977
2410.0,0.004941
2415.0,0.003152
2420.0,0.003229
2425.0,0.004449
2430.0,0.007184
2435.0,0.001223
2440.0,0.00725
2445.0,0.002071
2450.0,0.0009831
2455.0,0.002947
2460.0,0.004186
2465.0,0.002268
2470.0,0.001005
2475.0,0.0009554
2480.0,0.0003325
2485.0,0.0001022
2490.0,2.988e-05
2495.0,2.692e-05
2500.0,0.0001577
2505.0,2.693e-05
2510.0,4.353e-05
2515.0,4.138e-06
2520.0,1.321e-07
2525.0,3.761e-08
2530.0,1.688e-11
2535.0,3.711e-12
2540.0,8.811e-12
2545.0,6.825e-16
2550.0,2.767e-18
2555.0,1.328e-14
2560.0,3.986e-16
2565.0,8.923e-20
2570.0,2.657e-24
2575.0,1.681e-34
2580.0,1.7520000000000001e-28
2585.0,3.663e-42
2590.0,2.285e-38
2595.0,4.446e-40
2600.0,3.661e-35
2605.0,4.046e-42
2610.0,1.392e-41
2615.0,1.4009999999999999e-45
2620.0,1.227e-35
2625.0,2.2470000000000001e-35
2630.0,0.0
2635.0,1.17e-21
2640.0,2.533e-22
2645.0,1.104e-24
2650.0,1.1e-25
2655.0,1.323e-34
2660.0,1.114e-31
2665.0,1.121e-44
2670.0,0.0
2675.0,5.325e-44
2680.0,2.258e-30
2685.0,2.157e-31
2690.0,8.070000000000001e-31
2695.0,3.1659999999999996e-33
2700.0,9.222e-29
2705.0,2.615e-26
2710.0,2.082e-31
2715.0,2.63e-29
2720.0,0.0
2725.0,5.888e-27
2730.0,1.716e-24
2735.0,1.9570000000000003e-26
2740.0,3.536e-32
2745.0,4.559e-27
2750.0,2.5550000000000002e-26
2755.0,4.111e-28
2760.0,6.159e-23
2765.0,2.8909999999999997e-29
2770.0,1.4210000000000002e-26
2775.0,1.7539999999999998e-23
2780.0,8.165e-21
2785.0,3.065e-20
2790.0,6.989e-18
2795.0,1.538e-18
2800.0,4.932e-15
2805.0,9.182e-17
2810.0,3.683e-13
2815.0,1.098e-13
2820.0,1.342e-15
2825.0,1.201e-11
2830.0,3.268e-10
2835.0,3.524e-15
2840.0,8.372e-12
2845.0,1.108e-08
2850.0,4.796e-11
2855.0,8.366e-11
2860.0,3.902e-09
2865.0,6.044e-08
2870.0,2.898e-10
2875.0,4.503e-07
2880.0,8.944e-07
2885.0,4.873e-07
2890.0,7.043e-07
2895.0,4.134e-05
2900.0,5.014e-06
2905.0,2.293e-07
2910.0,5.36e-05
2915.0,1.293e-05
2920.0,5.36e-05
2925.0,1.934e-05
2930.0,0.0002418
2935.0,0.0002658
2940.0,3.315e-05
2945.0,1.361e-05
2950.0,0.0001746
2955.0,8.626e-05
2960.0,0.0002137
2965.0,0.0005079
2970.0,3.384e-06
2975.0,1.876e-05
2980.0,2.867e-05
2985.0,0.0004741
2990.0,0.001079
2995.0,0.0001714
3000.0,0.0005481
3005.0,0.0001077
3010.0,0.0005275
3015.0,0.000305
3020.0,2.653e-06
3025.0,0.0005413
3030.0,0.0003876
3035.0,7.729e-05
3040.0,6.379e-05
3045.0,0.0001519
3050.0,2.175e-05
3055.0,2.155e-06
3060.0,0.0004328
3065.0,9.869e-05
3070.0,3.244e-05
3075.0,0.0003818
3080.0,0.0001672
3085.0,3.472e-05
3090.0,5.59e-05
3095.0,5.927e-06
3100.0,0.0002317
3105.0,2.169e-05
3110.0,5.162e-06
3115.0,5.032e-05
3120.0,0.0008827
3125.0,0.0001951
3130.0,0.0004993
3135.0,0.001192
3140.0,0.000161
3145.0,0.0001696
3150.0,0.0005388
3155.0,0.0004572
3160.0,0.0008862
3165.0,0.00202
3170.0,0.001799
3175.0,0.0008941
3180.0,0.001361
3185.0,0.0005032
3190.0,0.0002821
3195.0,5.064e-05
3200.0,1.695e-06
3205.0,5.664e-07
3210.0,2.683e-07
3215.0,3.362e-06
3220.0,1.7e-05
3225.0,1.643e-06
3230.0,2.102e-06
3235.0,0.0005049
3240.0,9.354e-05
3245.0,1.808e-05
3250.0,8.524e-05
3255.0,0.0009185
3260.0,2.115e-05
3265.0,6.593e-05
3270.0,1.352e-05
3275.0,0.0003566
3280.0,9.667e-05
3285.0,0.001318
3290.0,0.0007111
3295.0,3.826e-05
3300.0,5.454e-05
3305.0,0.0001761
3310.0,0.0001368
3315.0,2.277e-10
3320.0,3.229e-08
3325.0,8.725e-05
3330.0,0.0004427
3335.0,0.0008839
3340.0,0.0002733
3345.0,0.0001694
3350.0,0.0009319
3355.0,0.0001788
3360.0,0.0004261
3365.0,0.0008495
3370.0,0.0001617
3375.0,0.001147
3380.0,0.000281
3385.0,0.0008835
3390.0,0.001186
3395.0,0.001305
3400.0,0.002361
3405.0,0.0002217
3410.0,0.0009225
3415.0,0.0006159
3420.0,0.002716
3425.0,0.0013
3430.0,0.0008996
3435.0,0.002237
3440.0,0.0007775
3445.0,0.001977
3450.0,0.001828
3455.0,0.001005
3460.0,0.002574
3465.0,0.001311
3470.0,0.002528
3475.0,0.001831
3480.0,0.001938
3485.0,0.002396
3490.0,0.001629
3495.0,0.002505
3500.0,0.00237
3505.0,0.002338
3510.0,0.002434
3515.0,0.002217
3520.0,0.002571
3525.0,0.00228
3530.0,0.002129
3535.0,0.001419
3540.0,0.001287
3545.0,0.001437
3550.0,0.001958
3555.0,0.001415
3560.0,0.002102
3565.0,0.002064
3570.0,0.001279
3575.0,0.001235
3580.0,0.001911
3585.0,0.001474
3590.0,0.001657
3595.0,0.001859
3600.0,0.00209
3605.0,0.001978
3610.0,0.001692
3615.0,0.001845
3620.0,0.002663
3625.0,0.001973
3630.0,0.00198
3635.0,0.002089
3640.0,0.002646
3645.0,0.002133
3650.0,0.002018
3655.0,0.002407
3660.0,0.002414
3665.0,0.002021
3670.0,0.001317
3675.0,0.0004675
3680.0,0.001329
3685.0,0.001741
3690.0,0.001841
3695.0,0.002118
3700.0,0.00253
3705.0,0.002448
3710.0,0.00184
3715.0,0.001852
3720.0,0.002339
3725.0,0.002461
3730.0,0.001894
3735.0,0.001607
3740.0,0.00174
3745.0,0.002329
3750.0,0.001969
3755.0,0.00186
3760.0,0.001729
3765.0,0.001675
3770.0,0.001945
3775.0,0.001914
3780.0,0.002124
3785.0,0.001758
3790.0,0.001429
3795.0,0.001872
3800.0,0.002311
3805.0,0.002057
3810.0,0.001582
3815.0,0.001459
3820.0,0.00225
3825.0,0.00216
3830.0,0.002248
3835.0,0.001383
3840.0,0.001948
3845.0,0.001839
3850.0,0.001865
3855.0,0.001716
3860.0,0.001446
3865.0,0.00148
3870.0,0.001169
3875.0,0.0009249
3880.0,0.0008506
3885.0,0.0009409
3890.0,0.0009792
3895.0,0.001244
3900.0,0.001463
3905.0,0.001464
3910.0,0.001115
3915.0,0.001055
3920.0,0.001062
3925.0,0.001026
3930.0,0.001123
3935.0,0.001258
3940.0,0.001305
3945.0,0.001378
3950.0,0.00145
3955.0,0.001501
3960.0,0.001543
3965.0,0.00158
3970.0,0.001548
3975.0,0.001462
3980.0,0.001422
3985.0,0.001452
3990.0,0.001417
3995.0,0.001354
4000.0,0.001272
