interpolation:linear
wavelength,value
280.0,4.079e-21
280.5,1.265e-19
281.0,6.656e-19
281.5,4.435e-19
282.0,1.216e-18
282.5,3.163e-18
283.0,1.015e-17
283.5,1.657e-17
284.0,2.659e-16
284.5,7.635e-16
285.0,1.668e-15
285.5,8.254e-15
286.0,3.314e-14
286.5,1.467e-13
287.0,4.155e-13
287.5,1.571e-12
288.0,4.07e-12
288.5,1.382e-11
289.0,3.993e-11
289.5,1.283e-10
290.0,3.702e-10
290.5,7.757e-10
291.0,1.71e-09
291.5,5.357e-09
292.0,1.171e-08
292.5,1.788e-08
293.0,4.275e-08
293.5,1.209e-07
294.0,2.109e-07
294.5,2.738e-07
295.0,5.172e-07
295.5,1.398e-06
296.0,2.801e-06
296.5,4.08e-06
297.0,5.722e-06
297.5,1.625e-05
298.0,2.699e-05
298.5,2.834e-05
299.0,6.529e-05
299.5,0.0001175
300.0,0.0001357
300.5,0.0002074
301.0,0.0004132
301.5,0.000731
302.0,0.0006665
302.5,0.001308
303.0,0.002363
303.5,0.002985
304.0,0.00281
304.5,0.004209
305.0,0.006407
305.5,0.007352
306.0,0.007122
306.5,0.008876
307.0,0.01318
307.5,0.01753
308.0,0.01852
308.5,0.02187
309.0,0.02149
309.5,0.02455
310.0,0.02464
310.5,0.0399
311.0,0.05006
311.5,0.04831
312.0,0.04822
312.5,0.0586
313.0,0.06352
313.5,0.06174
314.0,0.07706
314.5,0.06816
315.0,0.08954
315.5,0.07502
316.0,0.06538
316.5,0.09369
317.0,0.1163
317.5,0.1212
318.0,0.0944
318.5,0.1168
319.0,0.1385
319.5,0.1132
320.0,0.1368
320.5,0.1707
321.0,0.1515
321.5,0.1452
322.0,0.1554
322.5,0.1352
323.0,0.1343
323.5,0.1647
324.0,0.1922
324.5,0.1954
325.0,0.169
325.5,0.2169
326.0,0.2652
326.5,0.2651
327.0,0.2645
327.5,0.2557
328.0,0.2282
328.5,0.2392
329.0,0.2859
329.5,0.3243
330.0,0.3274
330.5,0.2625
331.0,0.2677
331.5,0.2718
332.0,0.2931
332.5,0.2897
333.0,0.2891
333.5,0.262
334.0,0.2686
334.5,0.3094
335.0,0.2905
335.5,0.3394
336.0,0.2349
336.5,0.2752
337.0,0.226
337.5,0.2812
338.0,0.2743
338.5,0.3166
339.0,0.3134
339.5,0.3016
340.0,0.3545
340.5,0.3196
341.0,0.3117
341.5,0.2862
342.0,0.3422
342.5,0.3202
343.0,0.3522
343.5,0.3317
344.0,0.2452
344.5,0.2477
345.0,0.3279
345.5,0.3348
346.0,0.2846
346.5,0.3224
347.0,0.3461
347.5,0.2799
348.0,0.3192
348.5,0.3191
349.0,0.2961
349.5,0.2933
350.0,0.3628
350.5,0.3828
351.0,0.342
351.5,0.3324
352.0,0.3572
352.5,0.2788
353.0,0.3512
353.5,0.3757
354.0,0.3901
354.5,0.3956
355.0,0.3944
355.5,0.3564
356.0,0.373
356.5,0.3185
357.0,0.2632
357.5,0.3223
358.0,0.2555
358.5,0.2184
359.0,0.3055
359.5,0.3894
360.0,0.4128
360.5,0.33
361.0,0.3009
361.5,0.3466
362.0,0.2999
362.5,0.4151
363.0,0.373
363.5,0.3437
364.0,0.4204
364.5,0.3594
365.0,0.3662
365.5,0.4597
366.0,0.4872
366.5,0.4579
367.0,0.446
367.5,0.4629
368.0,0.4052
368.5,0.409
369.0,0.4418
369.5,0.471
370.0,0.5023
370.5,0.3899
371.0,0.4167
371.5,0.5215
372.0,0.3462
372.5,0.4152
373.0,0.4225
373.5,0.275
374.0,0.3996
374.5,0.331
375.0,0.3219
375.5,0.4806
376.0,0.3985
376.5,0.4131
377.0,0.4374
377.5,0.5119
378.0,0.555
378.5,0.5247
379.0,0.4331
379.5,0.3956
380.0,0.4114
380.5,0.4985
381.0,0.4997
381.5,0.3962
382.0,0.352
382.5,0.3002
383.0,0.278
383.5,0.2678
384.0,0.2955
384.5,0.4347
385.0,0.4312
385.5,0.4017
386.0,0.3441
386.5,0.4522
387.0,0.3758
387.5,0.4222
388.0,0.3899
388.5,0.3855
389.0,0.4162
389.5,0.5042
390.0,0.5062
390.5,0.4659
391.0,0.5486
391.5,0.5597
392.0,0.4715
392.5,0.4222
393.0,0.235
393.5,0.1709
394.0,0.3478
394.5,0.4423
395.0,0.5398
395.5,0.5484
396.0,0.4756
396.5,0.2781
397.0,0.2087
397.5,0.4246
398.0,0.5947
398.5,0.6148
399.0,0.666
399.5,0.6639
400.0,0.6895
401.0,0.6992
402.0,0.738
403.0,0.7014
404.0,0.6908
405.0,0.6909
406.0,0.68
407.0,0.6693
408.0,0.6956
409.0,0.7448
410.0,0.651
411.0,0.7054
412.0,0.758
413.0,0.7393
414.0,0.7487
415.0,0.7509
416.0,0.7643
417.0,0.7457
418.0,0.7322
419.0,0.742
420.0,0.7389
421.0,0.7733
422.0,0.7352
423.0,0.7183
424.0,0.7599
425.0,0.7587
426.0,0.7393
427.0,0.7257
428.0,0.7071
429.0,0.67
430.0,0.5865
431.0,0.5814
432.0,0.7509
433.0,0.7552
434.0,0.7013
435.0,0.7326
436.0,0.8257
437.0,0.8148
438.0,0.7421
439.0,0.7675
440.0,0.7922
441.0,0.8211
442.0,0.8807
443.0,0.8579
444.0,0.8767
445.0,0.8578
446.0,0.8189
447.0,0.8855
448.0,0.8993
449.0,0.9031
450.0,0.9285
451.0,0.9631
452.0,0.9281
453.0,0.873
454.0,0.9116
455.0,0.9173
456.0,0.9392
457.0,0.9549
458.0,0.9223
459.0,0.9176
460.0,0.9201
461.0,0.9414
462.0,0.9488
463.0,0.9423
464.0,0.9269
465.0,0.9154
466.0,0.9244
467.0,0.9076
468.0,0.9183
469.0,0.9231
470.0,0.8937
471.0,0.8926
472.0,0.9406
473.0,0.9284
474.0,0.9297
475.0,0.9376
476.0,0.9094
477.0,0.9119
478.0,0.9373
479.0,0.9317
480.0,0.9336
481.0,0.9511
482.0,0.9562
483.0,0.9448
484.0,0.9256
485.0,0.8819
486.0,0.7711
487.0,0.8082
488.0,0.8867
489.0,0.8894
490.0,0.9358
491.0,0.9197
492.0,0.8686
493.0,0.8971
494.0,0.9061
495.0,0.9138
496.0,0.9195
497.0,0.9337
498.0,0.8901
499.0,0.9014
500.0,0.8751
501.0,0.859
502.0,0.8468
503.0,0.8811
504.0,0.8583
505.0,0.8894
506.0,0.9181
507.0,0.8737
508.0,0.8466
509.0,0.8705
510.0,0.866
511.0,0.8893
512.0,0.899
513.0,0.8509
514.0,0.8451
515.0,0.8367
516.0,0.8347
517.0,0.7417
518.0,0.7798
519.0,0.8179
520.0,0.8476
521.0,0.8556
522.0,0.8564
523.0,0.8409
524.0,0.8709
525.0,0.8811
526.0,0.8416
527.0,0.793
528.0,0.8386
529.0,0.8839
530.0,0.8712
531.0,0.884
532.0,0.8537
533.0,0.8286
534.0,0.8532
535.0,0.8719
536.0,0.8799
537.0,0.8453
538.0,0.8602
539.0,0.853
540.0,0.8178
541.0,0.8231
542.0,0.8488
543.0,0.84
544.0,0.8544
545.0,0.8518
546.0,0.8554
547.0,0.8551
548.0,0.845
549.0,0.8476
550.0,0.8577
551.0,0.8473
552.0,0.8532
553.0,0.8379
554.0,0.8579
555.0,0.8596
556.0,0.8484
557.0,0.822
558.0,0.8157
559.0,0.8004
560.0,0.8104
561.0,0.8208
562.0,0.8147
563.0,0.8369
564.0,0.814
565.0,0.8069
566.0,0.795
567.0,0.8099
568.0,0.8024
569.0,0.7828
570.0,0.7827
571.0,0.7781
572.0,0.7964
573.0,0.8049
574.0,0.8023
575.0,0.7871
576.0,0.78
577.0,0.7885
578.0,0.7768
579.0,0.7802
580.0,0.7954
581.0,0.7998
582.0,0.8152
583.0,0.8174
584.0,0.8247
585.0,0.8046
586.0,0.7881
587.0,0.8052
588.0,0.7849
589.0,0.694
590.0,0.7259
591.0,0.769
592.0,0.7588
593.0,0.7706
594.0,0.765
595.0,0.7457
596.0,0.7762
597.0,0.7675
598.0,0.7658
599.0,0.7667
600.0,0.7681
601.0,0.762
602.0,0.7569
603.0,0.7695
604.0,0.7823
605.0,0.7783
606.0,0.7752
607.0,0.7831
608.0,0.7745
609.0,0.776
610.0,0.7705
611.0,0.7746
612.0,0.7724
613.0,0.7628
614.0,0.7525
615.0,0.7689
616.0,0.7437
617.0,0.7422
618.0,0.7709
619.0,0.7631
620.0,0.7679
621.0,0.7686
622.0,0.7595
623.0,0.7478
624.0,0.7351
625.0,0.7334
626.0,0.7443
627.0,0.7523
628.0,0.6995
629.0,0.7335
630.0,0.7165
631.0,0.7337
632.0,0.7251
633.0,0.7476
634.0,0.7407
635.0,0.7524
636.0,0.7426
637.0,0.7549
638.0,0.7624
639.0,0.754
640.0,0.7468
641.0,0.7465
642.0,0.7432
643.0,0.7532
644.0,0.7509
645.0,0.7521
646.0,0.7341
647.0,0.7246
648.0,0.7252
649.0,0.7111
650.0,0.7156
651.0,0.7469
652.0,0.7146
653.0,0.737
654.0,0.7289
655.0,0.7012
656.0,0.6218
657.0,0.6386
658.0,0.716
659.0,0.7213
660.0,0.7244
661.0,0.7295
662.0,0.7308
663.0,0.7164
664.0,0.7252
665.0,0.7261
666.0,0.7267
667.0,0.7262
668.0,0.7266
669.0,0.7379
670.0,0.7348
671.0,0.7347
672.0,0.7284
673.0,0.7395
674.0,0.7368
675.0,0.7301
676.0,0.7352
677.0,0.7279
678.0,0.73
679.0,0.7183
680.0,0.724
681.0,0.7193
682.0,0.7184
683.0,0.717
684.0,0.7134
685.0,0.7196
686.0,0.7152
687.0,0.4612
688.0,0.5469
689.0,0.5491
690.0,0.5781
691.0,0.611
692.0,0.6352
693.0,0.6298
694.0,0.6247
695.0,0.6522
696.0,0.6531
697.0,0.6952
698.0,0.6844
699.0,0.6666
700.0,0.6585
701.0,0.6514
702.0,0.6564
703.0,0.6577
704.0,0.6795
705.0,0.6806
706.0,0.6803
707.0,0.6809
708.0,0.6823
709.0,0.6838
710.0,0.6836
711.0,0.6828
712.0,0.681
713.0,0.6739
714.0,0.6765
715.0,0.6546
716.0,0.6548
717.0,0.563
718.0,0.5164
719.0,0.4725
720.0,0.4946
721.0,0.549
722.0,0.6313
723.0,0.5861
724.0,0.5261
725.0,0.5169
726.0,0.5414
727.0,0.5504
728.0,0.5154
729.0,0.5365
730.0,0.5676
731.0,0.5425
732.0,0.5822
733.0,0.6181
734.0,0.6333
735.0,0.6199
736.0,0.6191
737.0,0.6215
738.0,0.6323
739.0,0.6199
740.0,0.6364
741.0,0.6303
742.0,0.6312
743.0,0.6473
744.0,0.6456
745.0,0.6458
746.0,0.6488
747.0,0.6502
748.0,0.6489
749.0,0.6415
750.0,0.6411
751.0,0.6346
752.0,0.6374
753.0,0.6406
754.0,0.6421
755.0,0.6384
756.0,0.6382
757.0,0.6391
758.0,0.6311
759.0,0.6175
760.0,0.08968
761.0,0.04473
762.0,0.3005
763.0,0.1418
764.0,0.2203
765.0,0.3004
766.0,0.3761
767.0,0.4822
768.0,0.5627
769.0,0.5759
770.0,0.5971
771.0,0.6027
772.0,0.6042
773.0,0.6084
774.0,0.6055
775.0,0.601
776.0,0.6083
777.0,0.6003
778.0,0.5966
779.0,0.5971
780.0,0.5938
781.0,0.5944
782.0,0.5982
783.0,0.5878
784.0,0.5906
785.0,0.5862
786.0,0.5926
787.0,0.5816
788.0,0.5741
789.0,0.5738
790.0,0.5576
791.0,0.5633
792.0,0.5593
793.0,0.5502
794.0,0.5605
795.0,0.5697
796.0,0.551
797.0,0.5516
798.0,0.5689
799.0,0.565
800.0,0.5549
801.0,0.5529
802.0,0.5513
803.0,0.547
804.0,0.5479
805.0,0.5465
806.0,0.5625
807.0,0.5555
808.0,0.5561
809.0,0.5452
810.0,0.5404
811.0,0.5405
812.0,0.5242
813.0,0.5128
814.0,0.4484
815.0,0.4458
816.0,0.4145
817.0,0.4224
818.0,0.406
819.0,0.4563
820.0,0.4288
821.0,0.5046
822.0,0.4896
823.0,0.3277
824.0,0.4741
825.0,0.4957
826.0,0.4759
827.0,0.5033
828.0,0.4235
829.0,0.4732
830.0,0.4667
831.0,0.4684
832.0,0.4534
833.0,0.484
834.0,0.4658
835.0,0.5141
836.0,0.4906
837.0,0.5156
838.0,0.4988
839.0,0.508
840.0,0.5193
841.0,0.5116
842.0,0.5132
843.0,0.5135
844.0,0.506
845.0,0.5235
846.0,0.5213
847.0,0.5118
848.0,0.5083
849.0,0.4939
850.0,0.4732
851.0,0.5008
852.0,0.4974
853.0,0.479
854.0,0.4134
855.0,0.4544
856.0,0.4965
857.0,0.5077
858.0,0.5039
859.0,0.5044
860.0,0.5054
861.0,0.5026
862.0,0.5106
863.0,0.5226
864.0,0.4965
865.0,0.4922
866.0,0.4426
867.0,0.4619
868.0,0.5026
869.0,0.4922
870.0,0.5062
871.0,0.4993
872.0,0.4976
873.0,0.4966
874.0,0.4907
875.0,0.4807
876.0,0.4857
877.0,0.4906
878.0,0.4959
879.0,0.4883
880.0,0.4778
881.0,0.4705
882.0,0.4807
883.0,0.4823
884.0,0.48
885.0,0.4837
886.0,0.4605
887.0,0.4657
888.0,0.4724
889.0,0.4782
890.0,0.4736
891.0,0.4731
892.0,0.4588
893.0,0.4436
894.0,0.4265
895.0,0.401
896.0,0.3771
897.0,0.3214
898.0,0.3521
899.0,0.2648
900.0,0.3621
901.0,0.2776
902.0,0.3298
903.0,0.3317
904.0,0.4233
905.0,0.4079
906.0,0.3811
907.0,0.3057
908.0,0.3124
909.0,0.3402
910.0,0.2976
911.0,0.3193
912.0,0.3344
913.0,0.3018
914.0,0.2999
915.0,0.3252
916.0,0.2745
917.0,0.3518
918.0,0.2812
919.0,0.3591
920.0,0.3648
921.0,0.3796
922.0,0.3369
923.0,0.3668
924.0,0.345
925.0,0.3375
926.0,0.341
927.0,0.3842
928.0,0.2748
929.0,0.249
930.0,0.1926
931.0,0.1829
932.0,0.1284
933.0,0.1027
934.0,0.0529
935.0,0.1065
936.0,0.06429
937.0,0.06493
938.0,0.08071
939.0,0.1771
940.0,0.2154
941.0,0.1594
942.0,0.1865
943.0,0.1202
944.0,0.1289
945.0,0.165
946.0,0.08066
947.0,0.1649
948.0,0.1207
949.0,0.224
950.0,0.05728
951.0,0.2212
952.0,0.1144
953.0,0.1507
954.0,0.188
955.0,0.1528
956.0,0.1505
957.0,0.1143
958.0,0.2175
959.0,0.1691
960.0,0.1896
961.0,0.2157
962.0,0.2037
963.0,0.2374
964.0,0.2167
965.0,0.2367
966.0,0.2361
967.0,0.2349
968.0,0.3241
969.0,0.3376
970.0,0.3089
971.0,0.3576
972.0,0.3413
973.0,0.2931
974.0,0.2776
975.0,0.2898
976.0,0.2729
977.0,0.315
978.0,0.2974
979.0,0.3128
980.0,0.2933
981.0,0.3557
982.0,0.3386
983.0,0.3242
984.0,0.3682
985.0,0.3373
986.0,0.3757
987.0,0.3671
988.0,0.3665
989.0,0.3752
990.0,0.3643
991.0,0.3762
992.0,0.3785
993.0,0.3689
994.0,0.3785
995.0,0.3782
996.0,0.3764
997.0,0.377
998.0,0.3752
999.0,0.3738
1000.0,0.3709
1001.0,0.3759
1002.0,0.3644
1003.0,0.3692
1004.0,0.3598
1005.0,0.3471
1006.0,0.3604
1007.0,0.3682
1008.0,0.366
1009.0,0.3638
1010.0,0.3621
1011.0,0.3663
1012.0,0.3629
1013.0,0.3655
1014.0,0.3629
1015.0,0.3605
1016.0,0.3589
1017.0,0.3597
1018.0,0.3585
1019.0,0.3504
1020.0,0.3565
1021.0,0.3561
1022.0,0.3532
1023.0,0.3569
1024.0,0.3518
1025.0,0.3568
1026.0,0.3552
1027.0,0.3544
1028.0,0.3536
1029.0,0.3494
1030.0,0.352
1031.0,0.3505
1032.0,0.3495
1033.0,0.3442
1034.0,0.3443
1035.0,0.3453
1036.0,0.3471
1037.0,0.3415
1038.0,0.3429
1039.0,0.3427
1040.0,0.3413
1041.0,0.3427
1042.0,0.3403
1043.0,0.3392
1044.0,0.3403
1045.0,0.3357
1046.0,0.3319
1047.0,0.3349
1048.0,0.3367
1049.0,0.3354
1050.0,0.3339
1051.0,0.3333
1052.0,0.3319
1053.0,0.3293
1054.0,0.3299
1055.0,0.33
1056.0,0.3288
1057.0,0.3277
1058.0,0.3196
1059.0,0.3199
1060.0,0.3193
1061.0,0.3189
1062.0,0.3205
1063.0,0.3173
1064.0,0.3211
1065.0,0.3186
1066.0,0.3124
1067.0,0.3164
1068.0,0.3094
1069.0,0.2999
1070.0,0.31
1071.0,0.3152
1072.0,0.3113
1073.0,0.3068
1074.0,0.3152
1075.0,0.2982
1076.0,0.3149
1077.0,0.3086
1078.0,0.3024
1079.0,0.3101
1080.0,0.3038
1081.0,0.2935
1082.0,0.2993
1083.0,0.3004
1084.0,0.2925
1085.0,0.3046
1086.0,0.2762
1087.0,0.2864
1088.0,0.2999
1089.0,0.2896
1090.0,0.2825
1091.0,0.2986
1092.0,0.2981
1093.0,0.2494
1094.0,0.2723
1095.0,0.2602
1096.0,0.2482
1097.0,0.2912
1098.0,0.2439
1099.0,0.255
1100.0,0.2356
1101.0,0.239
1102.0,0.2274
1103.0,0.2245
1104.0,0.2249
1105.0,0.2488
1106.0,0.1848
1107.0,0.2353
1108.0,0.1961
1109.0,0.1971
1110.0,0.2327
1111.0,0.1534
1112.0,0.1959
1113.0,0.1202
1114.0,0.1347
1115.0,0.1115
1116.0,0.08635
1117.0,0.02896
1118.0,0.09483
1119.0,0.04475
1120.0,0.05613
1121.0,0.07587
1122.0,0.02996
1123.0,0.05082
1124.0,0.04287
1125.0,0.05649
1126.0,0.01774
1127.0,0.0639
1128.0,0.0361
1129.0,0.03859
1130.0,0.02467
1131.0,0.1265
1132.0,0.0982
1133.0,0.05938
1134.0,0.01366
1135.0,0.005211
1136.0,0.04853
1137.0,0.1232
1138.0,0.08627
1139.0,0.1343
1140.0,0.1101
1141.0,0.08203
1142.0,0.09549
1143.0,0.138
1144.0,0.04551
1145.0,0.05733
1146.0,0.06179
1147.0,0.01976
1148.0,0.1192
1149.0,0.09355
1150.0,0.04928
1151.0,0.08557
1152.0,0.1073
1153.0,0.1061
1154.0,0.05534
1155.0,0.14
1156.0,0.125
1157.0,0.1421
1158.0,0.1405
1159.0,0.1529
1160.0,0.1293
1161.0,0.1623
1162.0,0.1629
1163.0,0.2249
1164.0,0.1911
1165.0,0.1786
1166.0,0.1786
1167.0,0.1954
1168.0,0.1972
1169.0,0.2024
1170.0,0.2214
1171.0,0.2157
1172.0,0.2205
1173.0,0.2209
1174.0,0.1544
1175.0,0.2165
1176.0,0.2397
1177.0,0.2289
1178.0,0.1695
1179.0,0.2417
1180.0,0.2139
1181.0,0.2208
1182.0,0.1497
1183.0,0.2178
1184.0,0.2033
1185.0,0.1954
1186.0,0.2342
1187.0,0.2223
1188.0,0.1519
1189.0,0.2069
1190.0,0.229
1191.0,0.216
1192.0,0.2323
1193.0,0.2221
1194.0,0.2293
1195.0,0.2159
1196.0,0.2073
1197.0,0.2299
1198.0,0.2097
1199.0,0.1763
1200.0,0.2193
1201.0,0.2107
1202.0,0.21
1203.0,0.2081
1204.0,0.1809
1205.0,0.2155
1206.0,0.2392
1207.0,0.2092
1208.0,0.2066
1209.0,0.211
1210.0,0.2202
1211.0,0.209
1212.0,0.2055
1213.0,0.2308
1214.0,0.2108
1215.0,0.2067
1216.0,0.2301
1217.0,0.2237
1218.0,0.2283
1219.0,0.2252
1220.0,0.2285
1221.0,0.231
1222.0,0.2248
1223.0,0.2226
1224.0,0.2209
1225.0,0.2295
1226.0,0.2313
1227.0,0.2124
1228.0,0.2327
1229.0,0.2313
1230.0,0.2272
1231.0,0.2343
1232.0,0.2329
1233.0,0.224
1234.0,0.2343
1235.0,0.2326
1236.0,0.2344
1237.0,0.2308
1238.0,0.2336
1239.0,0.2306
1240.0,0.2316
1241.0,0.2303
1242.0,0.2299
1243.0,0.2281
1244.0,0.2296
1245.0,0.2307
1246.0,0.2293
1247.0,0.2284
1248.0,0.2281
1249.0,0.2289
1250.0,0.2275
1251.0,0.2244
1252.0,0.2246
1253.0,0.2225
1254.0,0.2201
1255.0,0.2243
1256.0,0.2175
1257.0,0.2162
1258.0,0.2207
1259.0,0.2119
1260.0,0.2131
1261.0,0.2001
1262.0,0.1936
1263.0,0.1939
1264.0,0.1777
1265.0,0.1927
1266.0,0.1847
1267.0,0.1884
1268.0,0.1779
1269.0,0.1051
1270.0,0.1875
1271.0,0.1996
1272.0,0.2003
1273.0,0.1981
1274.0,0.1989
1275.0,0.2019
1276.0,0.2041
1277.0,0.2057
1278.0,0.2101
1279.0,0.2081
1280.0,0.2055
1281.0,0.1963
1282.0,0.1895
1283.0,0.204
1284.0,0.2088
1285.0,0.2102
1286.0,0.2132
1287.0,0.2096
1288.0,0.2097
1289.0,0.2024
1290.0,0.2079
1291.0,0.2109
1292.0,0.197
1293.0,0.2065
1294.0,0.205
1295.0,0.2037
1296.0,0.1937
1297.0,0.1826
1298.0,0.1978
1299.0,0.2069
1300.0,0.1731
1301.0,0.1788
1302.0,0.1972
1303.0,0.171
1304.0,0.144
1305.0,0.193
1306.0,0.1929
1307.0,0.1478
1308.0,0.1716
1309.0,0.1912
1310.0,0.1448
1311.0,0.1641
1312.0,0.1593
1313.0,0.1559
1314.0,0.1389
1315.0,0.1366
1316.0,0.1612
1317.0,0.1524
1318.0,0.1665
1319.0,0.1277
1320.0,0.1243
1321.0,0.1456
1322.0,0.1466
1323.0,0.1083
1324.0,0.1254
1325.0,0.1587
1326.0,0.1349
1327.0,0.1284
1328.0,0.11
1329.0,0.0808
1330.0,0.1061
1331.0,0.06189
1332.0,0.06463
1333.0,0.09044
1334.0,0.07775
1335.0,0.1079
1336.0,0.08414
1337.0,0.07385
1338.0,0.07989
1339.0,0.07986
1340.0,0.07828
1341.0,0.07502
1342.0,0.07893
1343.0,0.0507
1344.0,0.03056
1345.0,0.04415
1346.0,0.02025
1347.0,0.0203
1348.0,0.001102
1349.0,0.00416
1350.0,0.004477
1351.0,0.0009254
1352.0,0.0002081
1353.0,8.863e-06
1354.0,3.458e-05
1355.0,1.895e-07
1356.0,4.282e-06
1357.0,6.547e-06
1358.0,2.28e-07
1359.0,2.138e-08
1360.0,9.393e-08
1361.0,5.669e-11
1362.0,1.209e-13
1363.0,1.149e-07
1364.0,4.741e-08
1365.0,3.018e-14
1366.0,5.434e-07
1367.0,2.372e-07
1368.0,1.215e-16
1369.0,1.75e-08
1370.0,7.622e-09
1371.0,3.742e-10
1372.0,1.31e-07
1373.0,3.221e-06
1374.0,1.716e-05
1375.0,3.079e-05
1376.0,3.137e-05
1377.0,1.396e-05
1378.0,0.0001442
1379.0,5.856e-06
1380.0,7.729e-06
1381.0,1.876e-07
1382.0,1.14e-07
1383.0,1.544e-09
1384.0,1.879e-08
1385.0,1.247e-07
1386.0,9.291e-08
1387.0,1.627e-05
1388.0,3.258e-07
1389.0,6.465e-05
1390.0,5.532e-05
1391.0,3.6e-05
1392.0,2.255e-06
1393.0,1.287e-05
1394.0,5.295e-06
1395.0,3.366e-08
1396.0,8.895e-11
1397.0,4.858e-06
1398.0,0.0001593
1399.0,0.0001016
1400.0,3.254e-11
1401.0,1.699e-10
1402.0,0.0003453
1403.0,0.0004176
1404.0,0.0001251
1405.0,1.472e-08
1406.0,0.0003047
1407.0,2.85e-05
1408.0,0.0002523
1409.0,7.568e-05
1410.0,6.574e-05
1411.0,0.0003701
1412.0,0.0005273
1413.0,0.006365
1414.0,5.267e-05
1415.0,2.401e-05
1416.0,0.01165
1417.0,0.003147
1418.0,0.003497
1419.0,0.0005278
1420.0,0.002128
1421.0,0.002322
1422.0,0.01529
1423.0,0.002869
1424.0,0.005488
1425.0,0.007875
1426.0,0.009414
1427.0,0.01838
1428.0,0.001018
1429.0,0.0132
1430.0,0.02392
1431.0,0.02665
1432.0,0.0007942
1433.0,0.01645
1434.0,0.008124
1435.0,0.007301
1436.0,0.01534
1437.0,0.01179
1438.0,0.004636
1439.0,0.02141
1440.0,0.01604
1441.0,0.01155
1442.0,0.01284
1443.0,0.01718
1444.0,0.02446
1445.0,0.01816
1446.0,0.007866
1447.0,0.01256
1448.0,0.04942
1449.0,0.04195
1450.0,0.009382
1451.0,0.003577
1452.0,0.02417
1453.0,0.03232
1454.0,0.05991
1455.0,0.02662
1456.0,0.03522
1457.0,0.04972
1458.0,0.06123
1459.0,0.07206
1460.0,0.03617
1461.0,0.03653
1462.0,0.05592
1463.0,0.01673
1464.0,0.06851
1465.0,0.04081
1466.0,0.02535
1467.0,0.01243
1468.0,0.03064
1469.0,0.03879
1470.0,0.01739
1471.0,0.006063
1472.0,0.01657
1473.0,0.02713
1474.0,0.04217
1475.0,0.08397
1476.0,0.02764
1477.0,0.02734
1478.0,0.02634
1479.0,0.05269
1480.0,0.0236
1481.0,0.0498
1482.0,0.02369
1483.0,0.06603
1484.0,0.06268
1485.0,0.05481
1486.0,0.05326
1487.0,0.0226
1488.0,0.04262
1489.0,0.08827
1490.0,0.08195
1491.0,0.0943
1492.0,0.07493
1493.0,0.08379
1494.0,0.09631
1495.0,0.08501
1496.0,0.07915
1497.0,0.1126
1498.0,0.09
1499.0,0.1061
1500.0,0.1239
1501.0,0.1302
1502.0,0.1095
1503.0,0.09153
1504.0,0.07223
1505.0,0.08822
1506.0,0.1307
1507.0,0.1255
1508.0,0.1196
1509.0,0.08937
1510.0,0.1361
1511.0,0.1311
1512.0,0.1302
1513.0,0.1183
1514.0,0.1101
1515.0,0.134
1516.0,0.128
1517.0,0.1247
1518.0,0.1245
1519.0,0.1214
1520.0,0.1313
1521.0,0.1408
1522.0,0.1334
1523.0,0.143
1524.0,0.1384
1525.0,0.1319
1526.0,0.1341
1527.0,0.1331
1528.0,0.1423
1529.0,0.1349
1530.0,0.1324
1531.0,0.1364
1532.0,0.1422
1533.0,0.1422
1534.0,0.1397
1535.0,0.139
1536.0,0.1418
1537.0,0.1387
1538.0,0.1403
1539.0,0.1379
1540.0,0.1384
1541.0,0.1394
1542.0,0.138
1543.0,0.1405
1544.0,0.1389
1545.0,0.1416
1546.0,0.1394
1547.0,0.1374
1548.0,0.1374
1549.0,0.1386
1550.0,0.1376
1551.0,0.1386
1552.0,0.1376
1553.0,0.1368
1554.0,0.1356
1555.0,0.136
1556.0,0.1359
1557.0,0.1375
1558.0,0.1368
1559.0,0.1359
1560.0,0.1368
1561.0,0.1378
1562.0,0.136
1563.0,0.1349
1564.0,0.1355
1565.0,0.1358
1566.0,0.134
1567.0,0.1342
1568.0,0.1328
1569.0,0.1336
1570.0,0.1347
1571.0,0.1357
1572.0,0.1348
1573.0,0.1339
1574.0,0.1291
1575.0,0.1276
1576.0,0.1256
1577.0,0.1224
1578.0,0.1285
1579.0,0.1296
1580.0,0.1307
1581.0,0.1288
1582.0,0.1262
1583.0,0.1268
1584.0,0.1291
1585.0,0.1304
1586.0,0.1289
1587.0,0.1268
1588.0,0.1232
1589.0,0.1193
1590.0,0.122
1591.0,0.125
1592.0,0.1287
1593.0,0.1307
1594.0,0.1305
1595.0,0.1288
1596.0,0.125
1597.0,0.1282
1598.0,0.1299
1599.0,0.1285
1600.0,0.1276
1601.0,0.1258
1602.0,0.1262
1603.0,0.1275
1604.0,0.1265
1605.0,0.1265
1606.0,0.125
1607.0,0.1261
1608.0,0.126
1609.0,0.1227
1610.0,0.1202
1611.0,0.1223
1612.0,0.1237
1613.0,0.1239
1614.0,0.1239
1615.0,0.1211
1616.0,0.1192
1617.0,0.1215
1618.0,0.1236
1619.0,0.1213
1620.0,0.1188
1621.0,0.1202
1622.0,0.122
1623.0,0.1238
1624.0,0.1224
1625.0,0.1219
1626.0,0.1222
1627.0,0.1231
1628.0,0.1228
1629.0,0.1217
1630.0,0.121
1631.0,0.1203
1632.0,0.12
1633.0,0.1164
1634.0,0.1191
1635.0,0.1174
1636.0,0.1164
1637.0,0.1151
1638.0,0.1083
1639.0,0.1127
1640.0,0.1077
1641.0,0.1118
1642.0,0.1141
1643.0,0.1076
1644.0,0.1141
1645.0,0.1108
1646.0,0.108
1647.0,0.1159
1648.0,0.1077
1649.0,0.113
1650.0,0.1139
1651.0,0.1054
1652.0,0.1127
1653.0,0.1138
1654.0,0.1077
1655.0,0.1139
1656.0,0.112
1657.0,0.1128
1658.0,0.1143
1659.0,0.1135
1660.0,0.1145
1661.0,0.1139
1662.0,0.1107
1663.0,0.1134
1664.0,0.1124
1665.0,0.106
1666.0,0.08587
1667.0,0.105
1668.0,0.109
1669.0,0.1098
1670.0,0.1118
1671.0,0.1086
1672.0,0.1073
1673.0,0.1099
1674.0,0.1074
1675.0,0.1058
1676.0,0.1066
1677.0,0.1064
1678.0,0.1033
1679.0,0.1056
1680.0,0.1013
1681.0,0.09815
1682.0,0.1037
1683.0,0.106
1684.0,0.09774
1685.0,0.1072
1686.0,0.1069
1687.0,0.1027
1688.0,0.1063
1689.0,0.1051
1690.0,0.1048
1691.0,0.09522
1692.0,0.1044
1693.0,0.1074
1694.0,0.1032
1695.0,0.1062
1696.0,0.1063
1697.0,0.08873
1698.0,0.1053
1699.0,0.1039
1700.0,0.101
1702.0,0.1028
1705.0,0.09964
1710.0,0.0944
1715.0,0.09475
1720.0,0.0938
1725.0,0.08733
1730.0,0.08653
1735.0,0.08082
1740.0,0.08193
1745.0,0.07695
1750.0,0.08231
1755.0,0.07559
1760.0,0.07896
1765.0,0.06422
1770.0,0.06856
1775.0,0.05439
1780.0,0.04619
1785.0,0.03404
1790.0,0.03969
1795.0,0.01817
1800.0,0.01289
1805.0,0.004553
1810.0,0.00304
1815.0,0.000742
1820.0,0.0001672
1825.0,0.0002229
1830.0,3.474e-07
1835.0,6.493e-07
1840.0,2.446e-09
1845.0,2.713e-07
1850.0,1.185e-07
1855.0,1.205e-08
1860.0,9.92e-07
1865.0,1.288e-06
1870.0,2.819e-12
1875.0,5.371e-12
1880.0,8.315e-06
1885.0,4.283e-06
1890.0,2.482e-05
1895.0,1.507e-05
1900.0,4.463e-08
1905.0,3.209e-08
1910.0,1.813e-06
1915.0,2.035e-06
1920.0,6.096e-05
1925.0,0.0001647
1930.0,9.648e-05
1935.0,0.0008703
1940.0,0.0009428
1945.0,0.00424
1950.0,0.008814
1955.0,0.007665
1960.0,0.01462
1965.0,0.02211
1970.0,0.03195
1975.0,0.0365
1980.0,0.03696
1985.0,0.04001
1990.0,0.04143
1995.0,0.04403
2000.0,0.04658
2005.0,0.03902
2010.0,0.05685
2015.0,0.04435
2020.0,0.04778
2025.0,0.05243
2030.0,0.04807
2035.0,0.05284
2040.0,0.05025
2045.0,0.05202
2050.0,0.05301
2055.0,0.05077
2060.0,0.04909
2065.0,0.05007
2070.0,0.0495
2075.0,0.0508
2080.0,0.04952
2085.0,0.04925
2090.0,0.04977
2095.0,0.0483
2100.0,0.04496
2105.0,0.04872
2110.0,0.0466
2115.0,0.04783
2120.0,0.04483
2125.0,0.04553
2130.0,0.04616
2135.0,0.04644
2140.0,0.04683
2145.0,0.04634
2150.0,0.04333
2155.0,0.04333
2160.0,0.04292
2165.0,0.03912
2170.0,0.04176
2175.0,0.04066
2180.0,0.04184
2185.0,0.03737
2190.0,0.04038
2195.0,0.04
2200.0,0.03501
2205.0,0.03707
2210.0,0.04042
2215.0,0.03856
2220.0,0.03946
2225.0,0.03826
2230.0,0.03848
2235.0,0.03752
2240.0,0.0371
2245.0,0.03557
2250.0,0.03652
2255.0,0.03392
2260.0,0.0334
2265.0,0.0344
2270.0,0.03221
2275.0,0.03169
2280.0,0.0334
2285.0,0.0311
2290.0,0.03114
2295.0,0.03027
2300.0,0.02854
2305.0,0.02883
2310.0,0.03202
2315.0,0.02833
2320.0,0.02456
2325.0,0.02784
2330.0,0.02777
2335.0,0.02854
2340.0,0.02153
2345.0,0.02458
2350.0,0.01917
2355.0,0.02254
2360.0,0.0241
2365.0,0.02391
2370.0,0.01318
2375.0,0.02078
2380.0,0.0199
2385.0,0.01381
2390.0,0.01674
2395.0,0.01858
2400.0,0.02053
2405.0,0.01529
2410.0,0.0153
2415.0,0.01201
2420.0,0.0117
2425.0,0.01492
2430.0,0.02084
2435.0,0.006099
2440.0,0.02041
2445.0,0.008851
2450.0,0.005444
2455.0,0.01091
2460.0,0.01492
2465.0,0.01025
2470.0,0.006571
2475.0,0.006384
2480.0,0.002867
2485.0,0.001778
2490.0,0.0009683
2495.0,0.0008462
2500.0,0.00227
2505.0,0.0004475
2510.0,0.0006694
2515.0,0.0001305
2520.0,5.821e-05
2525.0,6.941e-06
2530.0,2.357e-08
2535.0,4.266e-09
2540.0,1.135e-08
2545.0,5.369e-13
2550.0,1.67e-15
2555.0,1.052e-11
2560.0,3.322e-13
2565.0,3.562e-17
2570.0,3.698e-22
2575.0,2.76e-33
2580.0,7.316e-27
2585.0,1.3099999999999998e-41
2590.0,1.303e-37
2595.0,1.038e-38
2600.0,3.602e-34
2605.0,3.954e-41
2610.0,5.565999999999999e-41
2615.0,2.803e-45
2620.0,3.254e-34
2625.0,1.7970000000000002e-34
2630.0,0.0
2635.0,3.206e-19
2640.0,4.9660000000000004e-20
2645.0,1.3639999999999998e-22
2650.0,8.434e-24
2655.0,1.803e-33
2660.0,5.021e-30
2665.0,6.306e-44
2670.0,0.0
2675.0,3.013e-43
2680.0,1.387e-28
2685.0,1.082e-29
2690.0,2.062e-29
2695.0,1.405e-31
2700.0,4.912e-27
2705.0,1.713e-24
2710.0,1.89e-29
2715.0,8.464e-28
2720.0,0.0
2725.0,9.56e-25
2730.0,1.369e-22
2735.0,1.799e-24
2740.0,2.8990000000000002e-30
2745.0,5.354e-25
2750.0,2.99e-24
2755.0,4.3490000000000004e-26
2760.0,1.3050000000000001e-20
2765.0,2.7009999999999998e-27
2770.0,1.768e-24
2775.0,3.0820000000000002e-21
2780.0,3.78e-18
2785.0,2.294e-17
2790.0,4.198e-15
2795.0,6.214e-16
2800.0,6.852e-12
2805.0,1.259e-13
2810.0,6.358e-10
2815.0,1.887e-10
2820.0,1.837e-12
2825.0,2.624e-08
2830.0,7.821e-07
2835.0,4.568e-12
2840.0,1.933e-08
2845.0,1.064e-05
2850.0,1.27e-07
2855.0,6.67e-08
2860.0,3.704e-06
2865.0,3.149e-05
2870.0,5.88e-07
2875.0,8.696e-05
2880.0,5.921e-05
2885.0,9.176e-05
2890.0,4.207e-05
2895.0,0.0008469
2900.0,0.0002207
2905.0,2.248e-05
2910.0,0.0009031
2915.0,0.0003589
2920.0,0.0009618
2925.0,0.0003355
2930.0,0.002245
2935.0,0.002499
2940.0,0.0005157
2945.0,0.0004287
2950.0,0.001943
2955.0,0.0008759
2960.0,0.001769
2965.0,0.003144
2970.0,0.0001039
2975.0,0.0002775
2980.0,0.000435
2985.0,0.002916
2990.0,0.004637
2995.0,0.001633
3000.0,0.003291
3005.0,0.001053
3010.0,0.002934
3015.0,0.002213
3020.0,0.0001627
3025.0,0.003194
3030.0,0.002501
3035.0,0.0009016
3040.0,0.0006981
3045.0,0.001549
3050.0,0.0003319
3055.0,7.32e-05
3060.0,0.002603
3065.0,0.001032
3070.0,0.0005528
3075.0,0.00246
3080.0,0.001401
3085.0,0.000573
3090.0,0.0007939
3095.0,0.0001788
3100.0,0.001739
3105.0,0.0002991
3110.0,0.0002303
3115.0,0.0007776
3120.0,0.004304
3125.0,0.001213
3130.0,0.002526
3135.0,0.00521
3140.0,0.001295
3145.0,0.001287
3150.0,0.002835
3155.0,0.002404
3160.0,0.004082
3165.0,0.006724
3170.0,0.005974
3175.0,0.00409
3180.0,0.004975
3185.0,0.003301
3190.0,0.001739
3195.0,0.0008728
3200.0,0.0001085
3205.0,6.691e-05
3210.0,2.726e-05
3215.0,0.0001234
3220.0,0.0004726
3225.0,5.136e-05
3230.0,8.436e-05
3235.0,0.003019
3240.0,0.00127
3245.0,0.0002354
3250.0,0.0009181
3255.0,0.004341
3260.0,0.0003709
3265.0,0.0008523
3270.0,0.0003566
3275.0,0.002376
3280.0,0.001019
3285.0,0.005054
3290.0,0.003675
3295.0,0.0004083
3300.0,0.0006222
3305.0,0.001491
3310.0,0.001407
3315.0,9.648e-07
3320.0,8.915e-06
3325.0,0.00119
3330.0,0.002034
3335.0,0.003999
3340.0,0.001437
3345.0,0.001362
3350.0,0.003686
3355.0,0.00139
3360.0,0.002252
3365.0,0.0033
3370.0,0.001472
3375.0,0.003954
3380.0,0.002011
3385.0,0.003411
3390.0,0.004544
3395.0,0.004468
3400.0,0.00624
3405.0,0.001712
3410.0,0.003263
3415.0,0.003103
3420.0,0.006702
3425.0,0.00465
3430.0,0.003871
3435.0,0.005811
3440.0,0.003541
3445.0,0.005556
3450.0,0.005437
3455.0,0.003797
3460.0,0.006355
3465.0,0.004576
3470.0,0.006209
3475.0,0.005332
3480.0,0.005505
3485.0,0.006078
3490.0,0.005005
3495.0,0.006184
3500.0,0.00599
3505.0,0.00594
3510.0,0.006049
3515.0,0.005739
3520.0,0.006163
3525.0,0.005715
3530.0,0.00554
3535.0,0.004464
3540.0,0.004222
3545.0,0.004513
3550.0,0.005182
3555.0,0.004304
3560.0,0.005361
3565.0,0.005359
3570.0,0.003938
3575.0,0.004048
3580.0,0.00502
3585.0,0.004378
3590.0,0.004596
3595.0,0.004763
3600.0,0.00513
3605.0,0.005113
3610.0,0.004622
3615.0,0.00468
3620.0,0.005946
3625.0,0.005045
3630.0,0.004941
3635.0,0.005125
3640.0,0.005865
3645.0,0.005256
3650.0,0.005003
3655.0,0.005524
3660.0,0.005506
3665.0,0.005054
3670.0,0.00375
3675.0,0.002038
3680.0,0.003921
3685.0,0.00458
3690.0,0.004758
3695.0,0.005023
3700.0,0.005506
3705.0,0.005419
3710.0,0.004587
3715.0,0.004527
3720.0,0.005242
3725.0,0.005416
3730.0,0.004581
3735.0,0.004133
3740.0,0.004281
3745.0,0.005142
3750.0,0.004604
3755.0,0.00444
3760.0,0.004353
3765.0,0.004189
3770.0,0.004553
3775.0,0.004497
3780.0,0.004816
3785.0,0.004335
3790.0,0.003754
3795.0,0.004407
3800.0,0.005044
3805.0,0.004689
3810.0,0.004054
3815.0,0.003769
3820.0,0.004923
3825.0,0.004805
3830.0,0.004899
3835.0,0.003716
3840.0,0.004523
3845.0,0.004389
3850.0,0.004427
3855.0,0.004209
3860.0,0.003871
3865.0,0.003913
3870.0,0.00347
3875.0,0.003088
3880.0,0.002962
3885.0,0.0031
3890.0,0.003159
3895.0,0.003549
3900.0,0.003834
3905.0,0.003826
3910.0,0.003341
3915.0,0.003243
3920.0,0.003243
3925.0,0.00318
3930.0,0.003319
3935.0,0.0035
3940.0,0.003559
3945.0,0.003642
3950.0,0.003717
3955.0,0.003771
3960.0,0.003817
3965.0,0.003859
3970.0,0.003812
3975.0,0.003695
3980.0,0.003635
3985.0,0.003657
3990.0,0.003603
3995.0,0.003512
4000.0,0.003358
