interpolation:linear
wavelength,value
280.0,1.998e-23
280.5,6.850999999999999e-22
281.0,3.722e-21
281.5,1.232e-19
282.0,5.385e-19
282.5,1.3e-18
283.0,4.091e-18
283.5,6.657e-18
284.0,1.123e-16
284.5,3.317e-16
285.0,1.212e-15
285.5,4.173e-15
286.0,1.574e-14
286.5,6.541e-14
287.0,1.812e-13
287.5,6.793e-13
288.0,2.121e-12
288.5,5.838e-12
289.0,1.473e-11
289.5,4.297e-11
290.0,1.17e-10
290.5,2.355e-10
291.0,5.002e-10
291.5,1.425e-09
292.0,2.749e-09
292.5,3.757e-09
293.0,7.833e-09
293.5,1.85e-08
294.0,2.829e-08
294.5,2.147e-08
295.0,3.621e-08
295.5,6.009e-08
296.0,1.102e-07
296.5,1.462e-07
297.0,1.891e-07
297.5,4.725e-07
298.0,6.985e-07
298.5,6.674e-07
299.0,1.397e-06
299.5,2.108e-06
300.0,2.193e-06
300.5,2.997e-06
301.0,4.921e-06
301.5,7.162e-06
302.0,5.843e-06
302.5,1.178e-05
303.0,1.9e-05
303.5,2.254e-05
304.0,2.068e-05
304.5,2.935e-05
305.0,4.26e-05
305.5,4.812e-05
306.0,4.644e-05
306.5,5.774e-05
307.0,8.656e-05
307.5,0.000118
308.0,0.0001253
308.5,0.0001508
309.0,0.0001212
309.5,0.0001633
310.0,0.0001775
310.5,0.0002992
311.0,0.0004014
311.5,0.0003991
312.0,0.0004639
312.5,0.000626
313.0,0.0007177
313.5,0.0006619
314.0,0.0009407
314.5,0.0009957
315.0,0.001351
315.5,0.001035
316.0,0.001048
316.5,0.001715
317.0,0.002124
317.5,0.002128
318.0,0.001818
318.5,0.002702
319.0,0.00352
319.5,0.002469
320.0,0.002917
320.5,0.004407
321.0,0.004682
321.5,0.00457
322.0,0.004025
322.5,0.003534
323.0,0.003981
323.5,0.008148
324.0,0.009911
324.5,0.009034
325.0,0.005114
325.5,0.007291
326.0,0.01407
326.5,0.01605
327.0,0.01524
327.5,0.01383
328.0,0.01026
328.5,0.01342
329.0,0.01891
329.5,0.02251
330.0,0.02184
330.5,0.01541
331.0,0.01503
331.5,0.01678
332.0,0.02068
332.5,0.02168
333.0,0.0209
333.5,0.01717
334.0,0.0173
334.5,0.02227
335.0,0.02226
335.5,0.02723
336.0,0.01883
336.5,0.02041
337.0,0.016
337.5,0.01956
338.0,0.02087
338.5,0.02552
339.0,0.02542
339.5,0.02435
340.0,0.02704
340.5,0.02459
341.0,0.02522
341.5,0.02342
342.0,0.02808
342.5,0.02635
343.0,0.02877
343.5,0.02695
344.0,0.01891
344.5,0.01993
345.0,0.02674
345.5,0.02745
346.0,0.02342
346.5,0.02658
347.0,0.02836
347.5,0.02288
348.0,0.02628
348.5,0.02638
349.0,0.02452
349.5,0.02426
350.0,0.03002
350.5,0.03166
351.0,0.02817
351.5,0.02712
352.0,0.0293
352.5,0.02298
353.0,0.02903
353.5,0.0311
354.0,0.03234
354.5,0.03279
355.0,0.03263
355.5,0.02951
356.0,0.03091
356.5,0.0264
357.0,0.02181
357.5,0.02671
358.0,0.02118
358.5,0.01811
359.0,0.02531
359.5,0.03216
360.0,0.03413
360.5,0.02731
361.0,0.02492
361.5,0.02872
362.0,0.02485
362.5,0.03441
363.0,0.03091
363.5,0.02847
364.0,0.03483
364.5,0.02976
365.0,0.03031
365.5,0.03805
366.0,0.04033
366.5,0.03791
367.0,0.03693
367.5,0.03832
368.0,0.03354
368.5,0.03383
369.0,0.03655
369.5,0.03897
370.0,0.04155
370.5,0.03226
371.0,0.03448
371.5,0.04314
372.0,0.02864
372.5,0.03434
373.0,0.03494
373.5,0.02274
374.0,0.03304
374.5,0.02737
375.0,0.02661
375.5,0.03974
376.0,0.03295
376.5,0.03415
377.0,0.03616
377.5,0.04232
378.0,0.04588
378.5,0.04337
379.0,0.0358
379.5,0.0327
380.0,0.03401
380.5,0.0412
381.0,0.0413
381.5,0.03275
382.0,0.02909
382.5,0.02481
383.0,0.02298
383.5,0.02214
384.0,0.02443
384.5,0.03594
385.0,0.03565
385.5,0.03321
386.0,0.02845
386.5,0.03739
387.0,0.03108
387.5,0.03491
388.0,0.03225
388.5,0.03188
389.0,0.03443
389.5,0.04171
390.0,0.04188
390.5,0.03855
391.0,0.0454
391.5,0.04632
392.0,0.03902
392.5,0.03495
393.0,0.01946
393.5,0.01415
394.0,0.0288
394.5,0.03663
395.0,0.04471
395.5,0.04544
396.0,0.03941
396.5,0.02305
397.0,0.01731
397.5,0.03522
398.0,0.04933
398.5,0.05101
399.0,0.05527
399.5,0.05511
400.0,0.05724
401.0,0.05665
402.0,0.05982
403.0,0.05688
404.0,0.05605
405.0,0.05609
406.0,0.05523
407.0,0.05438
408.0,0.05651
409.0,0.06051
410.0,0.05293
411.0,0.05739
412.0,0.06173
413.0,0.06027
414.0,0.06107
415.0,0.06128
416.0,0.06241
417.0,0.06091
418.0,0.05984
419.0,0.06072
420.0,0.06051
421.0,0.06336
422.0,0.06025
423.0,0.05886
424.0,0.06226
425.0,0.06219
426.0,0.06069
427.0,0.05965
428.0,0.0582
429.0,0.05525
430.0,0.04842
431.0,0.048
432.0,0.06202
433.0,0.06242
434.0,0.05802
435.0,0.06067
436.0,0.0685
437.0,0.06769
438.0,0.06166
439.0,0.06365
440.0,0.0657
441.0,0.06811
442.0,0.07305
443.0,0.07112
444.0,0.07287
445.0,0.07141
446.0,0.06842
447.0,0.07419
448.0,0.0753
449.0,0.07573
450.0,0.0779
451.0,0.08088
452.0,0.07807
453.0,0.07358
454.0,0.077
455.0,0.07745
456.0,0.07932
457.0,0.08056
458.0,0.07762
459.0,0.07712
460.0,0.07717
461.0,0.07893
462.0,0.07971
463.0,0.07932
464.0,0.07842
465.0,0.07782
466.0,0.07884
467.0,0.07736
468.0,0.07823
469.0,0.07856
470.0,0.07599
471.0,0.07599
472.0,0.08012
473.0,0.07912
474.0,0.07909
475.0,0.07947
476.0,0.07662
477.0,0.07646
478.0,0.07848
479.0,0.078
480.0,0.07817
481.0,0.07975
482.0,0.08042
483.0,0.07983
484.0,0.07852
485.0,0.07517
486.0,0.06608
487.0,0.06954
488.0,0.07633
489.0,0.07649
490.0,0.08058
491.0,0.07928
492.0,0.07493
493.0,0.07749
494.0,0.07835
495.0,0.07912
496.0,0.07959
497.0,0.08075
498.0,0.07678
499.0,0.07745
500.0,0.07485
501.0,0.07307
502.0,0.0714
503.0,0.0737
504.0,0.07046
505.0,0.07401
506.0,0.07643
507.0,0.07286
508.0,0.07107
509.0,0.07353
510.0,0.07356
511.0,0.07595
512.0,0.07701
513.0,0.07293
514.0,0.07248
515.0,0.07173
516.0,0.0715
517.0,0.06357
518.0,0.0668
519.0,0.07005
520.0,0.07251
521.0,0.07311
522.0,0.07299
523.0,0.07155
524.0,0.07368
525.0,0.07404
526.0,0.07052
527.0,0.06603
528.0,0.06955
529.0,0.073
530.0,0.0717
531.0,0.07253
532.0,0.06994
533.0,0.06789
534.0,0.07007
535.0,0.0719
536.0,0.07283
537.0,0.07017
538.0,0.07145
539.0,0.07081
540.0,0.06771
541.0,0.06755
542.0,0.06941
543.0,0.06907
544.0,0.06977
545.0,0.06966
546.0,0.06957
547.0,0.06997
548.0,0.06937
549.0,0.06969
550.0,0.07055
551.0,0.0698
552.0,0.07033
553.0,0.06901
554.0,0.07065
555.0,0.07072
556.0,0.06968
557.0,0.0673
558.0,0.06651
559.0,0.06495
560.0,0.0654
561.0,0.06588
562.0,0.065
563.0,0.06635
564.0,0.06417
565.0,0.06331
566.0,0.0621
567.0,0.0628
568.0,0.06122
569.0,0.05819
570.0,0.05824
571.0,0.0582
572.0,0.05845
573.0,0.05881
574.0,0.05831
575.0,0.05685
576.0,0.05636
577.0,0.05713
578.0,0.05679
579.0,0.05794
580.0,0.06049
581.0,0.06202
582.0,0.06413
583.0,0.06506
584.0,0.06615
585.0,0.06489
586.0,0.06369
587.0,0.06462
588.0,0.06105
589.0,0.05013
590.0,0.05233
591.0,0.058
592.0,0.05562
593.0,0.05816
594.0,0.05734
595.0,0.05389
596.0,0.05995
597.0,0.05781
598.0,0.05885
599.0,0.05924
600.0,0.06002
601.0,0.06023
602.0,0.06001
603.0,0.06153
604.0,0.06291
605.0,0.06294
606.0,0.06296
607.0,0.06391
608.0,0.06358
609.0,0.06412
610.0,0.06408
611.0,0.06484
612.0,0.06504
613.0,0.06463
614.0,0.06411
615.0,0.06584
616.0,0.06393
617.0,0.06403
618.0,0.06674
619.0,0.06625
620.0,0.06676
621.0,0.06697
622.0,0.06629
623.0,0.06531
624.0,0.06402
625.0,0.06372
626.0,0.06437
627.0,0.06426
628.0,0.04815
629.0,0.05819
630.0,0.0563
631.0,0.06142
632.0,0.06138
633.0,0.06497
634.0,0.06576
635.0,0.06755
636.0,0.06751
637.0,0.06933
638.0,0.07116
639.0,0.07096
640.0,0.07104
641.0,0.07153
642.0,0.07188
643.0,0.07298
644.0,0.07338
645.0,0.07309
646.0,0.06984
647.0,0.06494
648.0,0.0663
649.0,0.06356
650.0,0.06923
651.0,0.07303
652.0,0.06598
653.0,0.07273
654.0,0.07202
655.0,0.06722
656.0,0.06098
657.0,0.06318
658.0,0.07247
659.0,0.07369
660.0,0.07456
661.0,0.07668
662.0,0.07813
663.0,0.07658
664.0,0.07762
665.0,0.07788
666.0,0.07829
667.0,0.07849
668.0,0.07902
669.0,0.08044
670.0,0.08039
671.0,0.08068
672.0,0.08028
673.0,0.08179
674.0,0.08174
675.0,0.08127
676.0,0.08207
677.0,0.08152
678.0,0.08199
679.0,0.0809
680.0,0.08171
681.0,0.08124
682.0,0.08122
683.0,0.0811
684.0,0.08062
685.0,0.08172
686.0,0.08077
687.0,0.01624
688.0,0.02652
689.0,0.02697
690.0,0.03293
691.0,0.042
692.0,0.05144
693.0,0.05176
694.0,0.05507
695.0,0.06426
696.0,0.06493
697.0,0.07712
698.0,0.07546
699.0,0.06767
700.0,0.06677
701.0,0.06301
702.0,0.06555
703.0,0.06774
704.0,0.07358
705.0,0.0729
706.0,0.07396
707.0,0.07479
708.0,0.07459
709.0,0.07764
710.0,0.07558
711.0,0.07673
712.0,0.0782
713.0,0.07561
714.0,0.07689
715.0,0.07166
716.0,0.07097
717.0,0.04301
718.0,0.03917
719.0,0.03476
720.0,0.03418
721.0,0.04621
722.0,0.06343
723.0,0.05426
724.0,0.04253
725.0,0.04063
726.0,0.04275
727.0,0.04759
728.0,0.03974
729.0,0.04683
730.0,0.04741
731.0,0.04428
732.0,0.05486
733.0,0.06347
734.0,0.06778
735.0,0.06499
736.0,0.06373
737.0,0.06436
738.0,0.0721
739.0,0.07125
740.0,0.07497
741.0,0.07528
742.0,0.07678
743.0,0.07908
744.0,0.07973
745.0,0.08067
746.0,0.08104
747.0,0.08146
748.0,0.08139
749.0,0.08057
750.0,0.08059
751.0,0.07981
752.0,0.08029
753.0,0.08083
754.0,0.08098
755.0,0.08045
756.0,0.08058
757.0,0.08065
758.0,0.07943
759.0,0.07193
760.0,0.002073
761.0,0.001105
762.0,0.006964
763.0,0.003094
764.0,0.004692
765.0,0.006878
766.0,0.01147
767.0,0.02484
768.0,0.04933
769.0,0.05761
770.0,0.06932
771.0,0.07481
772.0,0.07661
773.0,0.07759
774.0,0.07759
775.0,0.07728
776.0,0.07838
777.0,0.07742
778.0,0.0769
779.0,0.07698
780.0,0.07668
781.0,0.07683
782.0,0.07741
783.0,0.0762
784.0,0.07676
785.0,0.07579
786.0,0.07622
787.0,0.07066
788.0,0.06824
789.0,0.06875
790.0,0.06291
791.0,0.06761
792.0,0.06799
793.0,0.06649
794.0,0.07202
795.0,0.07201
796.0,0.0627
797.0,0.062
798.0,0.07088
799.0,0.06953
800.0,0.06649
801.0,0.06458
802.0,0.06357
803.0,0.06181
804.0,0.06303
805.0,0.06504
806.0,0.07091
807.0,0.06957
808.0,0.06932
809.0,0.06487
810.0,0.06354
811.0,0.06104
812.0,0.0536
813.0,0.05253
814.0,0.03835
815.0,0.03933
816.0,0.03464
817.0,0.03483
818.0,0.0322
819.0,0.04118
820.0,0.03813
821.0,0.05599
822.0,0.05175
823.0,0.02029
824.0,0.04541
825.0,0.05626
826.0,0.04833
827.0,0.05607
828.0,0.03516
829.0,0.04964
830.0,0.04887
831.0,0.04827
832.0,0.0446
833.0,0.05257
834.0,0.04885
835.0,0.06301
836.0,0.05263
837.0,0.06268
838.0,0.0579
839.0,0.06083
840.0,0.06333
841.0,0.06057
842.0,0.06348
843.0,0.06697
844.0,0.06456
845.0,0.06849
846.0,0.06906
847.0,0.06859
848.0,0.06673
849.0,0.06495
850.0,0.0622
851.0,0.06441
852.0,0.06486
853.0,0.06345
854.0,0.05385
855.0,0.0605
856.0,0.06558
857.0,0.06803
858.0,0.06706
859.0,0.06788
860.0,0.06847
861.0,0.06793
862.0,0.06926
863.0,0.07089
864.0,0.06745
865.0,0.067
866.0,0.06026
867.0,0.06293
868.0,0.06854
869.0,0.0672
870.0,0.06916
871.0,0.06819
872.0,0.06805
873.0,0.06795
874.0,0.06716
875.0,0.06573
876.0,0.06631
877.0,0.06709
878.0,0.06756
879.0,0.06658
880.0,0.06519
881.0,0.0635
882.0,0.06447
883.0,0.06553
884.0,0.06488
885.0,0.06524
886.0,0.06033
887.0,0.06251
888.0,0.06254
889.0,0.06506
890.0,0.06207
891.0,0.06315
892.0,0.05846
893.0,0.05453
894.0,0.04694
895.0,0.03846
896.0,0.03396
897.0,0.02432
898.0,0.028
899.0,0.01628
900.0,0.03149
901.0,0.01736
902.0,0.02466
903.0,0.02337
904.0,0.04465
905.0,0.04167
906.0,0.03681
907.0,0.02034
908.0,0.02358
909.0,0.02718
910.0,0.01914
911.0,0.0264
912.0,0.02634
913.0,0.01928
914.0,0.02094
915.0,0.02122
916.0,0.01768
917.0,0.02751
918.0,0.01731
919.0,0.02946
920.0,0.03681
921.0,0.03692
922.0,0.02875
923.0,0.03632
924.0,0.0274
925.0,0.02644
926.0,0.02626
927.0,0.03301
928.0,0.01313
929.0,0.01017
930.0,0.004796
931.0,0.00408
932.0,0.00194
933.0,0.001341
934.0,0.0005724
935.0,0.001438
936.0,0.0007376
937.0,0.0007549
938.0,0.0009544
939.0,0.003871
940.0,0.006074
941.0,0.003087
942.0,0.003977
943.0,0.001891
944.0,0.00274
945.0,0.003437
946.0,0.0009944
947.0,0.003155
948.0,0.00228
949.0,0.005959
950.0,0.0006588
951.0,0.005508
952.0,0.001907
953.0,0.003072
954.0,0.004679
955.0,0.003499
956.0,0.00593
957.0,0.001944
958.0,0.00905
959.0,0.004744
960.0,0.005605
961.0,0.008286
962.0,0.007951
963.0,0.01185
964.0,0.01019
965.0,0.01076
966.0,0.0118
967.0,0.0112
968.0,0.03099
969.0,0.02807
970.0,0.02544
971.0,0.03669
972.0,0.03255
973.0,0.02067
974.0,0.01997
975.0,0.02184
976.0,0.01688
977.0,0.0299
978.0,0.02331
979.0,0.02602
980.0,0.02418
981.0,0.03693
982.0,0.03313
983.0,0.02994
984.0,0.04337
985.0,0.03193
986.0,0.04806
987.0,0.04411
988.0,0.04545
989.0,0.0507
990.0,0.04356
991.0,0.05047
992.0,0.05119
993.0,0.04687
994.0,0.05177
995.0,0.05251
996.0,0.05147
997.0,0.0519
998.0,0.05134
999.0,0.0514
1000.0,0.04992
1001.0,0.05184
1002.0,0.04526
1003.0,0.05069
1004.0,0.04793
1005.0,0.04804
1006.0,0.04932
1007.0,0.05054
1008.0,0.04956
1009.0,0.04839
1010.0,0.04781
1011.0,0.05036
1012.0,0.04926
1013.0,0.05063
1014.0,0.05025
1015.0,0.04982
1016.0,0.04945
1017.0,0.04931
1018.0,0.04982
1019.0,0.04673
1020.0,0.04927
1021.0,0.04955
1022.0,0.04843
1023.0,0.04899
1024.0,0.04644
1025.0,0.04946
1026.0,0.04865
1027.0,0.04879
1028.0,0.04853
1029.0,0.04764
1030.0,0.0487
1031.0,0.04826
1032.0,0.0483
1033.0,0.04757
1034.0,0.04763
1035.0,0.04778
1036.0,0.04775
1037.0,0.04708
1038.0,0.04719
1039.0,0.04702
1040.0,0.04678
1041.0,0.04677
1042.0,0.04641
1043.0,0.04615
1044.0,0.04616
1045.0,0.0454
1046.0,0.04476
1047.0,0.045
1048.0,0.04506
1049.0,0.04473
1050.0,0.04432
1051.0,0.04402
1052.0,0.04363
1053.0,0.043
1054.0,0.0428
1055.0,0.04249
1056.0,0.04196
1057.0,0.04155
1058.0,0.04023
1059.0,0.03992
1060.0,0.0397
1061.0,0.03946
1062.0,0.03935
1063.0,0.03869
1064.0,0.03924
1065.0,0.03819
1066.0,0.03802
1067.0,0.03836
1068.0,0.03699
1069.0,0.03639
1070.0,0.03737
1071.0,0.03934
1072.0,0.03785
1073.0,0.03742
1074.0,0.04029
1075.0,0.03537
1076.0,0.04009
1077.0,0.03815
1078.0,0.03605
1079.0,0.0404
1080.0,0.03675
1081.0,0.03437
1082.0,0.03754
1083.0,0.03865
1084.0,0.03332
1085.0,0.03726
1086.0,0.02982
1087.0,0.03382
1088.0,0.03827
1089.0,0.03284
1090.0,0.03106
1091.0,0.03692
1092.0,0.03713
1093.0,0.02383
1094.0,0.03292
1095.0,0.02432
1096.0,0.02164
1097.0,0.03639
1098.0,0.02039
1099.0,0.02149
1100.0,0.01748
1101.0,0.01944
1102.0,0.01659
1103.0,0.01484
1104.0,0.01558
1105.0,0.01936
1106.0,0.008229
1107.0,0.01793
1108.0,0.01047
1109.0,0.01004
1110.0,0.015
1111.0,0.004647
1112.0,0.01021
1113.0,0.002714
1114.0,0.002925
1115.0,0.002048
1116.0,0.0008809
1117.0,0.0001759
1118.0,0.0009988
1119.0,0.0002857
1120.0,0.0003344
1121.0,0.0004676
1122.0,0.0001596
1123.0,0.0002936
1124.0,0.0002477
1125.0,0.0003563
1126.0,9.552e-05
1127.0,0.0003949
1128.0,0.0001913
1129.0,0.000203
1130.0,0.0001376
1131.0,0.001274
1132.0,0.0008329
1133.0,0.0003389
1134.0,7.229e-05
1135.0,2.723e-05
1136.0,0.0002549
1137.0,0.001154
1138.0,0.0006802
1139.0,0.002416
1140.0,0.001355
1141.0,0.0006754
1142.0,0.0009119
1143.0,0.002015
1144.0,0.0003072
1145.0,0.000303
1146.0,0.0003263
1147.0,9.922e-05
1148.0,0.001483
1149.0,0.0008693
1150.0,0.0004236
1151.0,0.0006899
1152.0,0.001161
1153.0,0.001528
1154.0,0.0003498
1155.0,0.002617
1156.0,0.001998
1157.0,0.003909
1158.0,0.003936
1159.0,0.004334
1160.0,0.004076
1161.0,0.007624
1162.0,0.007384
1163.0,0.01714
1164.0,0.01208
1165.0,0.009403
1166.0,0.01143
1167.0,0.01348
1168.0,0.01423
1169.0,0.01515
1170.0,0.01905
1171.0,0.01786
1172.0,0.02087
1173.0,0.01864
1174.0,0.00838
1175.0,0.0206
1176.0,0.02774
1177.0,0.02334
1178.0,0.01268
1179.0,0.02743
1180.0,0.01952
1181.0,0.02002
1182.0,0.008122
1183.0,0.02071
1184.0,0.01719
1185.0,0.01468
1186.0,0.02412
1187.0,0.0201
1188.0,0.00726
1189.0,0.01854
1190.0,0.02437
1191.0,0.01849
1192.0,0.0254
1193.0,0.02248
1194.0,0.02435
1195.0,0.01982
1196.0,0.01733
1197.0,0.02516
1198.0,0.02262
1199.0,0.01258
1200.0,0.02246
1201.0,0.01853
1202.0,0.02185
1203.0,0.01905
1204.0,0.01504
1205.0,0.02388
1206.0,0.02971
1207.0,0.02055
1208.0,0.02231
1209.0,0.02234
1210.0,0.02544
1211.0,0.02234
1212.0,0.01741
1213.0,0.02614
1214.0,0.01916
1215.0,0.01867
1216.0,0.02718
1217.0,0.02507
1218.0,0.02684
1219.0,0.0253
1220.0,0.02687
1221.0,0.02927
1222.0,0.02709
1223.0,0.02623
1224.0,0.02405
1225.0,0.0279
1226.0,0.02979
1227.0,0.02256
1228.0,0.0304
1229.0,0.02959
1230.0,0.02856
1231.0,0.03165
1232.0,0.03135
1233.0,0.02656
1234.0,0.03281
1235.0,0.03172
1236.0,0.03265
1237.0,0.03069
1238.0,0.03256
1239.0,0.0321
1240.0,0.03252
1241.0,0.03103
1242.0,0.03212
1243.0,0.03196
1244.0,0.0317
1245.0,0.03212
1246.0,0.03201
1247.0,0.03143
1248.0,0.03071
1249.0,0.03144
1250.0,0.03078
1251.0,0.02946
1252.0,0.03065
1253.0,0.02831
1254.0,0.02664
1255.0,0.0301
1256.0,0.02555
1257.0,0.0247
1258.0,0.02799
1259.0,0.02179
1260.0,0.0225
1261.0,0.01606
1262.0,0.01336
1263.0,0.01331
1264.0,0.008426
1265.0,0.01326
1266.0,0.0103
1267.0,0.01216
1268.0,0.009012
1269.0,0.0006606
1270.0,0.01141
1271.0,0.01687
1272.0,0.01713
1273.0,0.01641
1274.0,0.01734
1275.0,0.01834
1276.0,0.01964
1277.0,0.02148
1278.0,0.02393
1279.0,0.02412
1280.0,0.02366
1281.0,0.02382
1282.0,0.02488
1283.0,0.02635
1284.0,0.02679
1285.0,0.02739
1286.0,0.0287
1287.0,0.02644
1288.0,0.02728
1289.0,0.02286
1290.0,0.02696
1291.0,0.0281
1292.0,0.02097
1293.0,0.02644
1294.0,0.02597
1295.0,0.02329
1296.0,0.01989
1297.0,0.01683
1298.0,0.02204
1299.0,0.02655
1300.0,0.0155
1301.0,0.01625
1302.0,0.02258
1303.0,0.01558
1304.0,0.008648
1305.0,0.02125
1306.0,0.01985
1307.0,0.01008
1308.0,0.01596
1309.0,0.01839
1310.0,0.009219
1311.0,0.01428
1312.0,0.01392
1313.0,0.01107
1314.0,0.007683
1315.0,0.007243
1316.0,0.01306
1317.0,0.01141
1318.0,0.01459
1319.0,0.006187
1320.0,0.006144
1321.0,0.009369
1322.0,0.008159
1323.0,0.003094
1324.0,0.006343
1325.0,0.01093
1326.0,0.007385
1327.0,0.006192
1328.0,0.003814
1329.0,0.001218
1330.0,0.002641
1331.0,0.0005439
1332.0,0.0005918
1333.0,0.001046
1334.0,0.001862
1335.0,0.00244
1336.0,0.001194
1337.0,0.001145
1338.0,0.001152
1339.0,0.001116
1340.0,0.001359
1341.0,0.0006487
1342.0,0.0007983
1343.0,0.0002125
1344.0,0.0001312
1345.0,0.0001451
1346.0,5.484e-05
1347.0,5.484e-05
1348.0,3.508e-06
1349.0,1.258e-05
1350.0,1.305e-05
1351.0,3.153e-06
1352.0,8.483e-07
1353.0,4.317e-08
1354.0,1.484e-07
1355.0,1.195e-09
1356.0,2.091e-08
1357.0,3.177e-08
1358.0,1.403e-09
1359.0,1.767e-10
1360.0,6.387e-10
1361.0,7.145e-13
1362.0,1.954e-15
1363.0,8.589e-10
1364.0,3.546e-10
1365.0,6.824e-16
1366.0,3.722e-09
1367.0,1.519e-09
1368.0,5.27e-18
1369.0,1.307e-10
1370.0,6.436e-11
1371.0,3.648e-12
1372.0,8.242e-10
1373.0,1.661e-08
1374.0,7.701e-08
1375.0,1.397e-07
1376.0,1.253e-07
1377.0,5.722e-08
1378.0,5.595e-07
1379.0,2.391e-08
1380.0,3.436e-08
1381.0,8.951e-10
1382.0,7.225e-10
1383.0,1.08e-11
1384.0,1.416e-10
1385.0,6.773e-10
1386.0,6.37e-10
1387.0,7.705e-08
1388.0,1.516e-09
1389.0,2.602e-07
1390.0,2.233e-07
1391.0,1.485e-07
1392.0,9.626e-09
1393.0,5.1e-08
1394.0,2.628e-08
1395.0,1.926e-10
1396.0,9.309e-13
1397.0,2.008e-08
1398.0,5.937e-07
1399.0,3.756e-07
1400.0,3.981e-13
1401.0,1.652e-12
1402.0,1.04e-06
1403.0,1.303e-06
1404.0,3.959e-07
1405.0,9.122e-11
1406.0,1.023e-06
1407.0,9.019e-08
1408.0,8.327e-07
1409.0,2.776e-07
1410.0,2.222e-07
1411.0,1.121e-06
1412.0,1.512e-06
1413.0,1.574e-05
1414.0,1.735e-07
1415.0,8.286e-08
1416.0,2.61e-05
1417.0,7.689e-06
1418.0,8.697e-06
1419.0,1.338e-06
1420.0,5.285e-06
1421.0,5.71e-06
1422.0,3.364e-05
1423.0,6.433e-06
1424.0,1.261e-05
1425.0,1.768e-05
1426.0,2.134e-05
1427.0,3.895e-05
1428.0,2.619e-06
1429.0,2.784e-05
1430.0,5.578e-05
1431.0,6.244e-05
1432.0,2.036e-06
1433.0,3.549e-05
1434.0,1.712e-05
1435.0,1.605e-05
1436.0,3.298e-05
1437.0,2.477e-05
1438.0,1.019e-05
1439.0,4.546e-05
1440.0,3.657e-05
1441.0,2.437e-05
1442.0,2.654e-05
1443.0,3.445e-05
1444.0,5.588e-05
1445.0,3.769e-05
1446.0,1.606e-05
1447.0,2.622e-05
1448.0,0.0001579
1449.0,0.0001304
1450.0,2.052e-05
1451.0,7.769e-06
1452.0,5.191e-05
1453.0,7.375e-05
1454.0,0.000344
1455.0,7.094e-05
1456.0,9.538e-05
1457.0,0.0001927
1458.0,0.0005034
1459.0,0.0006686
1460.0,0.0001767
1461.0,9.346e-05
1462.0,0.0003329
1463.0,4.782e-05
1464.0,0.0005853
1465.0,0.0002684
1466.0,5.414e-05
1467.0,2.556e-05
1468.0,7.293e-05
1469.0,0.0001298
1470.0,3.256e-05
1471.0,1.307e-05
1472.0,3.091e-05
1473.0,5.568e-05
1474.0,0.0002024
1475.0,0.0009665
1476.0,8.022e-05
1477.0,6.208e-05
1478.0,0.0001066
1479.0,0.0003395
1480.0,5.399e-05
1481.0,0.0002162
1482.0,8.428e-05
1483.0,0.000611
1484.0,0.0008219
1485.0,0.0006195
1486.0,0.0003065
1487.0,6.076e-05
1488.0,0.0003295
1489.0,0.001939
1490.0,0.002449
1491.0,0.003038
1492.0,0.001026
1493.0,0.002364
1494.0,0.004542
1495.0,0.002871
1496.0,0.002179
1497.0,0.007695
1498.0,0.004301
1499.0,0.005923
1500.0,0.01092
1501.0,0.01086
1502.0,0.008523
1503.0,0.004705
1504.0,0.002149
1505.0,0.00488
1506.0,0.01234
1507.0,0.01139
1508.0,0.01053
1509.0,0.004826
1510.0,0.0141
1511.0,0.01186
1512.0,0.01394
1513.0,0.009569
1514.0,0.007583
1515.0,0.01499
1516.0,0.01347
1517.0,0.01082
1518.0,0.01218
1519.0,0.01008
1520.0,0.01295
1521.0,0.0187
1522.0,0.0149
1523.0,0.01938
1524.0,0.01712
1525.0,0.01356
1526.0,0.01329
1527.0,0.0148
1528.0,0.01861
1529.0,0.01704
1530.0,0.01439
1531.0,0.01632
1532.0,0.01953
1533.0,0.02013
1534.0,0.01939
1535.0,0.01836
1536.0,0.01948
1537.0,0.01831
1538.0,0.01982
1539.0,0.01882
1540.0,0.01975
1541.0,0.01957
1542.0,0.01862
1543.0,0.01976
1544.0,0.01885
1545.0,0.02023
1546.0,0.01904
1547.0,0.01944
1548.0,0.01949
1549.0,0.02006
1550.0,0.0197
1551.0,0.01962
1552.0,0.01891
1553.0,0.01963
1554.0,0.0192
1555.0,0.01954
1556.0,0.01939
1557.0,0.01976
1558.0,0.01964
1559.0,0.01945
1560.0,0.01953
1561.0,0.01971
1562.0,0.01908
1563.0,0.01905
1564.0,0.01903
1565.0,0.0195
1566.0,0.019
1567.0,0.01917
1568.0,0.01881
1569.0,0.01929
1570.0,0.01936
1571.0,0.01943
1572.0,0.0193
1573.0,0.01898
1574.0,0.0181
1575.0,0.01772
1576.0,0.01691
1577.0,0.01633
1578.0,0.01686
1579.0,0.01642
1580.0,0.01681
1581.0,0.01661
1582.0,0.01646
1583.0,0.01633
1584.0,0.01765
1585.0,0.01808
1586.0,0.01764
1587.0,0.01739
1588.0,0.01772
1589.0,0.01726
1590.0,0.01733
1591.0,0.01792
1592.0,0.01795
1593.0,0.01875
1594.0,0.01838
1595.0,0.01842
1596.0,0.0177
1597.0,0.01766
1598.0,0.01863
1599.0,0.01845
1600.0,0.01853
1601.0,0.01801
1602.0,0.01778
1603.0,0.01848
1604.0,0.0183
1605.0,0.01836
1606.0,0.01812
1607.0,0.0183
1608.0,0.01781
1609.0,0.01768
1610.0,0.01729
1611.0,0.01751
1612.0,0.01795
1613.0,0.01762
1614.0,0.01782
1615.0,0.01751
1616.0,0.01719
1617.0,0.01719
1618.0,0.01786
1619.0,0.01702
1620.0,0.01721
1621.0,0.01725
1622.0,0.0175
1623.0,0.01783
1624.0,0.01732
1625.0,0.01725
1626.0,0.0172
1627.0,0.01749
1628.0,0.01717
1629.0,0.01728
1630.0,0.01703
1631.0,0.01634
1632.0,0.01665
1633.0,0.01493
1634.0,0.01672
1635.0,0.01488
1636.0,0.01579
1637.0,0.01611
1638.0,0.01261
1639.0,0.01566
1640.0,0.01196
1641.0,0.01517
1642.0,0.01617
1643.0,0.0111
1644.0,0.01643
1645.0,0.01332
1646.0,0.01095
1647.0,0.01654
1648.0,0.01106
1649.0,0.01514
1650.0,0.0156
1651.0,0.009905
1652.0,0.01492
1653.0,0.01559
1654.0,0.01119
1655.0,0.01548
1656.0,0.01368
1657.0,0.01449
1658.0,0.016
1659.0,0.01549
1660.0,0.01566
1661.0,0.01539
1662.0,0.01363
1663.0,0.01588
1664.0,0.01533
1665.0,0.01111
1666.0,0.00329
1667.0,0.01104
1668.0,0.01456
1669.0,0.01459
1670.0,0.01559
1671.0,0.01443
1672.0,0.01491
1673.0,0.01552
1674.0,0.0137
1675.0,0.0139
1676.0,0.01468
1677.0,0.01391
1678.0,0.01224
1679.0,0.01499
1680.0,0.01403
1681.0,0.01202
1682.0,0.01467
1683.0,0.01502
1684.0,0.009698
1685.0,0.01513
1686.0,0.01502
1687.0,0.01228
1688.0,0.01455
1689.0,0.01455
1690.0,0.01387
1691.0,0.009674
1692.0,0.01336
1693.0,0.01513
1694.0,0.01248
1695.0,0.01448
1696.0,0.01493
1697.0,0.00761
1698.0,0.0141
1699.0,0.0141
1700.0,0.01259
1702.0,0.01383
1705.0,0.01205
1710.0,0.01101
1715.0,0.01129
1720.0,0.01161
1725.0,0.009056
1730.0,0.009332
1735.0,0.00859
1740.0,0.008315
1745.0,0.007691
1750.0,0.007822
1755.0,0.006634
1760.0,0.007067
1765.0,0.004243
1770.0,0.004432
1775.0,0.002439
1780.0,0.001496
1785.0,0.0005997
1790.0,0.0008
1795.0,2.323e-05
1800.0,2.529e-05
1805.0,3.945e-06
1810.0,2.824e-06
1815.0,7.398e-07
1820.0,1.851e-07
1825.0,2.415e-07
1830.0,5.887e-10
1835.0,8.913e-10
1840.0,5.201e-12
1845.0,5.561e-10
1850.0,2.51e-10
1855.0,2.399e-11
1860.0,1.375e-09
1865.0,1.916e-09
1870.0,1.049e-14
1875.0,1.895e-14
1880.0,1.009e-08
1885.0,5.377e-09
1890.0,2.949e-08
1895.0,1.711e-08
1900.0,7.315e-11
1905.0,4.982e-11
1910.0,2.413e-09
1915.0,2.351e-09
1920.0,6.166e-08
1925.0,1.448e-07
1930.0,8.365e-08
1935.0,6.379e-07
1940.0,6.533e-07
1945.0,2.681e-06
1950.0,1.281e-05
1955.0,5.219e-06
1960.0,3.819e-05
1965.0,0.0003897
1970.0,0.001112
1975.0,0.00149
1980.0,0.001601
1985.0,0.002217
1990.0,0.002553
1995.0,0.003035
2000.0,0.003979
2005.0,0.00219
2010.0,0.006972
2015.0,0.003219
2020.0,0.004249
2025.0,0.005942
2030.0,0.004506
2035.0,0.006728
2040.0,0.005693
2045.0,0.005994
2050.0,0.006943
2055.0,0.005883
2060.0,0.005391
2065.0,0.005772
2070.0,0.005461
2075.0,0.006628
2080.0,0.006431
2085.0,0.006356
2090.0,0.00675
2095.0,0.006308
2100.0,0.005068
2105.0,0.00634
2110.0,0.005523
2115.0,0.006327
2120.0,0.005162
2125.0,0.005691
2130.0,0.006204
2135.0,0.006405
2140.0,0.006609
2145.0,0.006505
2150.0,0.004997
2155.0,0.005071
2160.0,0.005192
2165.0,0.004549
2170.0,0.005278
2175.0,0.004538
2180.0,0.005178
2185.0,0.003802
2190.0,0.004868
2195.0,0.004657
2200.0,0.002378
2205.0,0.003691
2210.0,0.005357
2215.0,0.004474
2220.0,0.004738
2225.0,0.004354
2230.0,0.004416
2235.0,0.004041
2240.0,0.003957
2245.0,0.003187
2250.0,0.003883
2255.0,0.002637
2260.0,0.002476
2265.0,0.003089
2270.0,0.002119
2275.0,0.001994
2280.0,0.002976
2285.0,0.001992
2290.0,0.002061
2295.0,0.001944
2300.0,0.001373
2305.0,0.001493
2310.0,0.00302
2315.0,0.001541
2320.0,0.0008175
2325.0,0.002105
2330.0,0.001665
2335.0,0.001983
2340.0,0.0006405
2345.0,0.0009229
2350.0,0.000477
2355.0,0.0007223
2360.0,0.001023
2365.0,0.001357
2370.0,7.897e-05
2375.0,0.0006193
2380.0,0.0007283
2385.0,0.0002364
2390.0,0.0003988
2395.0,0.0005153
2400.0,0.0006847
2405.0,0.0004171
2410.0,0.0004235
2415.0,0.0001084
2420.0,0.0001217
2425.0,0.0002105
2430.0,0.0005394
2435.0,1.686e-05
2440.0,0.0006018
2445.0,4.534e-05
2450.0,1.032e-05
2455.0,0.0001256
2460.0,0.00014
2465.0,3.46e-05
2470.0,4.222e-06
2475.0,5.404e-06
2480.0,1.7e-06
2485.0,4.304e-07
2490.0,2.447e-07
2495.0,2.117e-07
2500.0,5.628e-07
2505.0,1.214e-07
2510.0,1.969e-07
2515.0,3.402e-08
2520.0,1.868e-08
2525.0,2.131e-09
2530.0,1.483e-11
2535.0,3.28e-12
2540.0,7.782e-12
2545.0,6.035e-16
2550.0,2.447e-18
2555.0,1.174e-14
2560.0,3.525e-16
2565.0,7.891000000000001e-20
2570.0,2.35e-24
2575.0,1.486e-34
2580.0,1.55e-28
2585.0,3.2400000000000004e-42
2590.0,2.021e-38
2595.0,3.932e-40
2600.0,3.2380000000000003e-35
2605.0,3.578e-42
2610.0,1.232e-41
2615.0,1.4009999999999999e-45
2620.0,1.085e-35
2625.0,1.9870000000000001e-35
2630.0,0.0
2635.0,1.035e-21
2640.0,2.24e-22
2645.0,9.766e-25
2650.0,9.727000000000001e-26
2655.0,1.17e-34
2660.0,9.849000000000001e-32
2665.0,9.808999999999999e-45
2670.0,0.0
2675.0,4.763999999999999e-44
2680.0,1.997e-30
2685.0,1.908e-31
2690.0,7.138000000000001e-31
2695.0,2.8e-33
2700.0,8.156999999999999e-29
2705.0,2.3130000000000003e-26
2710.0,1.842e-31
2715.0,2.3259999999999998e-29
2720.0,0.0
2725.0,5.208e-27
2730.0,1.518e-24
2735.0,1.7310000000000001e-26
2740.0,3.1280000000000003e-32
2745.0,4.033e-27
2750.0,2.2600000000000002e-26
2755.0,3.637e-28
2760.0,5.448e-23
2765.0,2.557e-29
2770.0,1.2570000000000001e-26
2775.0,1.5509999999999998e-23
2780.0,7.222e-21
2785.0,2.712e-20
2790.0,6.183e-18
2795.0,1.36e-18
2800.0,9.171e-09
2805.0,8.119e-17
2810.0,3.256e-13
2815.0,9.71e-14
2820.0,1.186e-15
2825.0,1.041e-11
2830.0,2.263e-10
2835.0,3.117e-15
2840.0,6.671e-12
2845.0,2.309e-09
2850.0,3.996e-11
2855.0,1.596e-11
2860.0,8.298e-10
2865.0,6.118e-09
2870.0,1.552e-10
2875.0,1.489e-08
2880.0,9.388e-09
2885.0,1.546e-08
2890.0,6.588e-09
2895.0,1.14e-07
2900.0,3.123e-08
2905.0,3.614e-09
2910.0,1.173e-07
2915.0,4.912e-08
2920.0,1.227e-07
2925.0,5.279e-08
2930.0,5.568e-07
2935.0,5.344e-07
2940.0,8.696e-08
2945.0,5.509e-08
2950.0,3.094e-07
2955.0,1.433e-07
2960.0,8.212e-07
2965.0,2.947e-06
2970.0,1.304e-08
2975.0,5.409e-08
2980.0,8.434e-08
2985.0,4.043e-06
2990.0,2.628e-05
2995.0,4.892e-07
3000.0,3.882e-06
3005.0,3.598e-07
3010.0,4.983e-06
3015.0,1.659e-06
3020.0,2.025e-08
3025.0,3.052e-06
3030.0,2.174e-06
3035.0,1.124e-07
3040.0,1.93e-07
3045.0,3.179e-07
3050.0,4.006e-08
3055.0,8.853e-09
3060.0,2.104e-06
3065.0,2.558e-07
3070.0,6.645e-08
3075.0,1.757e-06
3080.0,2.996e-07
3085.0,6.111e-08
3090.0,1.026e-07
3095.0,1.966e-08
3100.0,6.605e-07
3105.0,5.723e-08
3110.0,2.463e-08
3115.0,7.784e-08
3120.0,9.683e-06
3125.0,2.934e-06
3130.0,4.732e-06
3135.0,1.921e-05
3140.0,5.544e-07
3145.0,5.907e-07
3150.0,5.901e-06
3155.0,5.514e-06
3160.0,1.797e-05
3165.0,8.486e-05
3170.0,8.977e-05
3175.0,1.237e-05
3180.0,4.333e-05
3185.0,1.806e-06
3190.0,1.956e-06
3195.0,8.188e-08
3200.0,1.076e-08
3205.0,7.026e-09
3210.0,2.928e-09
3215.0,1.207e-08
3220.0,4.192e-08
3225.0,5.001e-09
3230.0,8.029e-09
3235.0,2.293e-06
3240.0,1.201e-07
3245.0,4.796e-08
3250.0,1.112e-07
3255.0,8.616e-06
3260.0,3.76e-08
3265.0,7.709e-08
3270.0,3.12e-08
3275.0,1.452e-06
3280.0,1.625e-07
3285.0,3.171e-05
3290.0,5.777e-06
3295.0,1.068e-07
3300.0,6.459e-08
3305.0,3.469e-07
3310.0,1.895e-07
3315.0,1.498e-10
3320.0,9.44e-10
3325.0,1.03e-07
3330.0,6.688e-06
3335.0,1.246e-05
3340.0,5.578e-06
3345.0,3.852e-07
3350.0,2.324e-05
3355.0,6.761e-07
3360.0,3.981e-06
3365.0,2.516e-05
3370.0,2.812e-07
3375.0,6.526e-05
3380.0,9.342e-07
3385.0,3.31e-05
3390.0,3.1e-05
3395.0,6.12e-05
3400.0,0.0002734
3405.0,6.085e-07
3410.0,5.06e-05
3415.0,6.206e-06
3420.0,0.000396
3425.0,4.654e-05
3430.0,1.533e-05
3435.0,0.0002965
3440.0,1.143e-05
3445.0,0.0002228
3450.0,0.0001287
3455.0,3.282e-05
3460.0,0.0004245
3465.0,4.972e-05
3470.0,0.0003963
3475.0,0.0001446
3480.0,0.0001642
3485.0,0.0003478
3490.0,0.0001155
3495.0,0.0003666
3500.0,0.0003247
3505.0,0.0003229
3510.0,0.0003488
3515.0,0.0003218
3520.0,0.0004249
3525.0,0.0003869
3530.0,0.0002774
3535.0,9.8e-05
3540.0,7.963e-05
3545.0,9.187e-05
3550.0,0.0002579
3555.0,0.0001233
3560.0,0.0003116
3565.0,0.0002541
3570.0,0.0001094
3575.0,7.703e-05
3580.0,0.0002384
3585.0,0.0001208
3590.0,0.0001871
3595.0,0.0002872
3600.0,0.0003518
3605.0,0.0002546
3610.0,0.000201
3615.0,0.0002931
3620.0,0.0005836
3625.0,0.0002766
3630.0,0.0003203
3635.0,0.0003531
3640.0,0.0005955
3645.0,0.0003176
3650.0,0.000326
3655.0,0.0004888
3660.0,0.0005234
3665.0,0.0002839
3670.0,0.0001579
3675.0,2.018e-05
3680.0,0.0001303
3685.0,0.0002409
3690.0,0.0002295
3695.0,0.0003948
3700.0,0.0006038
3705.0,0.0005537
3710.0,0.0002901
3715.0,0.0003378
3720.0,0.0005167
3725.0,0.0005595
3730.0,0.0003428
3735.0,0.0002382
3740.0,0.0003127
3745.0,0.0005246
3750.0,0.0003842
3755.0,0.0003438
3760.0,0.0002718
3765.0,0.0002713
3770.0,0.0003798
3775.0,0.0003693
3780.0,0.0004546
3785.0,0.0003109
3790.0,0.0002069
3795.0,0.0003719
3800.0,0.000538
3805.0,0.0004377
3810.0,0.000251
3815.0,0.0002389
3820.0,0.0005232
3825.0,0.0005054
3830.0,0.0005338
3835.0,0.0001936
3840.0,0.0003791
3845.0,0.0003205
3850.0,0.0003327
3855.0,0.0002748
3860.0,0.0001702
3865.0,0.0001665
3870.0,8.527e-05
3875.0,4.578e-05
3880.0,3.442e-05
3885.0,4.479e-05
3890.0,5.057e-05
3895.0,0.0001019
3900.0,0.000183
3905.0,0.0001708
3910.0,7.543e-05
3915.0,6.491e-05
3920.0,6.699e-05
3925.0,6.193e-05
3930.0,7.978e-05
3935.0,0.0001126
3940.0,0.0001263
3945.0,0.0001502
3950.0,0.0001781
3955.0,0.0001984
3960.0,0.0002162
3965.0,0.0002324
3970.0,0.0002202
3975.0,0.0001868
3980.0,0.0001738
3985.0,0.0001873
3990.0,0.0001762
3995.0,0.0001554
4000.0,0.0001356
